Address,Port,Packets,Bytes,Total Packets,Percent Filtered,Tx Packets,Tx Bytes,Rx Packets,Rx Bytes
"192.168.1.177",56144,21,1251,0,0,11,603,10,648
"192.229.221.95",80,109,12729,0,0,50,7347,59,5382
"192.168.1.177",55971,5505,1122163,0,0,2152,343809,3353,778354
"35.186.224.17",443,8917,1828034,0,0,5162,970725,3755,857309
"192.168.1.177",56165,13,767,0,0,7,383,6,384
"216.58.211.227",80,229,29403,0,0,107,16499,122,12904
"192.168.1.177",56146,39,3636,0,0,20,1530,19,2106
"62.183.170.50",80,370,36457,0,0,174,20849,196,15608
"40.101.1.15",443,1,54,0,0,1,54,0,0
"192.168.1.177",56111,1,54,0,0,0,0,1,54
"216.58.210.138",443,8723,35352010,0,0,5781,35118467,2942,233543
"192.168.1.177",55945,1894,195976,0,0,782,72001,1112,123975
"2001:14ba:a051:8c00:61b5:31a4:d1f8:cc83",56245,5,430,0,0,5,430,0,0
"2606:4700:20::ac43:4b27",443,5,430,0,0,0,0,5,430
"192.168.1.177",49819,800,56400,0,0,400,28600,400,27800
"35.186.224.41",443,1620,117695,0,0,810,58140,810,59555
"192.168.1.177",56214,20,2901,0,0,12,1277,8,1624
"157.240.205.60",443,1557,199693,0,0,789,115801,768,83892
"192.168.1.177",55686,196,52436,0,0,83,10074,113,42362
"35.186.224.25",443,3895,813760,0,0,2096,380105,1799,433655
"192.168.1.177",56186,13,767,0,0,7,383,6,384
"108.156.15.108",80,26,1534,0,0,12,768,14,766
"192.168.1.177",56188,13,767,0,0,7,383,6,384
"192.168.1.177",56153,37,3515,0,0,19,1475,18,2040
"162.254.198.44",27019,2341,243603,0,0,1173,162565,1168,81038
"192.168.1.177",52935,2341,243603,0,0,1168,81038,1173,162565
"2001:14ba:a051:8c00:61b5:31a4:d1f8:cc83",56237,1,86,0,0,1,86,0,0
"2600:1901:0:38d7::",80,19,1634,0,0,0,0,19,1634
"2001:14ba:a051:8c00:61b5:31a4:d1f8:cc83",56238,1,86,0,0,1,86,0,0
"192.168.1.177",55872,1492,351293,0,0,677,262896,815,88397
"192.168.1.177",56138,23,1372,0,0,12,658,11,714
"34.107.221.82",80,119,8714,0,0,55,4240,64,4474
"192.168.1.177",56137,23,1372,0,0,12,658,11,714
"192.168.1.177",56183,14,1014,0,0,8,573,6,441
"192.168.1.62",50496,8,531,0,0,5,357,3,174
"192.168.1.177",7680,952,63189,0,0,357,20706,595,42483
"192.168.1.177",49717,313,46393,0,0,208,22296,105,24097
"20.199.120.151",443,313,46393,0,0,105,24097,208,22296
"192.168.1.177",55967,6,410,0,0,3,163,3,247
"192.168.1.177",55968,10,684,0,0,5,273,5,411
"192.168.1.177",56195,1122,124075,0,0,550,56410,572,67665
"192.168.1.177",56247,56,16767,0,0,24,2877,32,13890
"40.114.177.156",443,725,393455,0,0,427,353583,298,39872
"192.168.1.177",55972,9,629,0,0,4,218,5,411
"192.168.1.177",56248,840,225957,0,0,291,41125,549,184832
"34.120.52.64",443,5359,2236640,0,0,3368,1962339,1991,274301
"2001:14ba:a051:8c00:61b5:31a4:d1f8:cc83",56249,5,430,0,0,5,430,0,0
"2a00:1450:4026:808::2003",80,5,430,0,0,0,0,5,430
"192.168.1.177",56250,44,6061,0,0,23,2620,21,3441
"192.168.1.177",56148,96,16478,0,0,44,11003,52,5475
"34.120.208.123",443,741,150483,0,0,384,65359,357,85124
"2001:14ba:a051:8c00:61b5:31a4:d1f8:cc83",56251,5,430,0,0,5,430,0,0
"2606:4700:20::681a:bf0",443,5,430,0,0,0,0,5,430
"2001:14ba:a051:8c00:61b5:31a4:d1f8:cc83",56252,2,172,0,0,2,172,0,0
"2001:67c:4e8:f004::9",443,29,2494,0,0,0,0,29,2494
"192.168.1.177",56253,23,8582,0,0,11,1561,12,7021
"149.154.167.99",443,21965,16176550,0,0,10992,13988456,10973,2188094
"192.168.1.177",56254,24,4441,0,0,12,1092,12,3349
"192.124.249.22",80,104,24286,0,0,52,18848,52,5438
"192.168.1.177",56256,25,8690,0,0,12,1615,13,7075
"192.168.1.177",56257,910,1704468,0,0,310,38319,600,1666149
"192.168.1.177",56258,28,7702,0,0,14,1627,14,6075
"192.168.1.177",56259,28,7702,0,0,14,1627,14,6075
"192.168.1.177",56160,3775,2371687,0,0,1803,2181677,1972,190010
"35.186.227.140",443,10797,5796606,0,0,5779,564825,5018,5231781
"192.168.1.177",49861,820,61295,0,0,410,30955,410,30340
"2001:14ba:a051:8c00:61b5:31a4:d1f8:cc83",56260,1,86,0,0,1,86,0,0
"2001:14ba:a051:8c00:61b5:31a4:d1f8:cc83",56261,1,86,0,0,1,86,0,0
"192.168.1.177",56262,37,10109,0,0,19,2434,18,7675
"192.168.1.177",56263,39,10283,0,0,20,2500,19,7783
"2001:14ba:a051:8c00:61b5:31a4:d1f8:cc83",56264,5,430,0,0,5,430,0,0
"192.168.1.177",56227,26,3918,0,0,14,1560,12,2358
"213.141.122.228",443,26,3918,0,0,12,2358,14,1560
"192.168.1.177",56265,22,8533,0,0,10,1512,12,7021
"192.168.1.177",49796,300,28191,0,0,183,19970,117,8221
"34.158.0.131",80,300,28191,0,0,117,8221,183,19970
"2001:14ba:a051:8c00:61b5:31a4:d1f8:cc83",56267,5,430,0,0,5,430,0,0
"192.168.1.177",56268,13706,3589343,0,0,7114,1043271,6592,2546072
"2001:14ba:a051:8c00:61b5:31a4:d1f8:cc83",56269,5,430,0,0,5,430,0,0
"192.168.1.177",56270,20,8437,0,0,10,1514,10,6923
"2001:14ba:a051:8c00:61b5:31a4:d1f8:cc83",56273,5,430,0,0,5,430,0,0
"192.168.1.177",56274,22,8545,0,0,11,1568,11,6977
"192.168.1.177",56275,203,37669,0,0,83,12905,120,24764
"2001:14ba:a051:8c00:61b5:31a4:d1f8:cc83",56276,1,86,0,0,1,86,0,0
"2a01:4f8:c010:1ef1::1",443,2,172,0,0,0,0,2,172
"2001:14ba:a051:8c00:61b5:31a4:d1f8:cc83",56277,1,86,0,0,1,86,0,0
"192.168.1.177",56278,7,402,0,0,4,228,3,174
"192.168.1.177",56279,747,220162,0,0,350,116675,397,103487
"162.55.83.113",443,1297,345550,0,0,682,178889,615,166661
"192.168.1.177",56280,19,6742,0,0,9,1441,10,5301
"192.168.1.177",55696,151,45755,0,0,74,35207,77,10548
"192.168.1.177",56281,57,33870,0,0,22,2877,35,30993
"34.117.138.150",443,201,79888,0,0,109,67167,92,12721
"192.168.1.177",56143,11,735,0,0,6,426,5,309
"34.117.14.220",443,11,735,0,0,5,309,6,426
"192.168.1.177",56142,11,763,0,0,6,447,5,316
"34.160.144.191",443,96,24237,0,0,50,18907,46,5330
"192.168.1.177",56133,11,735,0,0,6,426,5,309
"34.117.237.239",443,237,33414,0,0,112,13682,125,19732
"192.168.1.177",56139,11,735,0,0,6,426,5,309
"34.117.65.55",443,127,17686,0,0,73,10911,54,6775
"192.168.1.177",56150,11,735,0,0,6,426,5,309
"34.149.100.209",443,182,99232,0,0,96,90152,86,9080
"192.168.1.177",56152,11,735,0,0,6,426,5,309
"34.110.207.168",443,591,95768,0,0,285,35727,306,60041
"192.168.1.177",56154,11,735,0,0,6,426,5,309
"34.107.141.31",443,11,735,0,0,5,309,6,426
"192.168.1.177",56147,11,763,0,0,6,447,5,316
"35.244.181.201",443,58,8959,0,0,28,6025,30,2934
"192.168.1.177",56132,9,655,0,0,6,447,3,208
"18.165.122.14",443,9,655,0,0,3,208,6,447
"2001:14ba:a051:8c00:61b5:31a4:d1f8:cc83",56283,1,86,0,0,1,86,0,0
"2a04:4e42:3a::760",443,16,1376,0,0,0,0,16,1376
"2001:14ba:a051:8c00:61b5:31a4:d1f8:cc83",56284,1,86,0,0,1,86,0,0
"2001:14ba:a051:8c00:61b5:31a4:d1f8:cc83",56285,1,86,0,0,1,86,0,0
"2001:14ba:a051:8c00:61b5:31a4:d1f8:cc83",56286,1,86,0,0,1,86,0,0
"192.168.1.177",56168,10,705,0,0,6,426,4,279
"159.69.148.181",443,10,705,0,0,4,279,6,426
"2001:14ba:a051:8c00:61b5:31a4:d1f8:cc83",56287,1,86,0,0,1,86,0,0
"192.168.1.177",56288,44,21974,0,0,20,2389,24,19585
"151.101.246.248",443,4899,26097792,0,0,3156,25952127,1743,145665
"192.168.1.177",56289,45,22260,0,0,21,2443,24,19817
"192.168.1.177",56290,52,28194,0,0,22,2497,30,25697
"192.168.1.177",56291,54,29066,0,0,22,2497,32,26569
"192.168.1.177",56292,23,2093,0,0,11,1180,12,913
"192.168.1.177",56293,23,9847,0,0,12,2693,11,7154
"192.168.1.177",56191,9,627,0,0,6,426,3,201
"172.64.154.86",443,9,627,0,0,3,201,6,426
"192.168.1.177",56185,9,627,0,0,6,426,3,201
"108.156.22.78",443,19,1308,0,0,7,456,12,852
"192.168.1.177",56184,10,681,0,0,6,426,4,255
"192.168.1.177",56190,11,735,0,0,6,426,5,309
"3.214.211.112",443,11,735,0,0,5,309,6,426
"192.168.1.177",56193,5,362,0,0,2,154,3,208
"13.107.213.53",443,37,11086,0,0,20,9209,17,1877
"192.168.1.177",56172,9,627,0,0,6,426,3,201
"104.18.37.228",443,46,13959,0,0,20,7284,26,6675
"192.168.1.177",56294,20,8815,0,0,9,1903,11,6912
"192.168.1.62",50508,8,531,0,0,5,357,3,174
"192.168.1.177",56296,23,9851,0,0,12,2697,11,7154
"150.171.22.254",443,1,54,0,0,1,54,0,0
"192.168.1.177",56164,1,54,0,0,0,0,1,54
"13.107.6.254",443,1,54,0,0,1,54,0,0
"192.168.1.177",56169,1,54,0,0,0,0,1,54
"192.168.1.177",56298,22,9797,0,0,11,2643,11,7154
"192.168.1.177",56177,1,54,0,0,0,0,1,54
"192.168.1.177",50062,20,2452,0,0,12,1008,8,1444
"195.148.124.36",80,3040,21180134,0,0,2327,21130660,713,49474
"13.107.246.53",443,10,617,0,0,2,185,8,432
"192.168.1.177",56243,10,617,0,0,8,432,2,185
"192.168.1.177",50064,2867,10678105,0,0,522,36856,2345,10641249
"188.166.241.168",80,5477,21345668,0,0,4304,21261153,1173,84515
"52.108.8.254",443,31,10434,0,0,19,8540,12,1894
"192.168.1.177",56221,1,54,0,0,0,0,1,54
"52.97.200.146",443,1,54,0,0,1,54,0,0
"192.168.1.177",56216,1,54,0,0,0,0,1,54
"192.168.1.62",50531,8,531,0,0,5,357,3,174
"104.123.68.49",443,10,571,0,0,2,139,8,432
"192.168.1.177",56217,10,571,0,0,8,432,2,139
"20.189.173.9",443,1,54,0,0,1,54,0,0
"192.168.1.177",56219,1,54,0,0,0,0,1,54
"192.168.1.177",56304,326,1069336,0,0,105,13921,221,1055415
"2001:14ba:a051:8c00:61b5:31a4:d1f8:cc83",56305,5,430,0,0,5,430,0,0
"2001:b28:f23f:9::852:438",443,5,430,0,0,0,0,5,430
"192.168.1.177",56307,36,21389,0,0,17,3469,19,17920
"192.168.1.177",56308,52,38822,0,0,22,3432,30,35390
"149.154.170.200",443,432,1401286,0,0,259,1377661,173,23625
"62.165.159.17",443,10,571,0,0,2,139,8,432
"192.168.1.177",56241,10,571,0,0,8,432,2,139
"204.79.197.222",443,26,10077,0,0,15,7758,11,2319
"192.168.1.177",56179,1,54,0,0,0,0,1,54
"104.123.68.50",443,10,571,0,0,2,139,8,432
"192.168.1.177",56187,10,571,0,0,8,432,2,139
"13.107.18.254",443,1,54,0,0,1,54,0,0
"192.168.1.177",56224,1,54,0,0,0,0,1,54
"192.168.1.177",56311,22,8058,0,0,8,1463,14,6595
"192.168.1.62",50541,8,531,0,0,5,357,3,174
"152.199.19.161",443,11,689,0,0,3,257,8,432
"192.168.1.177",56223,11,689,0,0,8,432,3,257
"192.168.1.62",50551,8,531,0,0,5,357,3,174
"2001:14ba:a051:8c00:61b5:31a4:d1f8:cc83",56317,5,430,0,0,5,430,0,0
"2a05:d014:58f:6202::64",80,15,1290,0,0,0,0,15,1290
"2001:14ba:a051:8c00:61b5:31a4:d1f8:cc83",56320,5,430,0,0,5,430,0,0
"2a05:d014:58f:6201::64",80,20,1720,0,0,0,0,20,1720
"192.168.1.62",50583,8,531,0,0,5,357,3,174
"192.168.1.177",56323,10,5853,0,0,5,1563,5,4290
"192.168.1.177",56324,10,5853,0,0,5,1563,5,4290
"192.168.1.177",56325,15,1268,0,0,8,553,7,715
"3.70.101.28",80,45,3804,0,0,21,2145,24,1659
"192.168.1.177",56326,24,6428,0,0,13,1326,11,5102
"3.70.101.28",443,76,19502,0,0,35,15416,41,4086
"192.168.1.177",56327,32,4653,0,0,17,2758,15,1895
"192.168.1.177",56149,43,2974,0,0,16,1226,27,1748
"192.168.1.177",56329,34,10824,0,0,17,3332,17,7492
"62.165.155.56",443,125,39636,0,0,64,28320,61,11316
"192.168.1.177",56330,32,10102,0,0,16,2951,16,7151
"192.168.1.177",56331,32,10095,0,0,15,2890,17,7205
"192.168.1.177",56333,2326,292168,0,0,897,129110,1429,163058
"192.168.1.62",50588,8,531,0,0,5,357,3,174
"192.168.1.62",50598,8,531,0,0,5,357,3,174
"2001:14ba:a051:8c00:61b5:31a4:d1f8:cc83",56338,1,86,0,0,1,86,0,0
"2600:1901:1:c36::",443,38,3268,0,0,0,0,38,3268
"2001:14ba:a051:8c00:61b5:31a4:d1f8:cc83",56339,1,86,0,0,1,86,0,0
"2001:14ba:a051:8c00:61b5:31a4:d1f8:cc83",56340,1,86,0,0,1,86,0,0
"192.168.1.177",56341,379,42750,0,0,175,17110,204,25640
"192.168.1.177",56342,22,2675,0,0,11,1255,11,1420
"192.168.1.177",56346,40,10812,0,0,21,3137,19,7675
"192.168.1.62",50611,8,531,0,0,5,357,3,174
"192.168.1.62",50627,8,531,0,0,5,357,3,174
"192.168.1.177",56353,28,4005,0,0,15,2416,13,1589
"192.168.1.62",50652,8,531,0,0,5,357,3,174
"192.168.1.62",50674,8,531,0,0,5,357,3,174
"192.168.1.62",50688,8,531,0,0,5,357,3,174
"192.168.1.177",56364,14,6002,0,0,7,1063,7,4939
"95.216.67.183",443,80,23512,0,0,43,17982,37,5530
"2001:14ba:a051:8c00:61b5:31a4:d1f8:cc83",56365,1,86,0,0,1,86,0,0
"2a01:4f8:271:134e::2",443,3,258,0,0,0,0,3,258
"192.168.1.177",56366,32,3218,0,0,17,1375,15,1843
"2001:14ba:a051:8c00:61b5:31a4:d1f8:cc83",56368,1,86,0,0,1,86,0,0
"2001:14ba:a051:8c00:61b5:31a4:d1f8:cc83",56369,1,86,0,0,1,86,0,0
"192.168.1.177",56370,1299,244145,0,0,560,71330,739,172815
"192.168.1.177",56371,42,4002,0,0,21,1805,21,2197
"2001:14ba:a051:8c00:61b5:31a4:d1f8:cc83",56373,1,86,0,0,1,86,0,0
"2a03:2880:f213:c3:face:b00c:0:167",443,7,602,0,0,0,0,7,602
"2001:14ba:a051:8c00:61b5:31a4:d1f8:cc83",56374,1,86,0,0,1,86,0,0
"192.168.1.177",56375,41,10025,0,0,22,4669,19,5356
"192.168.1.177",56376,21,5567,0,0,10,1491,11,4076
"192.168.1.177",56378,36,12131,0,0,19,6045,17,6086
"20.42.65.89",443,36,12131,0,0,17,6086,19,6045
"192.168.1.62",50694,8,531,0,0,5,357,3,174
"192.168.1.177",56381,37,6624,0,0,19,4038,18,2586
"192.168.1.62",50724,8,531,0,0,5,357,3,174
"192.168.1.62",50755,8,531,0,0,5,357,3,174
"192.168.1.177",56388,39,10780,0,0,20,3083,19,7697
"192.168.1.62",50770,8,531,0,0,5,357,3,174
"192.168.1.177",50152,3550,3744059,0,0,2451,3670880,1099,73179
"192.168.1.177",50076,94355,120370303,0,0,78814,119308622,15541,1061681
"2001:14ba:a051:8c00:61b5:31a4:d1f8:cc83",56396,1,86,0,0,1,86,0,0
"2001:14ba:a051:8c00:61b5:31a4:d1f8:cc83",56397,1,86,0,0,1,86,0,0
"192.168.1.177",56398,776,258297,0,0,388,220140,388,38157
"192.168.1.177",56399,42,4002,0,0,21,1805,21,2197
"192.168.1.62",50788,8,531,0,0,5,357,3,174
"192.168.1.177",56405,979,274977,0,0,397,220719,582,54258
"192.168.1.62",50799,8,531,0,0,5,357,3,174
"192.168.1.62",50809,8,531,0,0,5,357,3,174
"192.168.1.62",50825,8,531,0,0,5,357,3,174
"192.168.1.177",56416,88,14353,0,0,39,6149,49,8204
"192.168.1.62",50828,8,531,0,0,5,357,3,174
"192.168.1.177",56418,34,8637,0,0,15,2288,19,6349
"2001:14ba:a051:8c00:61b5:31a4:d1f8:cc83",56419,1,86,0,0,1,86,0,0
"192.168.1.62",50843,8,531,0,0,5,357,3,174
"192.168.1.177",56425,61,10904,0,0,29,6645,32,4259
"192.168.1.177",56428,37,10650,0,0,18,2975,19,7675
"192.168.1.62",50873,8,531,0,0,5,357,3,174
"192.168.1.62",50885,8,531,0,0,5,357,3,174
"2001:14ba:a051:8c00:61b5:31a4:d1f8:cc83",56433,5,430,0,0,5,430,0,0
"192.168.1.177",56434,11,5288,0,0,5,944,6,4344
"192.168.1.177",56435,5,330,0,0,1,66,4,264
"192.168.1.177",56436,32,7705,0,0,14,2005,18,5700
"192.168.1.177",56437,127,176721,0,0,39,7171,88,169550
"140.177.50.10",443,466,852296,0,0,308,824968,158,27328
"192.168.1.177",56438,24,4441,0,0,12,1092,12,3349
"192.168.1.177",56439,68,215505,0,0,24,3273,44,212232
"192.168.1.177",56440,64,119605,0,0,22,4227,42,115378
"192.168.1.177",56441,57,121715,0,0,20,3408,37,118307
"192.168.1.177",56442,64,95745,0,0,24,4138,40,91607
"192.168.1.177",56443,86,123005,0,0,29,5111,57,117894
"2001:14ba:a051:8c00:61b5:31a4:d1f8:cc83",56446,5,430,0,0,5,430,0,0
"192.168.1.62",50898,8,531,0,0,5,357,3,174
"192.168.1.177",56449,15,1268,0,0,8,553,7,715
"192.168.1.177",56450,26,6536,0,0,14,1380,12,5156
"192.168.1.177",56452,28,4005,0,0,15,2416,13,1589
"192.168.1.177",56455,31,27944,0,0,16,6258,15,21686
"157.124.1.11",443,535,389968,0,0,292,283418,243,106550
"2001:14ba:a051:8c00:61b5:31a4:d1f8:cc83",56456,5,430,0,0,5,430,0,0
"2a02:26f0:1200:5ac::1b01",80,5,430,0,0,0,0,5,430
"192.168.1.177",56457,33,4342,0,0,17,1375,16,2967
"23.72.246.32",80,39,4690,0,0,18,3087,21,1603
"192.168.1.177",56458,4,252,0,0,1,66,3,186
"192.168.1.177",56459,116,75291,0,0,55,32746,61,42545
"192.168.1.177",56460,173,214609,0,0,66,35309,107,179300
"192.168.1.177",56461,56,20090,0,0,27,9254,29,10836
"192.168.1.177",56462,55,20080,0,0,28,9343,27,10737
"192.168.1.177",56463,56,20023,0,0,28,9275,28,10748
"192.168.1.177",56464,44,11679,0,0,22,4299,22,7380
"192.168.1.62",50930,8,531,0,0,5,357,3,174
"192.168.1.177",56466,6,348,0,0,4,228,2,120
"192.168.1.177",56468,91,21305,0,0,45,8076,46,13229
"192.168.1.62",50950,8,531,0,0,5,357,3,174
"192.168.1.177",56471,52,20265,0,0,29,3523,23,16742
"192.168.1.177",56473,68,136041,0,0,30,4203,38,131838
"192.168.1.177",56476,33,4707,0,0,17,2758,16,1949
"192.168.1.62",50957,8,531,0,0,5,357,3,174
"192.168.1.177",56479,38,10599,0,0,16,2804,22,7795
"192.168.1.177",56480,39,88856,0,0,14,3544,25,85312
"130.233.229.20",443,24869,42346129,0,0,6644,16981384,18225,25364745
"192.168.1.177",56481,22,5645,0,0,10,1093,12,4552
"192.168.1.177",56482,48,8249,0,0,24,5204,24,3045
"192.168.1.177",56483,7,462,0,0,1,66,6,396
"192.168.1.177",56484,40,10202,0,0,19,2450,21,7752
"52.85.49.37",443,40,10202,0,0,21,7752,19,2450
"2001:14ba:a051:8c00:61b5:31a4:d1f8:cc83",56485,1,86,0,0,1,86,0,0
"2a02:6ea0:c500::3",443,1,86,0,0,0,0,1,86
"192.168.1.177",56486,38,13506,0,0,19,2444,19,11062
"185.76.9.23",443,38,13506,0,0,19,11062,19,2444
"192.168.1.177",56487,17,5624,0,0,8,2839,9,2785
"192.168.1.177",56488,19,8025,0,0,10,3039,9,4986
"192.168.1.177",56489,77,72225,0,0,38,28565,39,43660
"130.233.224.114",443,128,124221,0,0,65,81658,63,42563
"2001:14ba:a051:8c00:61b5:31a4:d1f8:cc83",56491,5,430,0,0,5,430,0,0
"2603:1026:3000:108::4",443,5,430,0,0,0,0,5,430
"192.168.1.177",56492,103,90884,0,0,54,42498,49,48386
"20.190.181.0",443,117,96805,0,0,55,53001,62,43804
"192.168.1.177",56493,93,89052,0,0,55,43742,38,45310
"130.233.0.8",443,93,89052,0,0,38,45310,55,43742
"2001:14ba:a051:8c00:61b5:31a4:d1f8:cc83",56494,5,430,0,0,5,430,0,0
"2606:4700::6812:e65",80,5,430,0,0,0,0,5,430
"192.168.1.177",56495,32,3558,0,0,17,1382,15,2176
"104.18.15.101",80,38,3906,0,0,17,2296,21,1610
"192.168.1.177",56496,29,8981,0,0,13,2199,16,6782
"216.58.209.170",443,747,481797,0,0,435,426119,312,55678
"192.168.1.62",50968,8,531,0,0,5,357,3,174
"192.168.1.177",56498,51,51996,0,0,25,13998,26,37998
"192.168.1.177",56499,93,235333,0,0,48,36631,45,198702
"192.168.1.177",56500,7,462,0,0,1,66,6,396
"192.168.1.177",56501,7,462,0,0,1,66,6,396
"192.168.1.177",56502,7,462,0,0,1,66,6,396
"192.168.1.177",56503,33,57045,0,0,14,2950,19,54095
"2001:14ba:a051:8c00:61b5:31a4:d1f8:cc83",56505,5,430,0,0,5,430,0,0
"2603:1026:3000:110::2",443,5,430,0,0,0,0,5,430
"192.168.1.177",56506,6,348,0,0,4,228,2,120
"192.168.1.177",56508,64,234760,0,0,22,6076,42,228684
"192.168.1.177",56509,20,4526,0,0,10,3001,10,1525
"2001:14ba:a051:8c00:61b5:31a4:d1f8:cc83",56511,5,430,0,0,5,430,0,0
"2603:1026:3000:110::5",443,5,430,0,0,0,0,5,430
"192.168.1.62",50977,8,531,0,0,5,357,3,174
"192.168.1.177",56513,40,177971,0,0,18,4555,22,173416
"2001:14ba:a051:8c00:61b5:31a4:d1f8:cc83",56514,5,430,0,0,5,430,0,0
"2603:1026:3000:108::3",443,5,430,0,0,0,0,5,430
"192.168.1.177",56517,53,368331,0,0,22,3778,31,364553
"192.168.1.177",56518,14,5921,0,0,8,1306,6,4615
"2001:14ba:a051:8c00:61b5:31a4:d1f8:cc83",56519,1,86,0,0,1,86,0,0
"2a00:1450:4026:802::200e",443,1,86,0,0,0,0,1,86
"192.168.1.177",56520,39,11992,0,0,20,2873,19,9119
"216.58.209.174",443,153,41262,0,0,76,29607,77,11655
"192.168.1.177",56521,32,3035,0,0,17,1379,15,1656
"192.168.1.62",50987,8,531,0,0,5,357,3,174
"192.168.1.177",56523,66,12743,0,0,31,7178,35,5565
"192.168.1.177",56525,902,242493,0,0,433,135907,469,106586
"162.55.98.14",443,1150,300504,0,0,597,138970,553,161534
"192.168.1.177",50102,2558,10667609,0,0,619,45425,1939,10622184
"192.168.1.177",50110,30,3682,0,0,18,1514,12,2168
"192.168.1.62",51008,8,531,0,0,5,357,3,174
"192.168.1.177",56530,19,4419,0,0,10,2932,9,1487
"192.168.1.62",51011,8,531,0,0,5,357,3,174
"192.168.1.62",51019,8,531,0,0,5,357,3,174
"192.168.1.62",51031,8,531,0,0,5,357,3,174
"192.168.1.177",56544,76,197810,0,0,36,4998,40,192812
"192.168.1.62",51045,8,531,0,0,5,357,3,174
"192.168.1.177",56548,79,15517,0,0,36,5825,43,9692
"192.168.1.62",51083,8,531,0,0,5,357,3,174
"192.168.1.177",56555,37,10053,0,0,18,2356,19,7697
"192.168.1.62",51098,8,531,0,0,5,357,3,174
"192.168.1.62",51137,8,531,0,0,5,357,3,174
"192.168.1.177",56563,28,4005,0,0,15,2416,13,1589
"192.168.1.177",56564,56,9144,0,0,29,6016,27,3128
"192.168.1.177",56566,71,102691,0,0,23,4033,48,98658
"192.168.1.62",51153,8,531,0,0,5,357,3,174
"2001:14ba:a051:8c00:61b5:31a4:d1f8:cc83",56569,1,86,0,0,1,86,0,0
"2a02:26f0:5200::b81f:f89",443,3,258,0,0,0,0,3,258
"192.168.1.177",56570,32,12464,0,0,16,3626,16,8838
"2.22.244.241",443,32,12464,0,0,16,8838,16,3626
"192.168.1.62",51178,8,531,0,0,5,357,3,174
"192.168.1.62",51184,8,531,0,0,5,357,3,174
"2001:14ba:a051:8c00:61b5:31a4:d1f8:cc83",56576,1,86,0,0,1,86,0,0
"2a02:3d0:640:a000::",80,2,172,0,0,0,0,2,172
"192.168.1.177",56577,11,1152,0,0,6,618,5,534
"178.79.212.129",80,21,2251,0,0,9,1015,12,1236
"192.168.1.177",56581,35,8629,0,0,15,2295,20,6334
"40.114.178.124",443,791,2988267,0,0,478,2953960,313,34307
"192.168.1.62",51198,8,531,0,0,5,357,3,174
"192.168.1.177",56585,33,39254,0,0,16,3077,17,36177
"216.58.211.234",443,2997,11389162,0,0,1778,11245762,1219,143400
"192.168.1.177",56587,690,450679,0,0,260,34641,430,416038
"2001:14ba:a051:8c00:61b5:31a4:d1f8:cc83",56588,5,430,0,0,5,430,0,0
"192.168.1.177",56589,32,8241,0,0,17,2016,15,6225
"192.168.1.177",56590,18,7276,0,0,8,1399,10,5877
"192.168.1.177",56591,20,7384,0,0,9,1453,11,5931
"192.168.1.177",56592,20,7384,0,0,9,1453,11,5931
"192.168.1.177",56593,21,7438,0,0,10,1507,11,5931
"192.168.1.62",51210,8,531,0,0,5,357,3,174
"192.168.1.177",56595,23,7279,0,0,12,2178,11,5101
"40.127.240.158",443,23,7279,0,0,11,5101,12,2178
"2001:14ba:a051:8c00:61b5:31a4:d1f8:cc83",56597,5,430,0,0,5,430,0,0
"192.168.1.177",56598,40,10889,0,0,21,3160,19,7729
"192.168.1.177",56599,63,111689,0,0,23,3825,40,107864
"192.168.1.177",56602,15,1268,0,0,8,553,7,715
"192.168.1.177",56603,26,6538,0,0,14,1380,12,5158
"192.168.1.62",51217,8,531,0,0,5,357,3,174
"192.168.1.62",51240,8,531,0,0,5,357,3,174
"192.168.1.177",56609,14,3954,0,0,8,1407,6,2547
"192.168.1.177",50066,20,2454,0,0,12,1009,8,1445
"192.168.1.62",51248,8,531,0,0,5,357,3,174
"2001:14ba:a051:8c00:61b5:31a4:d1f8:cc83",56617,1,86,0,0,1,86,0,0
"2001:14b8:1800:303::3ea5:9f29",443,14,1204,0,0,0,0,14,1204
"2001:14ba:a051:8c00:61b5:31a4:d1f8:cc83",56618,1,86,0,0,1,86,0,0
"2001:14ba:a051:8c00:61b5:31a4:d1f8:cc83",56619,1,86,0,0,1,86,0,0
"2001:14ba:a051:8c00:61b5:31a4:d1f8:cc83",56620,1,86,0,0,1,86,0,0
"2001:14ba:a051:8c00:61b5:31a4:d1f8:cc83",56621,1,86,0,0,1,86,0,0
"2001:14ba:a051:8c00:61b5:31a4:d1f8:cc83",56622,1,86,0,0,1,86,0,0
"192.168.1.177",56623,129,287202,0,0,33,3578,96,283624
"62.165.159.8",443,405,653142,0,0,265,635666,140,17476
"192.168.1.177",56624,18,2270,0,0,8,1120,10,1150
"2001:14ba:a051:8c00:61b5:31a4:d1f8:cc83",56625,1,86,0,0,1,86,0,0
"2001:14ba:a051:8c00:61b5:31a4:d1f8:cc83",56626,1,86,0,0,1,86,0,0
"2001:14ba:a051:8c00:61b5:31a4:d1f8:cc83",56627,1,86,0,0,1,86,0,0
"2001:14ba:a051:8c00:61b5:31a4:d1f8:cc83",56628,1,86,0,0,1,86,0,0
"2001:14ba:a051:8c00:61b5:31a4:d1f8:cc83",56629,1,86,0,0,1,86,0,0
"192.168.1.177",56630,33,16297,0,0,15,2063,18,14234
"192.168.1.177",56631,50,39285,0,0,19,3231,31,36054
"192.168.1.177",56632,37,42453,0,0,17,2249,20,40204
"192.168.1.177",56633,21,1972,0,0,10,1125,11,847
"192.168.1.177",56634,21,1971,0,0,10,1124,11,847
"2001:14ba:a051:8c00:61b5:31a4:d1f8:cc83",56636,1,86,0,0,1,86,0,0
"2001:14b8:1800:303::3ea5:9f08",443,14,1204,0,0,0,0,14,1204
"2001:14ba:a051:8c00:61b5:31a4:d1f8:cc83",56637,1,86,0,0,1,86,0,0
"2001:14ba:a051:8c00:61b5:31a4:d1f8:cc83",56638,1,86,0,0,1,86,0,0
"2001:14ba:a051:8c00:61b5:31a4:d1f8:cc83",56639,1,86,0,0,1,86,0,0
"2001:14ba:a051:8c00:61b5:31a4:d1f8:cc83",56640,1,86,0,0,1,86,0,0
"2001:14ba:a051:8c00:61b5:31a4:d1f8:cc83",56641,1,86,0,0,1,86,0,0
"2001:14ba:a051:8c00:61b5:31a4:d1f8:cc83",56642,1,86,0,0,1,86,0,0
"192.168.1.177",56643,225,402603,0,0,97,9199,128,393404
"62.165.159.41",443,528,989544,0,0,324,967054,204,22490
"2001:14ba:a051:8c00:61b5:31a4:d1f8:cc83",56644,1,86,0,0,1,86,0,0
"192.168.1.177",56645,38,23250,0,0,17,2376,21,20874
"192.168.1.177",56646,21,1971,0,0,10,1124,11,847
"192.168.1.62",51254,8,531,0,0,5,357,3,174
"2001:14ba:a051:8c00:61b5:31a4:d1f8:cc83",56647,1,86,0,0,1,86,0,0
"2001:14ba:a051:8c00:61b5:31a4:d1f8:cc83",56648,1,86,0,0,1,86,0,0
"2001:14ba:a051:8c00:61b5:31a4:d1f8:cc83",56649,1,86,0,0,1,86,0,0
"192.168.1.177",56650,89,275115,0,0,29,2828,60,272287
"2001:14ba:a051:8c00:61b5:31a4:d1f8:cc83",56651,1,86,0,0,1,86,0,0
"192.168.1.177",56652,4329,25587949,0,0,1500,116291,2829,25471658
"192.168.1.177",56653,21,1971,0,0,10,1124,11,847
"192.168.1.177",56654,21,1971,0,0,10,1124,11,847
"192.168.1.62",51264,8,531,0,0,5,357,3,174
"2001:14ba:a051:8c00:61b5:31a4:d1f8:cc83",56659,5,430,0,0,5,430,0,0
"2001:b28:f23d:8007::805:532",443,10,860,0,0,0,0,10,860
"192.168.1.177",56660,56,47910,0,0,20,3310,36,44600
"149.154.174.200",443,191,253380,0,0,116,240178,75,13202
"192.168.1.177",56663,16,2861,0,0,8,1854,8,1007
"192.168.1.62",51306,8,531,0,0,5,357,3,174
"192.168.1.177",56667,32,4653,0,0,17,2758,15,1895
"192.168.1.177",56669,42,11053,0,0,23,3307,19,7746
"192.168.1.177",56670,43,38167,0,0,20,3679,23,34488
"192.168.1.62",51325,8,531,0,0,5,357,3,174
"192.168.1.62",51341,8,531,0,0,5,357,3,174
"2001:14ba:a051:8c00:61b5:31a4:d1f8:cc83",56678,1,86,0,0,1,86,0,0
"2001:14ba:a051:8c00:61b5:31a4:d1f8:cc83",56679,1,86,0,0,1,86,0,0
"192.168.1.177",56680,91,252122,0,0,24,2386,67,249736
"2001:14ba:a051:8c00:61b5:31a4:d1f8:cc83",56681,1,86,0,0,1,86,0,0
"192.168.1.177",56682,18,2270,0,0,8,1120,10,1150
"2001:14ba:a051:8c00:61b5:31a4:d1f8:cc83",56683,1,86,0,0,1,86,0,0
"192.168.1.177",56684,42,87176,0,0,15,2060,27,85116
"192.168.1.177",56685,18,2270,0,0,8,1120,10,1150
"192.168.1.62",51356,8,531,0,0,5,357,3,174
"192.168.1.62",51363,8,531,0,0,5,357,3,174
"192.168.1.177",56694,42,9849,0,0,21,3633,21,6216
"192.168.1.62",51366,8,531,0,0,5,357,3,174
"192.168.1.177",56698,41,27596,0,0,15,2832,26,24764
"192.168.1.62",51391,8,531,0,0,5,357,3,174
"2001:14ba:a051:8c00:61b5:31a4:d1f8:cc83",56700,1,86,0,0,1,86,0,0
"2600:1901:1:81::",443,6,516,0,0,0,0,6,516
"2001:14ba:a051:8c00:61b5:31a4:d1f8:cc83",56701,1,86,0,0,1,86,0,0
"192.168.1.177",56702,1669,314016,0,0,802,226947,867,87069
"192.168.1.177",56703,14,2206,0,0,8,1092,6,1114
"192.168.1.177",56705,38,28585,0,0,17,3517,21,25068
"192.168.1.62",51405,8,531,0,0,5,357,3,174
"192.168.1.177",56709,238,71359,0,0,123,41416,115,29943
"94.130.182.214",443,238,71359,0,0,115,29943,123,41416
"2001:14ba:a051:8c00:61b5:31a4:d1f8:cc83",56712,1,86,0,0,1,86,0,0
"2001:14ba:a051:8c00:61b5:31a4:d1f8:cc83",56713,1,86,0,0,1,86,0,0
"2001:14ba:a051:8c00:61b5:31a4:d1f8:cc83",56714,1,86,0,0,1,86,0,0
"192.168.1.177",56715,60,152665,0,0,19,2116,41,150549
"2001:14ba:a051:8c00:61b5:31a4:d1f8:cc83",56716,1,86,0,0,1,86,0,0
"192.168.1.177",56717,18,2270,0,0,8,1120,10,1150
"192.168.1.177",56718,41,51785,0,0,13,1953,28,49832
"192.168.1.177",56719,18,2270,0,0,8,1120,10,1150
"192.168.1.62",51421,8,531,0,0,5,357,3,174
"192.168.1.177",56722,524,157426,0,0,225,124225,299,33201
"192.168.1.177",56723,78,12454,0,0,41,8454,37,4000
"192.168.1.177",56725,1200,1305814,0,0,684,92614,516,1213200
"192.168.1.177",56726,50,51412,0,0,23,4104,27,47308
"192.168.1.62",51438,8,531,0,0,5,357,3,174
"192.168.1.177",56731,38,23443,0,0,21,11010,17,12433
"20.54.232.160",443,118,73028,0,0,53,42582,65,30446
"192.168.1.62",51454,8,531,0,0,5,357,3,174
"192.168.1.177",56734,37,24653,0,0,18,3571,19,21082
"192.168.1.177",56736,40,8866,0,0,20,2498,20,6368
"192.168.1.177",56737,24,7522,0,0,11,1575,13,5947
"142.132.209.32",443,150,42689,0,0,84,32346,66,10343
"192.168.1.177",56738,40,10380,0,0,17,2995,23,7385
"192.168.1.177",56739,25,7598,0,0,11,1575,14,6023
"192.168.1.177",56740,32,3217,0,0,17,1375,15,1842
"192.168.1.177",56741,32,3217,0,0,17,1375,15,1842
"192.168.1.177",56742,32,3217,0,0,17,1375,15,1842
"2001:14ba:a051:8c00:61b5:31a4:d1f8:cc83",56743,1,86,0,0,1,86,0,0
"2606:4700:4400::6812:2439",443,1,86,0,0,0,0,1,86
"192.168.1.177",56744,190,338572,0,0,71,12746,119,325826
"172.64.151.199",443,271,361779,0,0,157,342663,114,19116
"2001:14ba:a051:8c00:61b5:31a4:d1f8:cc83",56746,1,86,0,0,1,86,0,0
"2a01:4f8:c012:e655::1",443,4,344,0,0,0,0,4,344
"2001:14ba:a051:8c00:61b5:31a4:d1f8:cc83",56747,1,86,0,0,1,86,0,0
"192.168.1.177",56748,47,11468,0,0,23,4474,24,6994
"91.107.148.202",443,66,18223,0,0,33,12250,33,5973
"192.168.1.177",56749,19,6755,0,0,10,1499,9,5256
"192.168.1.177",56751,5,330,0,0,1,66,4,264
"192.168.1.177",56752,66,17474,0,0,29,3538,37,13936
"192.168.1.177",56753,163,133231,0,0,72,8221,91,125010
"192.168.1.177",56754,39,11658,0,0,15,2219,24,9439
"192.168.1.177",56755,32,21164,0,0,16,2647,16,18517
"20.103.36.96",443,63,35693,0,0,31,30680,32,5013
"192.168.1.62",51477,8,531,0,0,5,357,3,174
"192.168.1.177",56756,92,56905,0,0,45,5115,47,51790
"192.168.1.177",56757,22,6867,0,0,10,1522,12,5345
"192.168.1.177",56758,23,6921,0,0,10,1522,13,5399
"192.168.1.177",56759,22,6867,0,0,10,1522,12,5345
"192.168.1.177",56760,20,6759,0,0,10,1522,10,5237
"192.168.1.177",56761,23,6921,0,0,10,1522,13,5399
"192.168.1.177",56763,49,54220,0,0,24,5237,25,48983
"185.179.237.109",443,405,155592,0,0,222,103061,183,52531
"192.168.1.177",56764,18,4754,0,0,10,2409,8,2345
"2001:14ba:a051:8c00:61b5:31a4:d1f8:cc83",56765,1,86,0,0,1,86,0,0
"2a00:1450:4026:804::200a",443,9,774,0,0,0,0,9,774
"2001:14ba:a051:8c00:61b5:31a4:d1f8:cc83",56766,1,86,0,0,1,86,0,0
"2001:14ba:a051:8c00:61b5:31a4:d1f8:cc83",56767,1,86,0,0,1,86,0,0
"192.168.1.177",56768,19,7315,0,0,10,1494,9,5821
"192.168.1.177",56769,94,136452,0,0,36,4287,58,132165
"192.168.1.177",56770,17,7208,0,0,10,1494,7,5714
"192.168.1.177",56771,32,3033,0,0,17,1378,15,1655
"216.58.210.163",80,138,13153,0,0,64,7083,74,6070
"192.168.1.177",56772,32,3033,0,0,17,1378,15,1655
"192.168.1.177",56773,32,3033,0,0,17,1378,15,1655
"192.168.1.177",50114,30,2741,0,0,17,1566,13,1175
"195.148.124.36",5200,94375,120371816,0,0,15550,1062133,78825,119309683
"192.168.1.177",50074,1551,10589884,0,0,300,20839,1251,10569045
"192.168.1.177",50106,51,19496,0,0,27,3274,24,16222
"195.148.124.138",443,162,59447,0,0,73,49109,89,10338
"192.168.1.177",50142,10,1228,0,0,6,505,4,723
"192.168.1.177",50090,31,2829,0,0,17,1582,14,1247
"195.148.124.36",5204,25278,252557172,0,0,18569,252112157,6709,445015
"192.168.1.177",50100,25247,252554343,0,0,6692,443433,18555,252110910
"192.168.1.177",56775,36,8698,0,0,15,4565,21,4133
"192.168.1.177",56776,20,4909,0,0,9,2858,11,2051
"2001:14ba:a051:8c00:61b5:31a4:d1f8:cc83",56777,1,86,0,0,1,86,0,0
"2001:14ba:a051:8c00:61b5:31a4:d1f8:cc83",56778,1,86,0,0,1,86,0,0
"2001:14ba:a051:8c00:61b5:31a4:d1f8:cc83",56779,1,86,0,0,1,86,0,0
"192.168.1.177",56780,45,72815,0,0,18,2062,27,70753
"192.168.1.177",56781,19,2348,0,0,8,1132,11,1216
"2001:14ba:a051:8c00:61b5:31a4:d1f8:cc83",56782,1,86,0,0,1,86,0,0
"192.168.1.177",56783,42,82355,0,0,15,2048,27,80307
"192.168.1.177",56785,20,2402,0,0,9,1186,11,1216
"192.168.1.177",50144,20619,248935114,0,0,6020,399460,14599,248535654
"188.166.241.168",5208,3539,3742750,0,0,1094,72392,2445,3670358
"192.168.1.177",50060,29,10143,0,0,16,1796,13,8347
"192.168.1.177",56787,40,9481,0,0,18,5520,22,3961
"192.168.1.62",51497,8,531,0,0,5,357,3,174
"192.168.1.177",50096,32,2865,0,0,18,1645,14,1220
"188.166.241.168",5204,13972,118958263,0,0,10282,118708075,3690,250188
"192.168.1.177",50098,7714,53789601,0,0,1631,111067,6083,53678534
"192.168.1.177",50086,36,11063,0,0,20,2169,16,8894
"192.168.1.177",56790,46,11002,0,0,19,6185,27,4817
"192.168.1.62",51529,8,531,0,0,5,357,3,174
"192.168.1.177",56794,48,9158,0,0,23,5693,25,3465
"192.168.1.177",56796,37,11964,0,0,20,2956,17,9008
"2001:14ba:a051:8c00:61b5:31a4:d1f8:cc83",56799,5,430,0,0,5,430,0,0
"2a05:d014:58f:6200::64",80,15,1290,0,0,0,0,15,1290
"192.168.1.177",56800,41,23371,0,0,17,3677,24,19694
"192.168.1.62",51571,8,531,0,0,5,357,3,174
"2001:14ba:a051:8c00:61b5:31a4:d1f8:cc83",56802,5,430,0,0,5,430,0,0
"2a05:d014:275:cb01::c8",80,20,1720,0,0,0,0,20,1720
"192.168.1.177",56805,156,34791,0,0,73,14060,83,20731
"213.239.220.37",443,156,34791,0,0,83,20731,73,14060
"192.168.1.177",56806,15,1268,0,0,8,553,7,715
"3.72.140.173",80,45,3804,0,0,21,2145,24,1659
"192.168.1.177",56807,26,6536,0,0,14,1380,12,5156
"3.72.140.173",443,70,11266,0,0,32,7426,38,3840
"192.168.1.177",56808,272,559699,0,0,155,144128,117,415571
"192.168.1.177",56810,297,288246,0,0,237,277827,60,10419
"192.168.1.177",56811,195,180781,0,0,155,177299,40,3482
"2001:14ba:a051:8c00:61b5:31a4:d1f8:cc83",56812,1,86,0,0,1,86,0,0
"2001:14ba:a051:8c00:61b5:31a4:d1f8:cc83",56813,1,86,0,0,1,86,0,0
"192.168.1.177",56814,55,191467,0,0,22,2358,33,189109
"2001:14ba:a051:8c00:61b5:31a4:d1f8:cc83",56815,1,86,0,0,1,86,0,0
"192.168.1.177",56816,18,2270,0,0,8,1120,10,1150
"2001:14ba:a051:8c00:61b5:31a4:d1f8:cc83",56817,1,86,0,0,1,86,0,0
"192.168.1.177",56818,38,41856,0,0,15,2048,23,39808
"192.168.1.177",56819,18,2270,0,0,8,1120,10,1150
"192.168.1.62",51602,8,531,0,0,5,357,3,174
"192.168.1.62",51611,8,531,0,0,5,357,3,174
"192.168.1.177",56825,24,5738,0,0,14,2085,10,3653
"52.184.216.226",443,24,5738,0,0,10,3653,14,2085
"192.168.1.62",51638,8,531,0,0,5,357,3,174
"192.168.1.177",56832,29,5092,0,0,13,2774,16,2318
"192.168.1.177",56833,29,5091,0,0,13,2773,16,2318
"192.168.1.62",51657,8,531,0,0,5,357,3,174
"192.168.1.177",56838,22,6385,0,0,9,1575,13,4810
"185.136.68.153",443,110,32423,0,0,65,24050,45,8373
"192.168.1.62",51666,8,531,0,0,5,357,3,174
"192.168.1.177",56841,240,777119,0,0,59,8239,181,768880
"192.168.1.177",56843,101,221946,0,0,27,3717,74,218229
"192.168.1.177",56844,106,378706,0,0,41,5176,65,373530
"192.168.1.177",56846,37,6509,0,0,19,4021,18,2488
"192.168.1.62",51687,8,531,0,0,5,357,3,174
"192.168.1.177",56849,19,8619,0,0,9,1371,10,7248
"68.232.34.52",443,63,35004,0,0,35,30840,28,4164
"192.168.1.177",56850,22,6585,0,0,9,1775,13,4810
"192.168.1.177",56851,24,30089,0,0,14,8268,10,21821
"20.190.177.23",443,24,30089,0,0,10,21821,14,8268
"192.168.1.62",51720,8,531,0,0,5,357,3,174
"192.168.1.62",51727,8,531,0,0,5,357,3,174
"192.168.1.177",56857,22,6579,0,0,9,1769,13,4810
"192.168.1.177",56859,10,1134,0,0,6,620,4,514
"192.168.1.62",51736,8,531,0,0,5,357,3,174
"192.168.1.177",56863,33,4707,0,0,17,2758,16,1949
"192.168.1.62",51747,8,531,0,0,5,357,3,174
"192.168.1.177",56869,21,5511,0,0,11,1919,10,3592
"52.184.217.20",443,42,11083,0,0,19,7191,23,3892
"192.168.1.62",51750,8,531,0,0,5,357,3,174
"192.168.1.177",56874,36,9999,0,0,19,2410,17,7589
"2001:14ba:a051:8c00:61b5:31a4:d1f8:cc83",56875,1,86,0,0,1,86,0,0
"2001:14ba:a051:8c00:61b5:31a4:d1f8:cc83",56876,1,86,0,0,1,86,0,0
"192.168.1.177",56877,53,6573,0,0,26,3054,27,3519
"192.168.1.177",56878,42,3997,0,0,21,1800,21,2197
"192.168.1.62",51767,8,531,0,0,5,357,3,174
"192.168.1.177",50154,92619,116150375,0,0,75991,115024571,16628,1125804
"192.168.1.177",50156,6203,65164079,0,0,2029,136336,4174,65027743
"192.168.1.177",56885,31,8788,0,0,14,2881,17,5907
"20.189.173.18",443,31,8788,0,0,17,5907,14,2881
"192.168.1.62",51781,8,531,0,0,5,357,3,174
"2001:14ba:a051:8c00:61b5:31a4:d1f8:cc83",56888,5,430,0,0,5,430,0,0
"2a02:26f0:41::216:1f93",443,5,430,0,0,0,0,5,430
"192.168.1.62",51785,8,531,0,0,5,357,3,174
"2001:14ba:a051:8c00:61b5:31a4:d1f8:cc83",56892,5,430,0,0,5,430,0,0
"2a02:26f0:41::216:1f9b",443,5,430,0,0,0,0,5,430
"2001:14ba:a051:8c00:61b5:31a4:d1f8:cc83",56893,1,86,0,0,1,86,0,0
"2001:14ba:a051:8c00:61b5:31a4:d1f8:cc83",56894,1,86,0,0,1,86,0,0
"192.168.1.177",56895,37,6706,0,0,18,2450,19,4256
"2001:14ba:a051:8c00:61b5:31a4:d1f8:cc83",56896,1,86,0,0,1,86,0,0
"192.168.1.177",56897,26,3813,0,0,13,1567,13,2246
"2001:14ba:a051:8c00:61b5:31a4:d1f8:cc83",56898,1,86,0,0,1,86,0,0
"192.168.1.177",56899,37,5893,0,0,18,2620,19,3273
"192.168.1.177",56900,26,3878,0,0,13,1593,13,2285
"192.168.1.177",56903,29,32835,0,0,13,1277,16,31558
"104.84.152.10",443,29,32835,0,0,16,31558,13,1277
"192.168.1.177",56904,22,6449,0,0,9,1639,13,4810
"2001:14ba:a051:8c00:61b5:31a4:d1f8:cc83",56906,1,86,0,0,1,86,0,0
"2620:1ec:12::239",443,4,344,0,0,0,0,4,344
"2001:14ba:a051:8c00:61b5:31a4:d1f8:cc83",56908,1,86,0,0,1,86,0,0
"192.168.1.177",56910,30,10098,0,0,13,2208,17,7890
"204.79.197.239",443,105,43882,0,0,58,33002,47,10880
"192.168.1.177",56911,20,8236,0,0,9,1250,11,6986
"192.168.1.177",56912,95,25439,0,0,43,18465,52,6974
"192.168.1.177",56913,31,5672,0,0,17,3578,14,2094
"192.168.1.62",51794,8,531,0,0,5,357,3,174
"2001:14ba:a051:8c00:61b5:31a4:d1f8:cc83",56914,1,86,0,0,1,86,0,0
"2001:14ba:a051:8c00:61b5:31a4:d1f8:cc83",56915,1,86,0,0,1,86,0,0
"192.168.1.177",56916,34,17258,0,0,17,6226,17,11032
"2001:14ba:a051:8c00:61b5:31a4:d1f8:cc83",56917,1,86,0,0,1,86,0,0
"2a02:26f0:5200::17c9:2b89",443,2,172,0,0,0,0,2,172
"192.168.1.177",56918,21,8290,0,0,8,1196,13,7094
"2001:14ba:a051:8c00:61b5:31a4:d1f8:cc83",56919,1,86,0,0,1,86,0,0
"192.168.1.177",56920,32,6834,0,0,14,3724,18,3110
"95.101.142.225",443,50,9107,0,0,28,4260,22,4847
"192.168.1.177",56922,18,2273,0,0,8,1123,10,1150
"192.168.1.177",56925,68,64569,0,0,35,33325,33,31244
"72.25.64.8",443,68,64569,0,0,33,31244,35,33325
"192.168.1.177",56926,22,6425,0,0,9,1615,13,4810
"192.168.1.62",51806,8,531,0,0,5,357,3,174
"192.168.1.62",51809,8,531,0,0,5,357,3,174
"192.168.1.62",51819,8,531,0,0,5,357,3,174
"192.168.1.177",56939,40,10890,0,0,21,3176,19,7714
"192.168.1.62",51830,8,531,0,0,5,357,3,174
"192.168.1.177",56941,49,28747,0,0,18,3571,31,25176
"2001:14ba:a051:8c00:61b5:31a4:d1f8:cc83",56942,5,430,0,0,5,430,0,0
"2001:14ba:a051:8c00:61b5:31a4:d1f8:cc83",56945,5,430,0,0,5,430,0,0
"192.168.1.62",51834,8,531,0,0,5,357,3,174
"192.168.1.177",56948,15,1268,0,0,8,553,7,715
"192.168.1.177",56949,22,2365,0,0,12,1230,10,1135
"192.168.1.62",51847,8,531,0,0,5,357,3,174
"2001:14ba:a051:8c00:61b5:31a4:d1f8:cc83",56956,1,86,0,0,1,86,0,0
"2a02:26f0:1200:58d::21cc",80,1,86,0,0,0,0,1,86
"192.168.1.177",56957,10,1797,0,0,6,563,4,1234
"23.60.21.15",80,20,3177,0,0,8,2051,12,1126
"2001:14ba:a051:8c00:61b5:31a4:d1f8:cc83",56958,1,86,0,0,1,86,0,0
"2a02:26f0:1200:581::21cc",80,1,86,0,0,0,0,1,86
"192.168.1.177",56959,10,1380,0,0,6,563,4,817
"2001:14ba:a051:8c00:61b5:31a4:d1f8:cc83",56960,1,86,0,0,1,86,0,0
"2a00:1450:4026:805::2003",80,1,86,0,0,0,0,1,86
"192.168.1.177",56961,10,993,0,0,6,543,4,450
"2001:14ba:a051:8c00:61b5:31a4:d1f8:cc83",56962,1,86,0,0,1,86,0,0
"2001:1900:233b:1f00::1fe",80,1,86,0,0,0,0,1,86
"192.168.1.62",51871,8,531,0,0,5,357,3,174
"192.168.1.177",56963,12,1819,0,0,7,958,5,861
"93.184.221.240",80,12,1819,0,0,5,861,7,958
"2001:14ba:a051:8c00:61b5:31a4:d1f8:cc83",56965,1,86,0,0,1,86,0,0
"2a00:1450:4026:802::200a",443,12,1032,0,0,0,0,12,1032
"2001:14ba:a051:8c00:61b5:31a4:d1f8:cc83",56966,1,86,0,0,1,86,0,0
"192.168.1.177",56967,1477,156984,0,0,592,56150,885,100834
"192.168.1.177",56968,16,3169,0,0,9,1373,7,1796
"192.168.1.62",51878,8,531,0,0,5,357,3,174
"192.168.1.177",56974,4930,2785514,0,0,2342,2536443,2588,249071
"192.168.1.177",56975,47,7640,0,0,24,4863,23,2777
"192.168.1.177",56977,35,8607,0,0,16,2349,19,6258
"192.168.1.62",51889,8,531,0,0,5,357,3,174
"192.168.1.177",56978,32,7955,0,0,15,1901,17,6054
"192.168.1.177",56979,41,6022,0,0,17,3222,24,2800
"192.168.1.177",56980,88,84768,0,0,37,3846,51,80922
"192.168.1.177",56981,44,14093,0,0,19,2026,25,12067
"192.168.1.177",56982,22,6558,0,0,11,1149,11,5409
"34.117.121.53",443,69,19912,0,0,37,16487,32,3425
"192.168.1.177",56983,47,13354,0,0,21,2276,26,11078
"192.168.1.177",56984,32,3218,0,0,17,1375,15,1843
"192.168.1.177",56985,32,3218,0,0,17,1375,15,1843
"192.168.1.177",56987,29,10377,0,0,13,2915,16,7462
"192.168.1.177",56988,206,48911,0,0,97,22393,109,26518
"192.168.1.177",56990,93,24556,0,0,45,15888,48,8668
"192.168.1.62",51912,8,531,0,0,5,357,3,174
"192.168.1.177",56993,86,34334,0,0,45,6345,41,27989
"192.168.1.177",56994,827,3790945,0,0,226,25806,601,3765139
"192.168.1.177",56995,211,948104,0,0,87,10722,124,937382
"192.168.1.177",56997,51,173231,0,0,21,3293,30,169938
"192.168.1.177",57000,21,8615,0,0,11,1994,10,6621
"192.168.1.177",57001,38,9198,0,0,17,5156,21,4042
"192.168.1.62",51919,8,531,0,0,5,357,3,174
"192.168.1.177",57003,506,977112,0,0,312,379771,194,597341
"192.168.1.177",57005,40,10201,0,0,19,2450,21,7751
"52.85.49.34",443,77,20239,0,0,39,15339,38,4900
"192.168.1.177",57006,17,4419,0,0,9,3002,8,1417
"192.168.1.62",51930,8,531,0,0,5,357,3,174
"192.168.1.177",57011,32,8873,0,0,15,2179,17,6694
"2001:14ba:a051:8c00:61b5:31a4:d1f8:cc83",57012,1,86,0,0,1,86,0,0
"192.168.1.177",57013,42,9100,0,0,23,3234,19,5866
"192.168.1.177",57014,32,3217,0,0,17,1375,15,1842
"192.168.1.62",51942,8,531,0,0,5,357,3,174
"192.168.1.62",51947,8,531,0,0,5,357,3,174
"192.168.1.62",51955,8,531,0,0,5,357,3,174
"192.168.1.177",57026,108,22769,0,0,48,6104,60,16665
"192.168.1.62",51999,8,531,0,0,5,357,3,174
"192.168.1.177",57033,32,4653,0,0,17,2758,15,1895
"192.168.1.62",52010,8,531,0,0,5,357,3,174
"192.168.1.177",57036,181,26752,0,0,91,18349,90,8403
"192.168.1.177",57038,45,37491,0,0,24,3538,21,33953
"192.168.1.62",52018,8,531,0,0,5,357,3,174
"192.168.1.177",57043,33,8295,0,0,17,2016,16,6279
"192.168.1.62",52030,8,531,0,0,5,357,3,174
"192.168.1.62",52095,8,531,0,0,5,357,3,174
"192.168.1.62",52105,8,531,0,0,5,357,3,174
"192.168.1.177",57054,66,317721,0,0,27,3091,39,314630
"51.124.78.146",443,66,317721,0,0,39,314630,27,3091
"192.168.1.177",57055,19,8432,0,0,10,2510,9,5922
"54.214.185.83",443,19,8432,0,0,9,5922,10,2510
"192.168.1.177",57056,32,3067,0,0,17,1376,15,1691
"192.168.1.177",57057,36,70527,0,0,17,2229,19,68298
"34.120.158.37",443,657,2135460,0,0,414,2099044,243,36416
"2001:14ba:a051:8c00:61b5:31a4:d1f8:cc83",57058,5,430,0,0,5,430,0,0
"2001:14b8:1800:300::3eb7:aa32",80,5,430,0,0,0,0,5,430
"192.168.1.177",57059,32,3218,0,0,17,1375,15,1843
"192.168.1.177",57060,25,16129,0,0,13,2529,12,13600
"192.168.1.177",57061,25,6638,0,0,13,2535,12,4103
"192.168.1.177",57062,26,11429,0,0,13,2530,13,8899
"192.168.1.177",57063,28,8578,0,0,14,2590,14,5988
"192.168.1.177",57064,25,13304,0,0,13,2532,12,10772
"192.168.1.177",57065,26,19778,0,0,13,2528,13,17250
"192.168.1.177",57066,226,1530007,0,0,64,5285,162,1524722
"192.168.1.177",57067,141,438732,0,0,32,3557,109,435175
"192.168.1.177",57068,27,6642,0,0,13,2527,14,4115
"192.168.1.177",57069,25,4802,0,0,13,2543,12,2259
"192.168.1.177",57070,24,4427,0,0,12,2489,12,1938
"192.168.1.177",57071,23,4467,0,0,13,2542,10,1925
"192.168.1.177",57074,41,9096,0,0,20,2478,21,6618
"34.98.75.36",443,41,9096,0,0,21,6618,20,2478
"192.168.1.177",57075,32,3218,0,0,17,1375,15,1843
"2001:14ba:a051:8c00:61b5:31a4:d1f8:cc83",57076,1,86,0,0,1,86,0,0
"2600:1901:0:92a9::",443,1,86,0,0,0,0,1,86
"192.168.1.177",57077,41,9381,0,0,21,2857,20,6524
"192.168.1.62",52126,8,531,0,0,5,357,3,174
"192.168.1.177",57078,6,348,0,0,4,228,2,120
"192.168.1.177",57081,33,15306,0,0,15,2774,18,12532
"192.168.1.62",52136,8,531,0,0,5,357,3,174
"192.168.1.177",57086,244,51563,0,0,113,21662,131,29901
"192.168.1.62",52161,8,531,0,0,5,357,3,174
"2001:14ba:a051:8c00:61b5:31a4:d1f8:cc83",57089,5,430,0,0,5,430,0,0
"192.168.1.177",57090,38,10859,0,0,21,3199,17,7660
"192.168.1.177",57091,55,126507,0,0,27,4441,28,122066
"2001:14ba:a051:8c00:61b5:31a4:d1f8:cc83",57094,5,430,0,0,5,430,0,0
"192.168.1.62",52189,8,531,0,0,5,357,3,174
"192.168.1.177",57097,15,1268,0,0,8,553,7,715
"192.168.1.177",57098,22,2365,0,0,12,1230,10,1135
"192.168.1.177",57099,47,74045,0,0,22,3383,25,70662
"192.168.1.62",52229,8,531,0,0,5,357,3,174
"2001:14ba:a051:8c00:61b5:31a4:d1f8:cc83",57104,1,86,0,0,1,86,0,0
"2001:14ba:a051:8c00:61b5:31a4:d1f8:cc83",57106,1,86,0,0,1,86,0,0
"192.168.1.177",57107,489,53603,0,0,222,24742,267,28861
"192.168.1.177",57108,42,4002,0,0,21,1805,21,2197
"192.168.1.177",57109,77,79141,0,0,21,3717,56,75424
"192.168.1.62",52244,8,531,0,0,5,357,3,174
"192.168.1.177",57114,88,194042,0,0,38,5238,50,188804
"192.168.1.177",57115,69,211325,0,0,32,4519,37,206806
"192.168.1.62",52258,8,531,0,0,5,357,3,174
"2001:14ba:a051:8c00:61b5:31a4:d1f8:cc83",57119,1,86,0,0,1,86,0,0
"2001:14ba:a051:8c00:61b5:31a4:d1f8:cc83",57120,1,86,0,0,1,86,0,0
"192.168.1.177",57121,48,5604,0,0,24,3064,24,2540
"192.168.1.177",57122,28,3053,0,0,15,1477,13,1576
"192.168.1.177",57125,778,1130619,0,0,229,19779,549,1110840
"192.168.1.62",52268,8,531,0,0,5,357,3,174
"192.168.1.62",52280,8,531,0,0,5,357,3,174
"192.168.1.177",57135,50,11501,0,0,23,4961,27,6540
"192.168.1.62",52295,8,531,0,0,5,357,3,174
"192.168.1.177",57137,27,8615,0,0,13,2143,14,6472
"192.168.1.62",52306,8,531,0,0,5,357,3,174
"192.168.1.62",52328,8,531,0,0,5,357,3,174
"192.168.1.62",52344,8,531,0,0,5,357,3,174
"192.168.1.177",57148,37,10031,0,0,20,2464,17,7567
"192.168.1.62",52359,8,531,0,0,5,357,3,174
"192.168.1.177",57153,26,18561,0,0,14,7576,12,10985
"192.168.1.177",57154,125,133624,0,0,78,82474,47,51150
"192.168.1.177",57157,77,17306,0,0,37,5826,40,11480
"192.168.1.177",57159,102,247713,0,0,38,5466,64,242247
"192.168.1.177",57160,37,10038,0,0,19,2450,18,7588
"192.168.1.62",52368,8,531,0,0,5,357,3,174
"192.168.1.177",57161,17,4420,0,0,9,3003,8,1417
"192.168.1.177",57163,338,553455,0,0,261,370562,77,182893
"192.168.1.62",52396,8,531,0,0,5,357,3,174
"2001:14ba:a051:8c00:61b5:31a4:d1f8:cc83",57169,1,86,0,0,1,86,0,0
"2001:14ba:a051:8c00:61b5:31a4:d1f8:cc83",57170,1,86,0,0,1,86,0,0
"192.168.1.177",57171,209,49918,0,0,102,36337,107,13581
"192.168.1.177",57172,42,4002,0,0,21,1805,21,2197
"192.168.1.177",57173,36,6714,0,0,19,4029,17,2685
"192.168.1.177",57175,85,273247,0,0,36,5815,49,267432
"192.168.1.177",57176,49,25221,0,0,18,3571,31,21650
"192.168.1.177",57177,24,9174,0,0,11,4336,13,4838
"192.168.1.177",57178,19,4527,0,0,9,3002,10,1525
"192.168.1.62",52420,8,531,0,0,5,357,3,174
"192.168.1.177",57181,380,902864,0,0,277,371228,103,531636
"192.168.1.62",52542,8,531,0,0,5,357,3,174
"192.168.1.177",57186,42,9072,0,0,20,2109,22,6963
"192.168.1.177",57187,32,4653,0,0,17,2758,15,1895
"192.168.1.177",57192,42,11609,0,0,22,3472,20,8137
"192.168.1.177",57193,42,35409,0,0,20,3679,22,31730
"192.168.1.177",57197,64,262321,0,0,20,4735,44,257586
"192.168.1.177",57198,24,9177,0,0,11,4337,13,4840
"192.168.1.177",57199,17,4419,0,0,9,3002,8,1417
"192.168.1.177",57202,334,550363,0,0,259,367947,75,182416
"192.168.1.177",57203,85,114055,0,0,24,3895,61,110160
"192.168.1.177",57204,82,178633,0,0,26,4195,56,174438
"192.168.1.177",57206,17,4390,0,0,9,2973,8,1417
"2001:14ba:a051:8c00:61b5:31a4:d1f8:cc83",57208,1,86,0,0,1,86,0,0
"2a00:1450:4026:805::200e",443,18,1548,0,0,0,0,18,1548
"192.168.1.177",57209,1119,772988,0,0,411,198204,708,574784
"216.58.210.174",443,2303,1353263,0,0,1429,936910,874,416353
"192.168.1.177",57210,53,9902,0,0,29,4217,24,5685
"2001:14ba:a051:8c00:61b5:31a4:d1f8:cc83",57211,1,86,0,0,1,86,0,0
"2a00:1450:4026:802::2003",443,8,688,0,0,0,0,8,688
"2001:14ba:a051:8c00:61b5:31a4:d1f8:cc83",57212,1,86,0,0,1,86,0,0
"2a00:1450:4026:804::2001",443,2,172,0,0,0,0,2,172
"2001:14ba:a051:8c00:61b5:31a4:d1f8:cc83",57213,1,86,0,0,1,86,0,0
"2a00:1450:4026:805::2003",443,3,258,0,0,0,0,3,258
"2001:14ba:a051:8c00:61b5:31a4:d1f8:cc83",57214,1,86,0,0,1,86,0,0
"2a00:1450:4026:808::2003",443,8,688,0,0,0,0,8,688
"2001:14ba:a051:8c00:61b5:31a4:d1f8:cc83",57215,1,86,0,0,1,86,0,0
"2001:14ba:a051:8c00:61b5:31a4:d1f8:cc83",57216,1,86,0,0,1,86,0,0
"2001:14ba:a051:8c00:61b5:31a4:d1f8:cc83",57217,1,86,0,0,1,86,0,0
"192.168.1.177",57218,461,797715,0,0,149,40210,312,757505
"216.58.209.163",443,627,914646,0,0,391,856210,236,58436
"192.168.1.177",57219,47,32840,0,0,21,2784,26,30056
"216.58.210.129",443,2185,7868658,0,0,1150,7780399,1035,88259
"192.168.1.177",57220,83,27305,0,0,35,4058,48,23247
"216.58.211.227",443,717,300509,0,0,422,245954,295,54555
"192.168.1.177",57221,38,9923,0,0,18,2420,20,7503
"192.168.1.177",57222,71,59280,0,0,25,3157,46,56123
"192.168.1.177",57223,8,456,0,0,4,228,4,228
"2001:14ba:a051:8c00:61b5:31a4:d1f8:cc83",57225,5,430,0,0,5,430,0,0
"192.168.1.177",57226,21,9515,0,0,10,1489,11,8026
"2001:14ba:a051:8c00:61b5:31a4:d1f8:cc83",57227,1,86,0,0,1,86,0,0
"2a00:1450:4026:808::200d",443,3,258,0,0,0,0,3,258
"192.168.1.177",57228,62,19870,0,0,28,9052,34,10818
"216.58.211.237",443,286,78208,0,0,151,39790,135,38418
"192.168.1.177",57229,150,33069,0,0,75,13869,75,19200
"192.168.1.177",57232,21,3574,0,0,11,2161,10,1413
"2001:14ba:a051:8c00:61b5:31a4:d1f8:cc83",57234,1,86,0,0,1,86,0,0
"2a00:1450:4026:808::200a",443,19,1634,0,0,0,0,19,1634
"192.168.1.177",57235,51,19588,0,0,25,5322,26,14266
"2001:14ba:a051:8c00:61b5:31a4:d1f8:cc83",57236,1,86,0,0,1,86,0,0
"2a00:1450:4026:808::200e",443,12,1032,0,0,0,0,12,1032
"192.168.1.177",57237,37,24557,0,0,17,3517,20,21040
"192.168.1.177",57238,40,10384,0,0,21,3982,19,6402
"216.58.211.238",443,461,160070,0,0,254,110981,207,49089
"192.168.1.177",57240,27,8571,0,0,14,2880,13,5691
"20.189.173.1",443,27,8571,0,0,13,5691,14,2880
"2001:14ba:a051:8c00:61b5:31a4:d1f8:cc83",57246,5,430,0,0,5,430,0,0
"2a05:d014:275:cb02::c8",80,5,430,0,0,0,0,5,430
"2001:14ba:a051:8c00:61b5:31a4:d1f8:cc83",57249,5,430,0,0,5,430,0,0
"2a05:d014:275:cb00::c8",80,5,430,0,0,0,0,5,430
"192.168.1.177",57252,15,1268,0,0,8,553,7,715
"18.192.231.252",80,15,1268,0,0,7,715,8,553
"192.168.1.177",57253,26,6538,0,0,13,1326,13,5212
"18.192.231.252",443,26,6538,0,0,13,5212,13,1326
"192.168.1.177",57254,47,15410,0,0,20,5465,27,9945
"192.168.1.177",57257,34,11437,0,0,16,6062,18,5375
"192.168.1.177",57258,51,19258,0,0,24,3216,27,16042
"192.168.1.177",57260,77,14119,0,0,35,8949,42,5170
"192.168.1.177",57267,86,210932,0,0,32,5425,54,205507
"192.168.1.177",57268,31,56743,0,0,13,4543,18,52200
"192.168.1.177",57269,96,300916,0,0,26,7409,70,293507
"192.168.1.177",57270,20,4526,0,0,10,3001,10,1525
"192.168.1.177",57271,29,8980,0,0,14,2253,15,6727
"216.58.209.202",443,97,24919,0,0,48,16172,49,8747
"192.168.1.177",57272,20,4541,0,0,10,3099,10,1442
"192.168.1.177",57273,22,7904,0,0,11,2523,11,5381
"192.168.1.177",57274,23,7933,0,0,11,2497,12,5436
"192.168.1.177",57275,17,6185,0,0,9,1268,8,4917
"192.168.1.177",57276,5,330,0,0,1,66,4,264
"192.168.1.177",57277,37,9936,0,0,16,2111,21,7825
"2001:14ba:a051:8c00:61b5:31a4:d1f8:cc83",57278,1,86,0,0,1,86,0,0
"2a00:1450:4026:803::2005",443,1,86,0,0,0,0,1,86
"192.168.1.177",57279,38,9144,0,0,20,2543,18,6601
"216.58.209.197",443,3363,4597925,0,0,2277,4187402,1086,410523
"192.168.1.177",57280,38,5637,0,0,21,2470,17,3167
"192.168.1.177",57281,7,462,0,0,1,66,6,396
"2001:14ba:a051:8c00:61b5:31a4:d1f8:cc83",57282,1,86,0,0,1,86,0,0
"2a00:1450:4026:808::2005",443,5,430,0,0,0,0,5,430
"2001:14ba:a051:8c00:61b5:31a4:d1f8:cc83",57283,1,86,0,0,1,86,0,0
"192.168.1.177",57284,15,6724,0,0,9,1436,6,5288
"192.168.1.177",57285,3310,4582057,0,0,1057,406544,2253,4175513
"192.168.1.177",57286,34,3143,0,0,17,1379,17,1764
"192.168.1.177",57287,7,462,0,0,1,66,6,396
"192.168.1.177",57288,27,4984,0,0,13,2774,14,2210
"192.168.1.177",57290,109,293816,0,0,39,4880,70,288936
"192.168.1.177",57291,7,462,0,0,1,66,6,396
"2001:14ba:a051:8c00:61b5:31a4:d1f8:cc83",57292,5,430,0,0,5,430,0,0
"2001:14ba:a051:8c00:61b5:31a4:d1f8:cc83",57293,1,86,0,0,1,86,0,0
"2001:14ba:a051:8c00:61b5:31a4:d1f8:cc83",57294,1,86,0,0,1,86,0,0
"2001:14ba:a051:8c00:61b5:31a4:d1f8:cc83",57295,1,86,0,0,1,86,0,0
"192.168.1.177",57296,7,462,0,0,1,66,6,396
"2001:14ba:a051:8c00:61b5:31a4:d1f8:cc83",57297,1,86,0,0,1,86,0,0
"2a00:1450:4026:804::2004",443,1,86,0,0,0,0,1,86
"192.168.1.177",57298,19,9404,0,0,10,1488,9,7916
"192.168.1.177",57299,237,84972,0,0,99,10592,138,74380
"192.168.1.177",57300,98,52269,0,0,45,9066,53,43203
"216.58.211.228",443,98,52269,0,0,53,43203,45,9066
"2001:14ba:a051:8c00:61b5:31a4:d1f8:cc83",57301,1,86,0,0,1,86,0,0
"2a00:1450:4026:805::200a",443,10,860,0,0,0,0,10,860
"192.168.1.177",57302,98,112270,0,0,42,7990,56,104280
"2001:14ba:a051:8c00:61b5:31a4:d1f8:cc83",57303,1,86,0,0,1,86,0,0
"192.168.1.177",57304,52,19156,0,0,25,4739,27,14417
"192.168.1.177",57305,44,10653,0,0,20,5929,24,4724
"2001:14ba:a051:8c00:61b5:31a4:d1f8:cc83",57306,1,86,0,0,1,86,0,0
"2a00:1450:4026:808::2001",443,19,1634,0,0,0,0,19,1634
"2001:14ba:a051:8c00:61b5:31a4:d1f8:cc83",57307,1,86,0,0,1,86,0,0
"2001:14ba:a051:8c00:61b5:31a4:d1f8:cc83",57308,5,430,0,0,5,430,0,0
"2001:14ba:a051:8c00:61b5:31a4:d1f8:cc83",57309,5,430,0,0,5,430,0,0
"2001:14ba:a051:8c00:61b5:31a4:d1f8:cc83",57310,1,86,0,0,1,86,0,0
"2a00:1450:4026:803::2001",443,5,430,0,0,0,0,5,430
"2001:14ba:a051:8c00:61b5:31a4:d1f8:cc83",57311,1,86,0,0,1,86,0,0
"2001:14ba:a051:8c00:61b5:31a4:d1f8:cc83",57312,5,430,0,0,5,430,0,0
"2001:14ba:a051:8c00:61b5:31a4:d1f8:cc83",57313,1,86,0,0,1,86,0,0
"2001:14ba:a051:8c00:61b5:31a4:d1f8:cc83",57314,1,86,0,0,1,86,0,0
"2001:14ba:a051:8c00:61b5:31a4:d1f8:cc83",57315,1,86,0,0,1,86,0,0
"192.168.1.177",57316,376,1216378,0,0,120,14702,256,1201676
"216.58.210.161",443,376,1216378,0,0,256,1201676,120,14702
"192.168.1.177",57317,18,11658,0,0,9,1446,9,10212
"192.168.1.177",57318,17,11604,0,0,9,1446,8,10158
"216.58.211.225",443,290,224248,0,0,150,203520,140,20728
"192.168.1.177",57319,19,11712,0,0,10,1500,9,10212
"192.168.1.177",57320,19,11712,0,0,10,1500,9,10212
"192.168.1.177",57321,17,11604,0,0,9,1446,8,10158
"192.168.1.177",57322,18,11659,0,0,9,1446,9,10213
"192.168.1.177",57323,18,11658,0,0,9,1446,9,10212
"192.168.1.177",57324,139,147075,0,0,62,7600,77,139475
"2001:14ba:a051:8c00:61b5:31a4:d1f8:cc83",57325,1,86,0,0,1,86,0,0
"2001:14ba:a051:8c00:61b5:31a4:d1f8:cc83",57326,1,86,0,0,1,86,0,0
"2001:14ba:a051:8c00:61b5:31a4:d1f8:cc83",57327,5,430,0,0,5,430,0,0
"192.168.1.177",57328,255,262555,0,0,102,16394,153,246161
"192.168.1.177",57329,17,12358,0,0,10,1504,7,10854
"192.168.1.177",57330,36,14617,0,0,19,2654,17,11963
"216.58.210.170",443,150,47282,0,0,77,35583,73,11699
"2001:14ba:a051:8c00:61b5:31a4:d1f8:cc83",57331,1,86,0,0,1,86,0,0
"2001:14ba:a051:8c00:61b5:31a4:d1f8:cc83",57332,1,86,0,0,1,86,0,0
"192.168.1.177",57333,181,36444,0,0,84,15326,97,21118
"192.168.1.177",57334,41,17226,0,0,21,4297,20,12929
"2001:14ba:a051:8c00:61b5:31a4:d1f8:cc83",57335,1,86,0,0,1,86,0,0
"192.168.1.177",57336,106,49718,0,0,44,9783,62,39935
"2001:14ba:a051:8c00:61b5:31a4:d1f8:cc83",57337,5,430,0,0,5,430,0,0
"2a00:1450:4026:803::200a",443,10,860,0,0,0,0,10,860
"192.168.1.177",57338,21,7425,0,0,10,1495,11,5930
"192.168.1.177",57339,35,8450,0,0,18,2652,17,5798
"54.77.70.157",443,35,8450,0,0,17,5798,18,2652
"192.168.1.177",57340,32,3323,0,0,17,1376,15,1947
"192.168.1.177",57341,45,8413,0,0,22,2771,23,5642
"91.195.247.8",443,45,8413,0,0,23,5642,22,2771
"2001:14ba:a051:8c00:61b5:31a4:d1f8:cc83",57342,5,430,0,0,5,430,0,0
"2606:4700::6812:f65",80,5,430,0,0,0,0,5,430
"192.168.1.177",57343,32,3296,0,0,17,1376,15,1920
"104.18.14.101",80,39,3698,0,0,18,2094,21,1604
"192.168.1.177",57344,106,218693,0,0,31,7130,75,211563
"91.195.247.11",443,629,1317554,0,0,439,1286532,190,31022
"192.168.1.177",57345,81,152395,0,0,26,4528,55,147867
"192.168.1.177",57346,310,788930,0,0,82,11267,228,777663
"2001:14ba:a051:8c00:61b5:31a4:d1f8:cc83",57347,1,86,0,0,1,86,0,0
"2a02:26f0:41:386::1e80",443,1,86,0,0,0,0,1,86
"192.168.1.177",57348,71,130641,0,0,26,2808,45,127833
"104.76.24.246",443,71,130641,0,0,45,127833,26,2808
"192.168.1.177",57349,19,5535,0,0,9,1322,10,4213
"192.168.1.177",57351,48,9171,0,0,23,3390,25,5781
"91.195.246.80",443,48,9171,0,0,25,5781,23,3390
"2001:14ba:a051:8c00:61b5:31a4:d1f8:cc83",57352,1,86,0,0,1,86,0,0
"192.168.1.177",57353,22,3627,0,0,11,2160,11,1467
"192.168.1.177",57355,20,3531,0,0,11,2172,9,1359
"192.168.1.177",57356,21,3585,0,0,11,2172,10,1413
"192.168.1.177",57357,22,3639,0,0,11,2172,11,1467
"192.168.1.177",57358,22,3643,0,0,11,2176,11,1467
"192.168.1.177",57359,21,3580,0,0,11,2167,10,1413
"192.168.1.177",57360,7,402,0,0,4,228,3,174
"192.168.1.177",57363,39,10160,0,0,20,2463,19,7697
"192.168.1.177",57366,82,142878,0,0,28,3313,54,139565
"192.168.1.177",57369,77,289142,0,0,26,6418,51,282724
"192.168.1.177",57375,21,9505,0,0,10,1108,11,8397
"130.233.231.219",443,21,9505,0,0,11,8397,10,1108
"192.168.1.177",57379,49,71255,0,0,24,3895,25,67360
"192.168.1.177",57382,31,9123,0,0,14,3462,17,5661
"2001:14ba:a051:8c00:ad01:ffd8:f040:eb85",57387,1,86,0,0,1,86,0,0
"2a00:1450:4026:803::2003",443,3,258,0,0,0,0,3,258
"2001:14ba:a051:8c00:ad01:ffd8:f040:eb85",57388,1,86,0,0,1,86,0,0
"2001:14ba:a051:8c00:ad01:ffd8:f040:eb85",57389,1,86,0,0,1,86,0,0
"2001:14ba:a051:8c00:ad01:ffd8:f040:eb85",57390,5,430,0,0,5,430,0,0
"2001:14ba:a051:8c00:ad01:ffd8:f040:eb85",57391,1,86,0,0,1,86,0,0
"192.168.1.177",57392,61,14405,0,0,29,4241,32,10164
"192.168.1.177",57393,17,9300,0,0,9,1437,8,7863
"2001:14ba:a051:8c00:ad01:ffd8:f040:eb85",57394,5,430,0,0,5,430,0,0
"192.168.1.177",57395,19,9411,0,0,9,1440,10,7971
"2001:14ba:a051:8c00:ad01:ffd8:f040:eb85",57396,5,430,0,0,5,430,0,0
"192.168.1.177",57397,19,7319,0,0,11,1551,8,5768
"192.168.1.177",57398,41,4657,0,0,23,2699,18,1958
"192.168.1.177",57399,54,19977,0,0,29,3080,25,16897
"18.165.122.26",443,54,19977,0,0,25,16897,29,3080
"192.168.1.177",57400,66,15011,0,0,31,4187,35,10824
"34.160.90.233",443,149,37717,0,0,78,29190,71,8527
"192.168.1.177",57401,21,5690,0,0,10,1085,11,4605
"192.168.1.177",57402,21,5690,0,0,10,1085,11,4605
"192.168.1.177",57403,21,5690,0,0,10,1085,11,4605
"192.168.1.177",57404,20,5636,0,0,10,1085,10,4551
"192.168.1.177",57405,47,8196,0,0,24,2487,23,5709
"192.168.1.177",57408,20,3522,0,0,11,2163,9,1359
"192.168.1.177",57409,21,3579,0,0,11,2166,10,1413
"2001:14ba:a051:8c00:ad01:ffd8:f040:eb85",57410,5,430,0,0,5,430,0,0
"192.168.1.177",57412,35,10003,0,0,16,2631,19,7372
"34.160.178.214",443,35,10003,0,0,19,7372,16,2631
"192.168.1.177",57413,32,3061,0,0,17,1393,15,1668
"2001:14ba:a051:8c00:ad01:ffd8:f040:eb85",57414,1,86,0,0,1,86,0,0
"2600:9000:25f7:3800:18:4845:acc0:93a1",443,3,258,0,0,0,0,3,258
"192.168.1.177",57415,374,541530,0,0,160,17348,214,524182
"18.165.140.127",443,737,1119105,0,0,443,1086352,294,32753
"2001:14ba:a051:8c00:ad01:ffd8:f040:eb85",57416,1,86,0,0,1,86,0,0
"2606:4700:4400::6812:205a",443,3,258,0,0,0,0,3,258
"2001:14ba:a051:8c00:ad01:ffd8:f040:eb85",57417,1,86,0,0,1,86,0,0
"2600:9000:25f7:dc00:1d:8345:69c0:93a1",443,6,516,0,0,0,0,6,516
"2001:14ba:a051:8c00:ad01:ffd8:f040:eb85",57418,1,86,0,0,1,86,0,0
"2001:14ba:a051:8c00:ad01:ffd8:f040:eb85",57419,1,86,0,0,1,86,0,0
"2001:14ba:a051:8c00:ad01:ffd8:f040:eb85",57420,1,86,0,0,1,86,0,0
"2001:14ba:a051:8c00:ad01:ffd8:f040:eb85",57421,1,86,0,0,1,86,0,0
"2001:14ba:a051:8c00:ad01:ffd8:f040:eb85",57422,1,86,0,0,1,86,0,0
"192.168.1.177",57423,67,28051,0,0,40,3946,27,24105
"104.18.32.90",443,114,53208,0,0,52,46243,62,6965
"192.168.1.177",57424,20,8272,0,0,10,1496,10,6776
"18.165.140.68",443,268,484414,0,0,133,468406,135,16008
"192.168.1.177",57425,19,8218,0,0,10,1496,9,6722
"192.168.1.177",57426,20,8272,0,0,10,1496,10,6776
"192.168.1.177",57427,89,222407,0,0,52,5222,37,217185
"2001:14ba:a051:8c00:ad01:ffd8:f040:eb85",57428,1,86,0,0,1,86,0,0
"2a02:26f0:e2::6854:98e9",443,3,258,0,0,0,0,3,258
"192.168.1.177",57429,83,104450,0,0,38,3614,45,100836
"2.21.240.165",443,168,211080,0,0,95,203286,73,7794
"2001:14ba:a051:8c00:ad01:ffd8:f040:eb85",57430,1,86,0,0,1,86,0,0
"2a02:26f0:1200:2b4::f09",443,5,430,0,0,0,0,5,430
"192.168.1.177",57431,44,9163,0,0,20,2593,24,6570
"23.61.233.27",443,177,39330,0,0,98,27712,79,11618
"192.168.1.177",57433,28,15566,0,0,15,5930,13,9636
"2001:14ba:a051:8c00:ad01:ffd8:f040:eb85",57434,1,86,0,0,1,86,0,0
"2a02:26f0:5200::b81f:fa9",443,2,172,0,0,0,0,2,172
"2001:14ba:a051:8c00:ad01:ffd8:f040:eb85",57436,1,86,0,0,1,86,0,0
"2001:14ba:a051:8c00:ad01:ffd8:f040:eb85",57435,1,86,0,0,1,86,0,0
"192.168.1.177",57437,22,3636,0,0,11,2169,11,1467
"192.168.1.177",57438,58,56506,0,0,29,6140,29,50366
"2.22.31.104",443,237,146788,0,0,113,79344,124,67444
"2001:14ba:a051:8c00:ad01:ffd8:f040:eb85",57439,1,86,0,0,1,86,0,0
"2603:1026:c11:c55::2",443,1,86,0,0,0,0,1,86
"192.168.1.177",57440,38,13011,0,0,18,2036,20,10975
"192.168.1.177",57441,27,8234,0,0,13,1161,14,7073
"192.168.1.177",57442,23,30236,0,0,14,8301,9,21935
"20.190.177.83",443,23,30236,0,0,9,21935,14,8301
"192.168.1.177",57443,25,9313,0,0,13,2540,12,6773
"52.98.149.162",443,25,9313,0,0,12,6773,13,2540
"192.168.1.177",57444,29,10478,0,0,17,3017,12,7461
"52.168.117.168",443,29,10478,0,0,12,7461,17,3017
"2001:14ba:a051:8c00:ad01:ffd8:f040:eb85",57445,1,86,0,0,1,86,0,0
"192.168.1.177",57446,114,69037,0,0,64,58107,50,10930
"192.168.1.177",57447,17,11049,0,0,10,2649,7,8400
"20.105.95.163",443,17,11049,0,0,7,8400,10,2649
"2001:14ba:a051:8c00:ad01:ffd8:f040:eb85",57450,1,86,0,0,1,86,0,0
"2620:1ec:46::53",443,1,86,0,0,0,0,1,86
"192.168.1.177",57451,31,10670,0,0,15,1723,16,8947
"2001:14ba:a051:8c00:ad01:ffd8:f040:eb85",57452,1,86,0,0,1,86,0,0
"2603:1063:2000::254",443,1,86,0,0,0,0,1,86
"192.168.1.177",57453,30,10380,0,0,12,1894,18,8486
"192.168.1.177",57454,30,10374,0,0,13,1945,17,8429
"204.79.197.254",443,30,10374,0,0,17,8429,13,1945
"192.168.1.177",57455,25,10023,0,0,11,2319,14,7704
"2001:14ba:a051:8c00:ad01:ffd8:f040:eb85",57459,1,86,0,0,1,86,0,0
"2001:14ba:a051:8c00:ad01:ffd8:f040:eb85",57460,1,86,0,0,1,86,0,0
"192.168.1.177",57461,91,75544,0,0,34,12558,57,62986
"192.168.1.177",57462,14,3038,0,0,8,1314,6,1724
"2001:14ba:a051:8c00:ad01:ffd8:f040:eb85",57468,1,86,0,0,1,86,0,0
"2a00:1450:4010:c02::bc",5228,1,86,0,0,0,0,1,86
"2001:14ba:a051:8c00:ad01:ffd8:f040:eb85",57469,1,86,0,0,1,86,0,0
"192.168.1.177",57470,16,9420,0,0,9,1090,7,8330
"216.58.210.142",443,67,37846,0,0,31,33486,36,4360
"192.168.1.177",57471,16,9421,0,0,9,1090,7,8331
"192.168.1.177",57472,16,9421,0,0,9,1090,7,8331
"192.168.1.177",57473,19,9584,0,0,9,1090,10,8494
"2001:14ba:a051:8c00:ad01:ffd8:f040:eb85",57474,1,86,0,0,1,86,0,0
"2001:14ba:a051:8c00:ad01:ffd8:f040:eb85",57475,1,86,0,0,1,86,0,0
"2001:14ba:a051:8c00:ad01:ffd8:f040:eb85",57476,1,86,0,0,1,86,0,0
"2001:14ba:a051:8c00:ad01:ffd8:f040:eb85",57477,1,86,0,0,1,86,0,0
"2001:14ba:a051:8c00:ad01:ffd8:f040:eb85",57478,1,86,0,0,1,86,0,0
"2001:14ba:a051:8c00:ad01:ffd8:f040:eb85",57479,1,86,0,0,1,86,0,0
"2001:14ba:a051:8c00:ad01:ffd8:f040:eb85",57480,1,86,0,0,1,86,0,0
"2001:14ba:a051:8c00:ad01:ffd8:f040:eb85",57481,1,86,0,0,1,86,0,0
"2001:14ba:a051:8c00:ad01:ffd8:f040:eb85",57482,1,86,0,0,1,86,0,0
"2001:14ba:a051:8c00:ad01:ffd8:f040:eb85",57483,1,86,0,0,1,86,0,0
"2001:14ba:a051:8c00:ad01:ffd8:f040:eb85",57484,1,86,0,0,1,86,0,0
"2001:14ba:a051:8c00:ad01:ffd8:f040:eb85",57485,1,86,0,0,1,86,0,0
"192.168.1.177",57486,31,9943,0,0,14,1532,17,8411
"108.177.14.188",5228,31,9943,0,0,17,8411,14,1532
"192.168.1.177",57487,66,17312,0,0,30,4677,36,12635
"2001:14ba:a051:8c00:ad01:ffd8:f040:eb85",57488,1,86,0,0,1,86,0,0
"2001:14ba:a051:8c00:ad01:ffd8:f040:eb85",57489,1,86,0,0,1,86,0,0
"2001:14ba:a051:8c00:ad01:ffd8:f040:eb85",57490,1,86,0,0,1,86,0,0
"2001:14ba:a051:8c00:ad01:ffd8:f040:eb85",57491,1,86,0,0,1,86,0,0
"2001:14ba:a051:8c00:ad01:ffd8:f040:eb85",57492,1,86,0,0,1,86,0,0
"192.168.1.177",57493,77,17242,0,0,34,4999,43,12243
"2001:14ba:a051:8c00:ad01:ffd8:f040:eb85",57494,1,86,0,0,1,86,0,0
"2001:14ba:a051:8c00:ad01:ffd8:f040:eb85",57495,1,86,0,0,1,86,0,0
"192.168.1.177",57496,34,14404,0,0,16,2965,18,11439
"192.168.1.177",57497,35,12922,0,0,17,4130,18,8792
"192.168.1.177",57498,23,8455,0,0,13,1892,10,6563
"192.168.1.177",57499,70,95098,0,0,29,5134,41,89964
"216.58.211.229",443,84,98066,0,0,47,91646,37,6420
"192.168.1.177",57500,66,21570,0,0,33,9931,33,11639
"192.168.1.177",57501,347,575651,0,0,126,14379,221,561272
"2001:14ba:a051:8c00:ad01:ffd8:f040:eb85",57502,1,86,0,0,1,86,0,0
"2001:14ba:a051:8c00:ad01:ffd8:f040:eb85",57503,1,86,0,0,1,86,0,0
"2a00:1450:4010:c08::66",443,2,172,0,0,0,0,2,172
"192.168.1.177",57504,16,1924,0,0,8,1026,8,898
"192.168.1.177",57505,14,2968,0,0,8,1286,6,1682
"192.168.1.177",57506,14,2983,0,0,8,1292,6,1691
"192.168.1.177",57507,14,2988,0,0,8,1294,6,1694
"192.168.1.177",57508,14,2988,0,0,8,1294,6,1694
"192.168.1.177",57509,14,3013,0,0,8,1304,6,1709
"192.168.1.177",57510,14,3068,0,0,8,1326,6,1742
"192.168.1.177",57511,14,2998,0,0,8,1298,6,1700
"2001:14ba:a051:8c00:ad01:ffd8:f040:eb85",57512,1,86,0,0,1,86,0,0
"2001:14ba:a051:8c00:ad01:ffd8:f040:eb85",57513,1,86,0,0,1,86,0,0
"2001:14ba:a051:8c00:ad01:ffd8:f040:eb85",57514,1,86,0,0,1,86,0,0
"192.168.1.177",57515,31,10213,0,0,15,2619,16,7594
"192.168.1.177",57516,29,11791,0,0,14,2127,15,9664
"64.233.165.101",443,43,14774,0,0,21,11355,22,3419
"2001:14ba:a051:8c00:ad01:ffd8:f040:eb85",57517,1,86,0,0,1,86,0,0
"192.168.1.177",57518,14,3078,0,0,8,1330,6,1748
"192.168.1.177",57520,1907,7278505,0,0,912,72231,995,7206274
"192.168.1.177",57522,14,2983,0,0,8,1292,6,1691
"2001:14ba:a051:8c00:ad01:ffd8:f040:eb85",57523,1,86,0,0,1,86,0,0
"192.168.1.177",57524,14,3043,0,0,8,1316,6,1727
"2001:14ba:a051:8c00:ad01:ffd8:f040:eb85",57525,1,86,0,0,1,86,0,0
"192.168.1.177",57526,152,52193,0,0,61,21924,91,30269
"192.168.1.177",57527,14,2988,0,0,8,1294,6,1694
"192.168.1.177",57529,43,48003,0,0,19,2510,24,45493
"108.156.22.66",443,43,48003,0,0,24,45493,19,2510
"2001:14ba:a051:8c00:ad01:ffd8:f040:eb85",57530,1,86,0,0,1,86,0,0
"2001:14ba:a051:8c00:ad01:ffd8:f040:eb85",57531,1,86,0,0,1,86,0,0
"192.168.1.177",57532,33,23018,0,0,14,1952,19,21066
"192.168.1.177",57533,14,2139,0,0,8,1067,6,1072
"2001:14ba:a051:8c00:ad01:ffd8:f040:eb85",57534,1,86,0,0,1,86,0,0
"2600:9000:25f7:5200:1d:8345:69c0:93a1",443,5,430,0,0,0,0,5,430
"2001:14ba:a051:8c00:ad01:ffd8:f040:eb85",57535,1,86,0,0,1,86,0,0
"2001:14ba:a051:8c00:ad01:ffd8:f040:eb85",57536,1,86,0,0,1,86,0,0
"2001:14ba:a051:8c00:ad01:ffd8:f040:eb85",57537,1,86,0,0,1,86,0,0
"2001:14ba:a051:8c00:ad01:ffd8:f040:eb85",57538,1,86,0,0,1,86,0,0
"192.168.1.177",57539,67,219789,0,0,29,3222,38,216567
"192.168.1.177",57540,18,7708,0,0,8,1025,10,6683
"192.168.1.177",57541,19,7824,0,0,8,1025,11,6799
"192.168.1.177",57542,16,1924,0,0,8,1026,8,898
"2001:14ba:a051:8c00:ad01:ffd8:f040:eb85",57543,1,86,0,0,1,86,0,0
"192.168.1.177",57544,29,16150,0,0,14,1909,15,14241
"108.156.22.13",443,29,16150,0,0,15,14241,14,1909
"2001:14ba:a051:8c00:ad01:ffd8:f040:eb85",57545,1,86,0,0,1,86,0,0
"192.168.1.177",57546,61,12512,0,0,26,3485,35,9027
"192.168.1.177",57547,12,2927,0,0,7,1263,5,1664
"192.168.1.177",57550,39,48697,0,0,18,2736,21,45961
"108.156.22.39",443,39,48697,0,0,21,45961,18,2736
"2001:14ba:a051:8c00:ad01:ffd8:f040:eb85",57551,1,86,0,0,1,86,0,0
"2001:14ba:a051:8c00:ad01:ffd8:f040:eb85",57552,1,86,0,0,1,86,0,0
"192.168.1.177",57553,69,104426,0,0,28,3088,41,101338
"2001:14ba:a051:8c00:ad01:ffd8:f040:eb85",57554,1,86,0,0,1,86,0,0
"2a02:26f0:1200:287::f09",443,2,172,0,0,0,0,2,172
"192.168.1.177",57555,16,2204,0,0,7,1092,9,1112
"2001:14ba:a051:8c00:ad01:ffd8:f040:eb85",57556,1,86,0,0,1,86,0,0
"192.168.1.177",57557,28,7947,0,0,13,1979,15,5968
"192.168.1.177",57558,16,2207,0,0,7,1095,9,1112
"2001:14ba:a051:8c00:ad01:ffd8:f040:eb85",57561,1,86,0,0,1,86,0,0
"2606:50c0:8001::153",443,2,172,0,0,0,0,2,172
"2001:14ba:a051:8c00:ad01:ffd8:f040:eb85",57562,1,86,0,0,1,86,0,0
"192.168.1.177",57563,54,65503,0,0,22,2588,32,62915
"185.199.111.153",443,67,67313,0,0,39,63782,28,3531
"192.168.1.177",57564,13,1810,0,0,6,943,7,867
"2001:14ba:a051:8c00:ad01:ffd8:f040:eb85",57565,1,86,0,0,1,86,0,0
"2a01:4f8:1c1e:85b6::1",443,6,516,0,0,0,0,6,516
"2001:14ba:a051:8c00:ad01:ffd8:f040:eb85",57566,1,86,0,0,1,86,0,0
"2606:4700:4400::ac40:97c7",443,3,258,0,0,0,0,3,258
"192.168.1.177",57567,407,2837902,0,0,139,9604,268,2828298
"192.168.1.177",57568,28,8308,0,0,13,1952,15,6356
"2001:14ba:a051:8c00:ad01:ffd8:f040:eb85",57569,1,86,0,0,1,86,0,0
"2001:14ba:a051:8c00:ad01:ffd8:f040:eb85",57570,1,86,0,0,1,86,0,0
"2001:14ba:a051:8c00:ad01:ffd8:f040:eb85",57571,1,86,0,0,1,86,0,0
"192.168.1.177",57572,28,8418,0,0,14,2030,14,6388
"5.75.231.96",443,110,27914,0,0,49,19337,61,8577
"192.168.1.177",57573,34,10568,0,0,17,2536,17,8032
"2001:14ba:a051:8c00:ad01:ffd8:f040:eb85",57574,1,86,0,0,1,86,0,0
"192.168.1.177",57575,23,7357,0,0,13,1817,10,5540
"192.168.1.177",57577,12,1594,0,0,7,971,5,623
"192.168.1.177",57578,12,2029,0,0,7,1007,5,1022
"2001:14ba:a051:8c00:ad01:ffd8:f040:eb85",57579,1,86,0,0,1,86,0,0
"2606:4700:3034::ac43:bf1c",443,2,172,0,0,0,0,2,172
"192.168.1.177",57580,12,1594,0,0,7,971,5,623
"2001:14ba:a051:8c00:ad01:ffd8:f040:eb85",57581,1,86,0,0,1,86,0,0
"192.168.1.177",57582,191,522325,0,0,32,2911,159,519414
"172.67.191.28",443,205,528477,0,0,165,524510,40,3967
"192.168.1.177",57583,14,6152,0,0,8,1056,6,5096
"2001:14ba:a051:8c00:ad01:ffd8:f040:eb85",57584,1,86,0,0,1,86,0,0
"2a04:4e42:3a::347",443,2,172,0,0,0,0,2,172
"2001:14ba:a051:8c00:ad01:ffd8:f040:eb85",57585,1,86,0,0,1,86,0,0
"192.168.1.177",57586,78,277600,0,0,21,2272,57,275328
"151.101.245.91",443,91,279413,0,0,64,276203,27,3210
"192.168.1.177",57587,13,1813,0,0,6,938,7,875
"2001:14ba:a051:8c00:ad01:ffd8:f040:eb85",57588,1,86,0,0,1,86,0,0
"2001:14ba:a051:8c00:ad01:ffd8:f040:eb85",57589,1,86,0,0,1,86,0,0
"2001:14ba:a051:8c00:ad01:ffd8:f040:eb85",57590,1,86,0,0,1,86,0,0
"192.168.1.177",57591,56,44581,0,0,21,2526,35,42055
"2001:14ba:a051:8c00:ad01:ffd8:f040:eb85",57592,1,86,0,0,1,86,0,0
"2001:14ba:a051:8c00:ad01:ffd8:f040:eb85",57593,1,86,0,0,1,86,0,0
"192.168.1.177",57594,12,2892,0,0,7,1249,5,1643
"2001:14ba:a051:8c00:ad01:ffd8:f040:eb85",57595,1,86,0,0,1,86,0,0
"2001:14ba:a051:8c00:ad01:ffd8:f040:eb85",57596,1,86,0,0,1,86,0,0
"192.168.1.177",57597,28,13132,0,0,14,2090,14,11042
"216.58.209.195",443,320,276689,0,0,200,240204,120,36485
"192.168.1.177",57598,202,123452,0,0,78,16735,124,106717
"192.168.1.177",57599,12,2847,0,0,7,1231,5,1616
"192.168.1.177",57600,12,2892,0,0,7,1249,5,1643
"2001:14ba:a051:8c00:ad01:ffd8:f040:eb85",57601,1,86,0,0,1,86,0,0
"2a00:1450:4026:804::2003",443,4,344,0,0,0,0,4,344
"2001:14ba:a051:8c00:ad01:ffd8:f040:eb85",57602,1,86,0,0,1,86,0,0
"192.168.1.177",57603,27,12270,0,0,13,2023,14,10247
"192.168.1.177",57604,12,2857,0,0,7,1235,5,1622
"192.168.1.177",57605,47,110237,0,0,19,2308,28,107929
"213.230.210.231",443,47,110237,0,0,28,107929,19,2308
"2001:14ba:a051:8c00:ad01:ffd8:f040:eb85",57606,1,86,0,0,1,86,0,0
"2001:14ba:a051:8c00:ad01:ffd8:f040:eb85",57607,1,86,0,0,1,86,0,0
"2001:14ba:a051:8c00:ad01:ffd8:f040:eb85",57608,1,86,0,0,1,86,0,0
"2001:14ba:a051:8c00:ad01:ffd8:f040:eb85",57609,1,86,0,0,1,86,0,0
"192.168.1.177",57610,28,8056,0,0,12,1867,16,6189
"192.168.1.177",57611,29,7543,0,0,13,1894,16,5649
"2001:14ba:a051:8c00:ad01:ffd8:f040:eb85",57612,1,86,0,0,1,86,0,0
"192.168.1.177",57613,16,2207,0,0,7,1095,9,1112
"192.168.1.177",57614,16,2207,0,0,7,1095,9,1112
"2001:14ba:a051:8c00:ad01:ffd8:f040:eb85",57615,1,86,0,0,1,86,0,0
"192.168.1.177",57616,81,467261,0,0,30,4038,51,463223
"192.168.1.177",57617,12,2862,0,0,7,1237,5,1625
"2001:14ba:a051:8c00:ad01:ffd8:f040:eb85",57618,1,86,0,0,1,86,0,0
"2600:1901:0:4c10::",443,2,172,0,0,0,0,2,172
"2001:14ba:a051:8c00:ad01:ffd8:f040:eb85",57619,1,86,0,0,1,86,0,0
"192.168.1.177",57620,37,90270,0,0,17,2125,20,88145
"34.160.122.198",443,49,92346,0,0,25,89193,24,3153
"192.168.1.177",57622,12,2076,0,0,7,1028,5,1048
"192.168.1.177",57623,27,13270,0,0,13,1900,14,11370
"108.156.22.29",443,27,13270,0,0,14,11370,13,1900
"2001:14ba:a051:8c00:ad01:ffd8:f040:eb85",57624,1,86,0,0,1,86,0,0
"2001:14ba:a051:8c00:ad01:ffd8:f040:eb85",57625,1,86,0,0,1,86,0,0
"2001:14ba:a051:8c00:ad01:ffd8:f040:eb85",57626,1,86,0,0,1,86,0,0
"2001:14ba:a051:8c00:ad01:ffd8:f040:eb85",57627,1,86,0,0,1,86,0,0
"192.168.1.177",57628,5068,34923259,0,0,1430,83868,3638,34839391
"192.168.1.177",57629,28,9904,0,0,13,1984,15,7920
"192.168.1.177",57631,12,2947,0,0,7,1271,5,1676
"192.168.1.177",57632,12,2872,0,0,7,1241,5,1631
"2001:14ba:a051:8c00:ad01:ffd8:f040:eb85",57633,1,86,0,0,1,86,0,0
"2001:14ba:a051:8c00:ad01:ffd8:f040:eb85",57634,1,86,0,0,1,86,0,0
"2a04:4e42:3a::485",443,2,172,0,0,0,0,2,172
"2001:14ba:a051:8c00:ad01:ffd8:f040:eb85",57635,1,86,0,0,1,86,0,0
"192.168.1.177",57636,35,74379,0,0,19,2504,16,71875
"2001:14ba:a051:8c00:ad01:ffd8:f040:eb85",57637,1,86,0,0,1,86,0,0
"192.168.1.177",57638,31,44351,0,0,13,1867,18,42484
"151.101.245.229",443,44,46155,0,0,25,43351,19,2804
"192.168.1.177",57639,12,2857,0,0,7,1235,5,1622
"192.168.1.177",57640,13,1804,0,0,6,937,7,867
"2001:14ba:a051:8c00:ad01:ffd8:f040:eb85",57641,1,86,0,0,1,86,0,0
"2606:4700:310c::ac42:2f20",443,2,172,0,0,0,0,2,172
"2001:14ba:a051:8c00:ad01:ffd8:f040:eb85",57642,1,86,0,0,1,86,0,0
"192.168.1.177",57643,127,371928,0,0,31,2894,96,369034
"172.66.47.32",443,139,373947,0,0,101,370040,38,3907
"192.168.1.177",57644,33,8477,0,0,14,2241,19,6236
"192.168.1.177",57645,12,2019,0,0,7,1013,5,1006
"192.168.1.177",57646,26,11312,0,0,13,2914,13,8398
"2001:14ba:a051:8c00:ad01:ffd8:f040:eb85",57647,1,86,0,0,1,86,0,0
"2a05:d018:92c:7103:3856:f8eb:563:1465",443,2,172,0,0,0,0,2,172
"2001:14ba:a051:8c00:ad01:ffd8:f040:eb85",57648,1,86,0,0,1,86,0,0
"192.168.1.177",57649,26,8753,0,0,12,2064,14,6689
"54.246.51.107",443,39,10272,0,0,20,7250,19,3022
"192.168.1.177",57650,13,1519,0,0,7,958,6,561
"192.168.1.177",57652,34,29167,0,0,17,2049,17,27118
"35.185.44.232",443,34,29167,0,0,17,27118,17,2049
"2001:14ba:a051:8c00:ad01:ffd8:f040:eb85",57653,1,86,0,0,1,86,0,0
"192.168.1.177",57654,10,1099,0,0,6,618,4,481
"192.168.1.177",57657,11,720,0,0,6,377,5,343
"192.168.1.1",53,164,10751,0,0,75,5195,89,5556
"192.168.1.177",57658,11,708,0,0,6,377,5,331
"192.168.1.177",57659,11,749,0,0,6,377,5,372
"2001:14ba:a051:8c00:ad01:ffd8:f040:eb85",57662,1,86,0,0,1,86,0,0
"2600:1900:4110:86f::",80,1,86,0,0,0,0,1,86
"192.168.1.177",57663,2238,8518776,0,0,1034,88632,1204,8430144
"34.104.35.123",80,2238,8518776,0,0,1204,8430144,1034,88632
"2001:14ba:a051:8c00:ad01:ffd8:f040:eb85",57665,1,86,0,0,1,86,0,0
"2001:14ba:a051:8c00:ad01:ffd8:f040:eb85",57666,1,86,0,0,1,86,0,0
"192.168.1.177",57667,23,7357,0,0,13,1817,10,5540
"192.168.1.177",57668,12,1594,0,0,7,971,5,623
"2001:14ba:a051:8c00:ad01:ffd8:f040:eb85",57669,1,86,0,0,1,86,0,0
"2001:14ba:a051:8c00:ad01:ffd8:f040:eb85",57670,1,86,0,0,1,86,0,0
"192.168.1.177",57671,155,38599,0,0,72,20192,83,18407
"192.168.1.177",57673,11,732,0,0,6,383,5,349
"192.168.1.177",57674,11,720,0,0,6,383,5,337
"192.168.1.177",57675,11,761,0,0,6,383,5,378
"2001:14ba:a051:8c00:ad01:ffd8:f040:eb85",57676,1,86,0,0,1,86,0,0
"2001:14ba:a051:8c00:ad01:ffd8:f040:eb85",57677,1,86,0,0,1,86,0,0
"192.168.1.177",57678,1741,10422733,0,0,656,46185,1085,10376548
"192.168.1.177",57679,16,3149,0,0,9,1365,7,1784
"192.168.1.177",57682,35,3117,0,0,19,1677,16,1440
"2001:14ba:a051:8c00:ad01:ffd8:f040:eb85",57683,5,430,0,0,5,430,0,0
"2001:14ba:a051:8c00:ad01:ffd8:f040:eb85",57684,1,86,0,0,1,86,0,0
"2001:14ba:a051:8c00:ad01:ffd8:f040:eb85",57685,1,86,0,0,1,86,0,0
"192.168.1.177",57686,32,2505,0,0,17,1253,15,1252
"2001:14ba:a051:8c00:ad01:ffd8:f040:eb85",57687,5,430,0,0,5,430,0,0
"192.168.1.177",57688,36,10014,0,0,19,2415,17,7599
"2001:14ba:a051:8c00:ad01:ffd8:f040:eb85",57689,5,430,0,0,5,430,0,0
"2001:14ba:a051:8c00:ad01:ffd8:f040:eb85",57690,5,430,0,0,5,430,0,0
"192.168.1.177",57691,1373,225131,0,0,737,107100,636,118031
"192.168.1.177",57694,6,348,0,0,4,228,2,120
"192.168.1.177",57695,20,8815,0,0,9,1903,11,6912
"192.168.1.177",57697,28,4116,0,0,12,2078,16,2038
"192.168.1.177",57698,11,838,0,0,6,380,5,458
"192.168.1.177",57699,11,778,0,0,6,380,5,398
"192.168.1.177",57700,10,705,0,0,5,326,5,379
"2001:14ba:a051:8c00:ad01:ffd8:f040:eb85",57701,1,86,0,0,1,86,0,0
"2001:14ba:a051:8c00:ad01:ffd8:f040:eb85",57702,1,86,0,0,1,86,0,0
"192.168.1.177",57703,36,8511,0,0,18,2253,18,6258
"138.201.94.34",443,51,10280,0,0,25,7001,26,3279
"192.168.1.177",57704,15,1769,0,0,8,1026,7,743
"192.168.1.177",57705,149,37847,0,0,66,7871,83,29976
"216.58.210.163",443,149,37847,0,0,83,29976,66,7871
"192.168.1.177",57707,32,6391,0,0,16,1946,16,4445
"2001:14ba:a051:8c00:ad01:ffd8:f040:eb85",57708,5,430,0,0,5,430,0,0
"192.168.1.177",57709,211,26276,0,0,103,10942,108,15334
"192.168.1.177",57710,162,17945,0,0,68,9516,94,8429
"192.168.1.177",57711,250,38546,0,0,104,21904,146,16642
"192.168.1.177",57713,14,2321,0,0,7,1512,7,809
"192.168.1.177",57715,46,10653,0,0,22,6113,24,4540
"192.168.1.177",50122,10,1226,0,0,6,504,4,722
"192.168.1.177",50158,1399,10579220,0,0,359,24101,1040,10555119
"192.168.1.177",57718,11,668,0,0,6,365,5,303
"192.168.1.177",57719,11,684,0,0,6,365,5,319
"192.168.1.177",57720,11,668,0,0,6,365,5,303
"192.168.1.177",57724,11,668,0,0,6,365,5,303
"192.168.1.177",57725,11,684,0,0,6,365,5,319
"192.168.1.177",57726,11,668,0,0,6,365,5,303
"192.168.1.177",57730,221,101823,0,0,102,42703,119,59120
"216.58.210.133",443,221,101823,0,0,119,59120,102,42703
"192.168.1.177",57735,41,9729,0,0,20,2633,21,7096
"192.168.1.177",57736,104,17954,0,0,38,5101,66,12853
"192.168.1.177",57739,494,181563,0,0,208,150252,286,31311
"192.168.1.177",57740,49,10593,0,0,25,4385,24,6208
"2001:14ba:a051:8c00:ad01:ffd8:f040:eb85",57742,1,86,0,0,1,86,0,0
"192.168.1.177",57743,280,260710,0,0,99,33164,181,227546
"192.168.1.177",57749,37,13332,0,0,20,6249,17,7083
"192.168.1.177",57750,40,12089,0,0,20,3434,20,8655
"34.196.123.226",443,40,12089,0,0,20,8655,20,3434
"192.168.1.177",57754,112,38089,0,0,47,5744,65,32345
"192.168.1.177",57755,103,120506,0,0,33,4030,70,116476
"192.168.1.177",57756,33,9506,0,0,14,2055,19,7451
"192.168.1.177",57757,20,5456,0,0,10,1081,10,4375
"192.168.1.177",57758,48,8691,0,0,23,5139,25,3552
"192.168.1.177",57759,31,14529,0,0,16,2366,15,12163
"192.168.1.177",57760,32,4653,0,0,17,2758,15,1895
"192.168.1.177",57761,51,29296,0,0,22,3015,29,26281
"192.168.1.177",57763,967,509346,0,0,353,191278,614,318068
"192.168.1.177",57764,45,10763,0,0,21,5993,24,4770
"192.168.1.177",57766,110,25080,0,0,59,11002,51,14078
"159.69.190.238",443,110,25080,0,0,51,14078,59,11002
"2001:14ba:a051:8c00:ad01:ffd8:f040:eb85",57767,1,86,0,0,1,86,0,0
"192.168.1.177",57768,33,8881,0,0,14,2246,19,6635
"192.168.1.177",57769,35,10610,0,0,19,2827,16,7783
"192.168.1.177",57775,37,12690,0,0,15,3999,22,8691
"192.168.1.177",57776,26,15458,0,0,15,5930,11,9528
"2001:14ba:a051:8c00:ad01:ffd8:f040:eb85",57778,5,430,0,0,5,430,0,0
"192.168.1.177",57780,36,9977,0,0,17,2302,19,7675
"2001:14ba:a051:8c00:ad01:ffd8:f040:eb85",57782,5,430,0,0,5,430,0,0
"192.168.1.177",57784,19,5178,0,0,9,3081,10,2097
"192.168.1.177",57786,15,1268,0,0,8,553,7,715
"52.58.254.253",80,15,1268,0,0,7,715,8,553
"192.168.1.177",57787,26,6537,0,0,13,1326,13,5211
"52.58.254.253",443,26,6537,0,0,13,5211,13,1326
"2001:14ba:a051:8c00:ad01:ffd8:f040:eb85",57789,5,430,0,0,5,430,0,0
"192.168.1.177",57790,52,26517,0,0,18,2891,34,23626
"192.168.1.177",57792,24,7072,0,0,13,1295,11,5777
"152.199.20.80",443,48,14129,0,0,23,11596,25,2533
"192.168.1.177",57793,24,7057,0,0,12,1238,12,5819
"192.168.1.177",57795,16,2861,0,0,8,1854,8,1007
"192.168.1.177",57796,60,55646,0,0,21,3290,39,52356
"2001:14ba:a051:8c00:ad01:ffd8:f040:eb85",57800,1,86,0,0,1,86,0,0
"2a02:26f0:41:385::2c1a",80,2,172,0,0,0,0,2,172
"192.168.1.177",57801,14,3516,0,0,7,2830,7,686
"2.18.74.119",80,46,13320,0,0,23,2166,23,11154
"192.168.1.177",57802,13,5257,0,0,7,2823,6,2434
"52.142.223.178",80,39,18303,0,0,19,7344,20,10959
"192.168.1.177",57804,32,5722,0,0,17,3574,15,2148
"192.168.1.177",57806,22,7831,0,0,11,2350,11,5481
"192.168.1.177",57807,36,6483,0,0,19,3751,17,2732
"192.168.1.177",57808,23,6670,0,0,13,1221,10,5449
"140.82.121.6",443,23,6670,0,0,10,5449,13,1221
"192.168.1.177",57810,20,4541,0,0,10,3016,10,1525
"2001:14ba:a051:8c00:ad01:ffd8:f040:eb85",57811,1,86,0,0,1,86,0,0
"192.168.1.177",57812,70,245265,0,0,35,3430,35,241835
"2001:14ba:a051:8c00:ad01:ffd8:f040:eb85",57815,1,86,0,0,1,86,0,0
"192.168.1.177",57816,16,4902,0,0,8,4162,8,740
"192.168.1.177",57817,26,13046,0,0,13,8136,13,4910
"192.168.1.177",57818,16,4902,0,0,8,4162,8,740
"192.168.1.177",57821,20,4472,0,0,10,2931,10,1541
"192.168.1.177",57823,19,4990,0,0,10,3508,9,1482
"192.168.1.177",57826,20,4472,0,0,10,2931,10,1541
"2001:14ba:a051:8c00:ad01:ffd8:f040:eb85",57828,1,86,0,0,1,86,0,0
"2001:14ba:a051:8c00:ad01:ffd8:f040:eb85",57829,1,86,0,0,1,86,0,0
"192.168.1.177",57830,133,26542,0,0,63,16602,70,9940
"192.168.1.177",57831,19,2528,0,0,10,1204,9,1324
"192.168.1.177",57832,24,18781,0,0,10,1236,14,17545
"192.168.1.177",57833,20,7604,0,0,9,1557,11,6047
"192.168.1.177",57834,22,6460,0,0,9,1957,13,4503
"185.136.68.145",443,68,21040,0,0,40,13563,28,7477
"192.168.1.177",57835,22,6652,0,0,9,2149,13,4503
"192.168.1.177",57837,42,12257,0,0,20,2574,22,9683
"192.168.1.177",57838,20,4472,0,0,10,2931,10,1541
"2001:14ba:a051:8c00:ad01:ffd8:f040:eb85",57841,5,430,0,0,5,430,0,0
"2001:14ba:a051:8c00:ad01:ffd8:f040:eb85",57842,5,430,0,0,5,430,0,0
"2001:14ba:a051:8c00:ad01:ffd8:f040:eb85",57840,5,430,0,0,5,430,0,0
"2001:14ba:a051:8c00:ad01:ffd8:f040:eb85",57843,5,430,0,0,5,430,0,0
"2001:14ba:a051:8c00:ad01:ffd8:f040:eb85",57844,5,430,0,0,5,430,0,0
"192.168.1.177",57845,24,7928,0,0,10,3371,14,4557
"192.168.1.177",57847,19,4907,0,0,10,3425,9,1482
"192.168.1.177",57850,19,7286,0,0,9,990,10,6296
"192.168.1.177",57851,19,7328,0,0,9,990,10,6338
"192.168.1.177",57849,19,7281,0,0,9,990,10,6291
"192.168.1.177",57852,19,7286,0,0,9,990,10,6296
"192.168.1.177",57853,19,7328,0,0,9,990,10,6338
"192.168.1.177",57854,19,4430,0,0,10,2931,9,1499
"192.168.1.177",57858,20,4472,0,0,10,2931,10,1541
"192.168.1.177",57859,18,7413,0,0,8,1674,10,5739
"13.107.5.88",443,18,7413,0,0,10,5739,8,1674
"192.168.1.177",57862,30,10231,0,0,15,2750,15,7481
"192.168.1.177",57864,20,4472,0,0,10,2931,10,1541
"192.168.1.177",57865,40,10359,0,0,19,5907,21,4452
"192.168.1.177",50146,30,2743,0,0,17,1567,13,1176
"195.148.124.36",5207,92629,116150666,0,0,16633,1125536,75996,115025130
"192.168.1.177",57868,26,6030,0,0,13,3747,13,2283
"192.168.1.177",50124,10,1226,0,0,6,504,4,722
"192.168.1.177",57869,22,5041,0,0,11,3148,11,1893
"192.168.1.177",50134,30,2761,0,0,17,1580,13,1181
"195.148.124.36",5203,20617,248935012,0,0,14598,248535599,6019,399413
"192.168.1.177",50130,10,1228,0,0,6,505,4,723
"192.168.1.177",50148,28,10099,0,0,16,1796,12,8303
"192.168.1.177",57871,20,4472,0,0,10,2931,10,1541
"192.168.1.177",50088,35,3077,0,0,19,1706,16,1371
"188.166.241.168",5209,1445,1412266,0,0,514,34091,931,1378175
"192.168.1.177",50092,1410,1409189,0,0,912,1376469,498,32720
"192.168.1.177",57872,20,6780,0,0,11,1487,9,5293
"152.199.20.202",443,20,6780,0,0,9,5293,11,1487
"192.168.1.177",57875,20,4472,0,0,10,2931,10,1541
"192.168.1.177",57878,60,20519,0,0,27,12777,33,7742
"192.168.1.177",57879,21,5572,0,0,12,1973,9,3599
"192.168.1.177",57880,46,12709,0,0,23,4938,23,7771
"192.168.1.177",57881,19871,27036749,0,0,15871,23628593,4000,3408156
"192.168.1.177",57883,754,3140297,0,0,220,15638,534,3124659
"192.168.1.177",57884,647,2955301,0,0,200,13454,447,2941847
"192.168.1.177",57886,24,23252,0,0,13,6268,11,16984
"20.190.181.3",443,24,23252,0,0,11,16984,13,6268
"192.168.1.177",57887,20,18753,0,0,11,4096,9,14657
"192.168.1.177",57888,21,19685,0,0,11,4979,10,14706
"192.168.1.177",57889,93,309688,0,0,27,8222,66,301466
"192.168.1.177",57890,21,8935,0,0,10,1823,11,7112
"52.85.49.50",443,21,8935,0,0,11,7112,10,1823
"192.168.1.177",57891,154,1010599,0,0,48,6267,106,1004332
"192.168.1.177",57892,159,952009,0,0,55,5379,104,946630
"192.168.1.177",57893,128,953597,0,0,52,4588,76,949009
"192.168.1.177",57894,22,8287,0,0,11,2811,11,5476
"192.168.1.177",57896,23,8314,0,0,11,2066,12,6248
"62.183.170.16",443,23,8314,0,0,12,6248,11,2066
"192.168.1.177",57897,23,9244,0,0,11,1802,12,7442
"54.246.205.176",443,37,12042,0,0,20,8613,17,3429
"192.168.1.177",57898,14,2798,0,0,6,1627,8,1171
