Address,Port,Packets,Bytes,Total Packets,Percent Filtered,Tx Packets,Tx Bytes,Rx Packets,Rx Bytes
"192.168.1.1",42224,6,2354,0,0,6,2354,0,0
"239.255.255.250",1900,6141,2307855,0,0,0,0,6141,2307855
"192.168.1.1",36806,2,884,0,0,2,884,0,0
"192.168.1.62",5353,7571,597506,0,0,7571,597506,0,0
"224.0.0.251",5353,8100,654326,0,0,0,0,8100,654326
"fe80::f17b:6c72:fea6:5dc5",5353,7684,760095,0,0,7684,760095,0,0
"ff02::fb",5353,8222,826778,0,0,0,0,8222,826778
"fe80::f17b:6c72:fea6:5dc5",57859,6,558,0,0,6,558,0,0
"ff02::1:3",5355,7660,711548,0,0,0,0,7660,711548
"192.168.1.62",57859,6,438,0,0,6,438,0,0
"224.0.0.252",5355,7715,562369,0,0,0,0,7715,562369
"fe80::f17b:6c72:fea6:5dc5",62935,2,186,0,0,2,186,0,0
"192.168.1.62",62935,2,146,0,0,2,146,0,0
"192.168.1.177",57621,232,19952,0,0,232,19952,0,0
"192.168.1.255",57621,232,19952,0,0,0,0,232,19952
"192.168.1.62",137,5800,533600,0,0,5800,533600,0,0
"192.168.1.255",137,5800,533600,0,0,0,0,5800,533600
"fe80::f17b:6c72:fea6:5dc5",59024,4,372,0,0,4,372,0,0
"192.168.1.62",59024,4,292,0,0,4,292,0,0
"fe80::f17b:6c72:fea6:5dc5",54119,2,186,0,0,2,186,0,0
"192.168.1.62",54119,2,146,0,0,2,146,0,0
"192.168.1.1",38723,6,2354,0,0,6,2354,0,0
"192.168.1.1",37011,2,884,0,0,2,884,0,0
"fe80::f17b:6c72:fea6:5dc5",58711,2,186,0,0,2,186,0,0
"192.168.1.62",58711,2,146,0,0,2,146,0,0
"fe80::f17b:6c72:fea6:5dc5",61044,6,558,0,0,6,558,0,0
"192.168.1.62",61044,6,438,0,0,6,438,0,0
"2001:14ba:a051:8c00:61b5:31a4:d1f8:cc83",62383,1,94,0,0,1,94,0,0
"2001:14b8:1000::1",53,1031,106880,0,0,0,0,1031,106880
"2001:14ba:a051:8c00:61b5:31a4:d1f8:cc83",58188,1,94,0,0,1,94,0,0
"192.168.1.177",62383,2,164,0,0,1,74,1,90
"192.168.1.1",53,3127,327671,0,0,1561,198577,1566,129094
"192.168.1.177",58188,2,213,0,0,1,74,1,139
"2001:14ba:a051:8c00:61b5:31a4:d1f8:cc83",56217,1,94,0,0,1,94,0,0
"192.168.1.177",56217,2,164,0,0,1,74,1,90
"2001:14ba:a051:8c00:61b5:31a4:d1f8:cc83",53664,1,94,0,0,1,94,0,0
"192.168.1.177",53664,2,148,0,0,1,74,1,74
"192.168.1.1",60382,7,2446,0,0,7,2446,0,0
"2001:14ba:a051:8c00:61b5:31a4:d1f8:cc83",55074,1,96,0,0,1,96,0,0
"2001:14ba:a051:8c00:61b5:31a4:d1f8:cc83",57343,1,96,0,0,1,96,0,0
"192.168.1.177",57343,2,210,0,0,1,76,1,134
"192.168.1.177",55074,2,186,0,0,1,76,1,110
"2001:14ba:a051:8c00:61b5:31a4:d1f8:cc83",59772,1,96,0,0,1,96,0,0
"2001:14ba:a051:8c00:61b5:31a4:d1f8:cc83",62543,1,93,0,0,1,93,0,0
"192.168.1.177",59772,2,168,0,0,1,76,1,92
"2001:14ba:a051:8c00:61b5:31a4:d1f8:cc83",60896,1,96,0,0,1,96,0,0
"192.168.1.177",62543,2,197,0,0,1,73,1,124
"2001:14ba:a051:8c00:61b5:31a4:d1f8:cc83",51817,1,101,0,0,1,101,0,0
"192.168.1.177",51817,2,178,0,0,1,81,1,97
"192.168.1.177",60896,2,210,0,0,1,76,1,134
"2001:14ba:a051:8c00:61b5:31a4:d1f8:cc83",49554,1,93,0,0,1,93,0,0
"192.168.1.177",49554,2,197,0,0,1,73,1,124
"192.168.1.1",36821,2,884,0,0,2,884,0,0
"2001:14ba:a051:8c00:61b5:31a4:d1f8:cc83",56467,2,199,0,0,2,199,0,0
"2001:14ba:a051:8c00:61b5:31a4:d1f8:cc83",59398,1,96,0,0,1,96,0,0
"192.168.1.177",59398,2,210,0,0,1,76,1,134
"192.168.1.177",56467,4,362,0,0,2,159,2,203
"2001:14ba:a051:8c00:61b5:31a4:d1f8:cc83",64670,1,96,0,0,1,96,0,0
"192.168.1.177",64670,2,168,0,0,1,76,1,92
"2001:14ba:a051:8c00:61b5:31a4:d1f8:cc83",54940,1,96,0,0,1,96,0,0
"192.168.1.177",54940,2,152,0,0,1,76,1,76
"192.168.1.177",54941,449,569508,0,0,31,5109,418,564399
"35.241.46.245",443,461,574046,0,0,424,566724,37,7322
"2001:14ba:a051:8c00:61b5:31a4:d1f8:cc83",50060,2,199,0,0,2,199,0,0
"2001:14ba:a051:8c00:61b5:31a4:d1f8:cc83",61155,1,96,0,0,1,96,0,0
"192.168.1.177",50060,4,362,0,0,2,159,2,203
"192.168.1.177",61155,2,213,0,0,1,76,1,137
"2001:14ba:a051:8c00:61b5:31a4:d1f8:cc83",49205,1,96,0,0,1,96,0,0
"192.168.1.177",49205,2,168,0,0,1,76,1,92
"2001:14ba:a051:8c00:61b5:31a4:d1f8:cc83",57576,1,96,0,0,1,96,0,0
"192.168.1.177",57576,2,152,0,0,1,76,1,76
"fe80::f17b:6c72:fea6:5dc5",49724,6,558,0,0,6,558,0,0
"192.168.1.62",49724,6,438,0,0,6,438,0,0
"fe80::f17b:6c72:fea6:5dc5",55327,2,186,0,0,2,186,0,0
"192.168.1.62",55327,2,146,0,0,2,146,0,0
"2001:14ba:a051:8c00:61b5:31a4:d1f8:cc83",53528,1,96,0,0,1,96,0,0
"2001:14ba:a051:8c00:61b5:31a4:d1f8:cc83",56656,1,96,0,0,1,96,0,0
"192.168.1.177",56656,2,180,0,0,1,76,1,104
"192.168.1.177",53528,2,168,0,0,1,76,1,92
"2001:14ba:a051:8c00:61b5:31a4:d1f8:cc83",57126,1,96,0,0,1,96,0,0
"192.168.1.177",57126,2,168,0,0,1,76,1,92
"2001:14ba:a051:8c00:61b5:31a4:d1f8:cc83",54718,1,96,0,0,1,96,0,0
"192.168.1.177",54718,2,180,0,0,1,76,1,104
"192.168.1.210",5353,133,20233,0,0,133,20233,0,0
"fe80::1082:713d:3d2c:a607",5353,133,22893,0,0,133,22893,0,0
"2001:14ba:a051:8c00:61b5:31a4:d1f8:cc83",59145,1,96,0,0,1,96,0,0
"2001:14ba:a051:8c00:61b5:31a4:d1f8:cc83",56337,1,96,0,0,1,96,0,0
"192.168.1.177",59145,2,273,0,0,1,76,1,197
"192.168.1.177",56337,2,256,0,0,1,76,1,180
"2001:14ba:a051:8c00:61b5:31a4:d1f8:cc83",61697,1,107,0,0,1,107,0,0
"192.168.1.177",61697,2,254,0,0,1,87,1,167
"2001:14ba:a051:8c00:61b5:31a4:d1f8:cc83",61014,1,107,0,0,1,107,0,0
"192.168.1.177",61014,2,174,0,0,1,87,1,87
"2001:14ba:a051:8c00:61b5:31a4:d1f8:cc83",63793,1,96,0,0,1,96,0,0
"192.168.1.177",63793,2,273,0,0,1,76,1,197
"fe80::f17b:6c72:fea6:5dc5",49159,4,372,0,0,4,372,0,0
"192.168.1.62",49159,4,292,0,0,4,292,0,0
"fe80::f17b:6c72:fea6:5dc5",62715,6,558,0,0,6,558,0,0
"192.168.1.62",62715,6,438,0,0,6,438,0,0
"192.168.1.177",63794,4,848,0,0,4,848,0,0
"2001:14ba:a051:8c00:61b5:31a4:d1f8:cc83",52534,1,84,0,0,1,84,0,0
"2001:14ba:a051:8c00:61b5:31a4:d1f8:cc83",49548,1,84,0,0,1,84,0,0
"2001:14ba:a051:8c00:61b5:31a4:d1f8:cc83",52831,1,91,0,0,1,91,0,0
"2001:14ba:a051:8c00:61b5:31a4:d1f8:cc83",49647,1,91,0,0,1,91,0,0
"192.168.1.177",52534,2,144,0,0,1,64,1,80
"192.168.1.177",49548,2,156,0,0,1,64,1,92
"192.168.1.177",52831,2,158,0,0,1,71,1,87
"192.168.1.177",49647,2,170,0,0,1,71,1,99
"2001:14ba:a051:8c00:61b5:31a4:d1f8:cc83",50176,1,84,0,0,1,84,0,0
"2001:14ba:a051:8c00:61b5:31a4:d1f8:cc83",58152,1,91,0,0,1,91,0,0
"fe80::f17b:6c72:fea6:5dc5",51878,2,186,0,0,2,186,0,0
"192.168.1.62",51878,2,146,0,0,2,146,0,0
"fe80::f17b:6c72:fea6:5dc5",59363,4,360,0,0,4,360,0,0
"192.168.1.62",59363,4,280,0,0,4,280,0,0
"192.168.1.177",50176,2,144,0,0,1,64,1,80
"192.168.1.177",58152,2,158,0,0,1,71,1,87
"2001:14ba:a051:8c00:61b5:31a4:d1f8:cc83",59500,1,84,0,0,1,84,0,0
"2001:14ba:a051:8c00:61b5:31a4:d1f8:cc83",59501,1,91,0,0,1,91,0,0
"192.168.1.177",59500,2,156,0,0,1,64,1,92
"192.168.1.177",59501,2,170,0,0,1,71,1,99
"2001:14ba:a051:8c00:61b5:31a4:d1f8:cc83",61741,1,101,0,0,1,101,0,0
"2001:14ba:a051:8c00:61b5:31a4:d1f8:cc83",56292,1,101,0,0,1,101,0,0
"192.168.1.177",61741,2,178,0,0,1,81,1,97
"192.168.1.177",56292,2,190,0,0,1,81,1,109
"2001:14ba:a051:8c00:61b5:31a4:d1f8:cc83",65344,1,101,0,0,1,101,0,0
"192.168.1.177",65344,2,178,0,0,1,81,1,97
"2001:14ba:a051:8c00:61b5:31a4:d1f8:cc83",59375,1,101,0,0,1,101,0,0
"192.168.1.177",59375,2,190,0,0,1,81,1,109
"192.168.1.177",5353,291,25772,0,0,291,25772,0,0
"fe80::3c64:85d8:f884:544c",5353,405,43790,0,0,405,43790,0,0
"2001:14ba:a051:8c00:61b5:31a4:d1f8:cc83",52743,1,89,0,0,1,89,0,0
"2001:14ba:a051:8c00:61b5:31a4:d1f8:cc83",52874,1,89,0,0,1,89,0,0
"fe80::f17b:6c72:fea6:5dc5",59961,2,186,0,0,2,186,0,0
"192.168.1.62",59961,2,146,0,0,2,146,0,0
"fe80::f17b:6c72:fea6:5dc5",62386,2,186,0,0,2,186,0,0
"192.168.1.62",62386,2,146,0,0,2,146,0,0
"192.168.1.177",52743,2,154,0,0,1,69,1,85
"192.168.1.177",52874,2,138,0,0,1,69,1,69
"192.168.1.177",53422,2,182,0,0,1,83,1,99
"192.168.1.177",50917,4,453,0,0,2,161,2,292
"192.168.1.177",60545,2,182,0,0,1,83,1,99
"192.168.1.177",50114,4,392,0,0,2,168,2,224
"192.168.1.1",35165,6,2354,0,0,6,2354,0,0
"192.168.1.1",37183,2,884,0,0,2,884,0,0
"fe80::f17b:6c72:fea6:5dc5",58195,3,279,0,0,3,279,0,0
"192.168.1.62",58195,3,219,0,0,3,219,0,0
"fe80::f17b:6c72:fea6:5dc5",63298,3,279,0,0,3,279,0,0
"192.168.1.62",63298,4,292,0,0,4,292,0,0
"fe80::f17b:6c72:fea6:5dc5",50152,4,372,0,0,4,372,0,0
"192.168.1.62",50152,4,292,0,0,4,292,0,0
"fe80::f17b:6c72:fea6:5dc5",56063,4,372,0,0,4,372,0,0
"192.168.1.62",56063,4,292,0,0,4,292,0,0
"192.168.1.177",58251,2,154,0,0,1,69,1,85
"192.168.1.177",61614,2,138,0,0,1,69,1,69
"192.168.1.177",49605,2,182,0,0,1,83,1,99
"192.168.1.177",58471,2,194,0,0,1,83,1,111
"192.168.1.177",51606,2,182,0,0,1,83,1,99
"192.168.1.177",54223,2,194,0,0,1,83,1,111
"192.168.1.1",53338,6,2354,0,0,6,2354,0,0
"192.168.1.177",51118,2,182,0,0,1,76,1,106
"192.168.1.177",51061,2,182,0,0,1,76,1,106
"192.168.1.177",57837,2,152,0,0,1,76,1,76
"192.168.1.177",50716,2,198,0,0,1,76,1,122
"192.168.1.1",38006,2,884,0,0,2,884,0,0
"192.168.1.177",58201,2,176,0,0,1,80,1,96
"192.168.1.177",56137,2,188,0,0,1,80,1,108
"192.168.1.177",57828,2,176,0,0,1,80,1,96
"192.168.1.177",56548,2,188,0,0,1,80,1,108
"fe80::f17b:6c72:fea6:5dc5",64055,2,186,0,0,2,186,0,0
"192.168.1.62",64055,2,146,0,0,2,146,0,0
"fe80::f17b:6c72:fea6:5dc5",59178,2,186,0,0,2,186,0,0
"192.168.1.62",59178,2,146,0,0,2,146,0,0
"fe80::f17b:6c72:fea6:5dc5",54396,4,372,0,0,4,372,0,0
"192.168.1.62",54396,4,292,0,0,4,292,0,0
"fe80::f17b:6c72:fea6:5dc5",53735,2,186,0,0,2,186,0,0
"192.168.1.62",53735,2,146,0,0,2,146,0,0
"192.168.1.177",59822,52,8684,0,0,52,8684,0,0
"192.168.1.177",64740,2,200,0,0,1,92,1,108
"192.168.1.177",61498,2,242,0,0,1,92,1,150
"192.168.1.177",57147,2,200,0,0,1,92,1,108
"192.168.1.177",57798,2,184,0,0,1,92,1,92
"192.168.1.177",57799,13,7955,0,0,6,1904,7,6051
"34.117.138.150",443,4115,3364873,0,0,3242,3173872,873,191001
"192.168.1.177",57800,380,383040,0,0,46,11892,334,371148
"fe80::f17b:6c72:fea6:5dc5",59102,4,372,0,0,4,372,0,0
"192.168.1.62",59102,4,292,0,0,4,292,0,0
"fe80::f17b:6c72:fea6:5dc5",63066,2,186,0,0,2,186,0,0
"192.168.1.62",63066,2,146,0,0,2,146,0,0
"fe80::f17b:6c72:fea6:5dc5",65229,8,732,0,0,8,732,0,0
"192.168.1.62",65229,8,572,0,0,8,572,0,0
"fe80::f17b:6c72:fea6:5dc5",59260,2,186,0,0,2,186,0,0
"192.168.1.62",59260,2,146,0,0,2,146,0,0
"192.168.1.1",33862,1,92,0,0,1,92,0,0
"192.168.1.177",137,150,13800,0,0,0,0,150,13800
"192.168.1.177",53705,2,237,0,0,1,83,1,154
"192.168.1.177",61364,2,225,0,0,1,83,1,142
"192.168.1.177",50545,2,270,0,0,1,83,1,187
"fe80::f17b:6c72:fea6:5dc5",63698,2,186,0,0,2,186,0,0
"192.168.1.62",63698,2,146,0,0,2,146,0,0
"fe80::f17b:6c72:fea6:5dc5",57091,2,186,0,0,2,186,0,0
"192.168.1.62",57091,2,146,0,0,2,146,0,0
"fe80::f17b:6c72:fea6:5dc5",50275,2,186,0,0,2,186,0,0
"192.168.1.62",50275,2,146,0,0,2,146,0,0
"fe80::f17b:6c72:fea6:5dc5",56322,2,186,0,0,2,186,0,0
"192.168.1.62",56322,2,146,0,0,2,146,0,0
"192.168.1.177",59583,4,868,0,0,4,868,0,0
"192.168.1.62",63932,6,1014,0,0,6,1014,0,0
"fe80::f17b:6c72:fea6:5dc5",62422,2,186,0,0,2,186,0,0
"192.168.1.62",62422,2,146,0,0,2,146,0,0
"fe80::f17b:6c72:fea6:5dc5",52251,2,186,0,0,2,186,0,0
"192.168.1.62",52251,2,146,0,0,2,146,0,0
"fe80::f17b:6c72:fea6:5dc5",60332,2,186,0,0,2,186,0,0
"192.168.1.62",60332,2,146,0,0,2,146,0,0
"fe80::f17b:6c72:fea6:5dc5",65349,2,186,0,0,2,186,0,0
"192.168.1.62",65349,2,146,0,0,2,146,0,0
"192.168.1.177",61196,2,154,0,0,1,69,1,85
"192.168.1.177",49791,2,138,0,0,1,69,1,69
"192.168.1.1",39336,6,2354,0,0,6,2354,0,0
"192.168.1.1",40394,2,884,0,0,2,884,0,0
"fe80::f17b:6c72:fea6:5dc5",61596,2,186,0,0,2,186,0,0
"192.168.1.62",61596,2,146,0,0,2,146,0,0
"fe80::f17b:6c72:fea6:5dc5",63872,4,372,0,0,4,372,0,0
"fe80::f17b:6c72:fea6:5dc5",63019,2,186,0,0,2,186,0,0
"192.168.1.62",63872,4,292,0,0,4,292,0,0
"192.168.1.62",63019,2,146,0,0,2,146,0,0
"fe80::f17b:6c72:fea6:5dc5",51273,2,186,0,0,2,186,0,0
"192.168.1.62",51273,2,146,0,0,2,146,0,0
"fe80::f17b:6c72:fea6:5dc5",49246,4,372,0,0,4,372,0,0
"192.168.1.62",49246,4,292,0,0,4,292,0,0
"fe80::f17b:6c72:fea6:5dc5",57880,2,186,0,0,2,186,0,0
"192.168.1.62",57880,2,146,0,0,2,146,0,0
"192.168.1.1",39248,6,2354,0,0,6,2354,0,0
"192.168.1.1",50308,2,884,0,0,2,884,0,0
"fe80::f17b:6c72:fea6:5dc5",64597,4,372,0,0,4,372,0,0
"192.168.1.62",64597,4,292,0,0,4,292,0,0
"fe80::f17b:6c72:fea6:5dc5",60557,2,186,0,0,2,186,0,0
"192.168.1.62",60557,2,146,0,0,2,146,0,0
"192.168.1.177",60322,2,223,0,0,1,87,1,136
"192.168.1.177",50224,2,235,0,0,1,87,1,148
"fe80::f17b:6c72:fea6:5dc5",55752,6,546,0,0,6,546,0,0
"192.168.1.62",55752,6,426,0,0,6,426,0,0
"fe80::f17b:6c72:fea6:5dc5",62584,2,186,0,0,2,186,0,0
"192.168.1.62",62584,2,146,0,0,2,146,0,0
"192.168.1.62",56756,2,146,0,0,2,146,0,0
"fe80::f17b:6c72:fea6:5dc5",61092,2,186,0,0,2,186,0,0
"192.168.1.62",61092,2,146,0,0,2,146,0,0
"fe80::f17b:6c72:fea6:5dc5",56756,1,93,0,0,1,93,0,0
"fe80::f17b:6c72:fea6:5dc5",52962,2,186,0,0,2,186,0,0
"192.168.1.62",52962,2,146,0,0,2,146,0,0
"fe80::f17b:6c72:fea6:5dc5",53546,2,186,0,0,2,186,0,0
"192.168.1.62",53546,2,146,0,0,2,146,0,0
"192.168.1.177",52378,4,403,0,0,2,168,2,235
"192.168.1.177",54483,16,1908,0,0,8,640,8,1268
"192.168.1.177",56752,2,138,0,0,1,69,1,69
"192.168.1.177",61951,2,154,0,0,1,69,1,85
"192.168.1.177",60309,2,138,0,0,1,69,1,69
"fe80::f17b:6c72:fea6:5dc5",56291,2,186,0,0,2,186,0,0
"192.168.1.62",56291,2,146,0,0,2,146,0,0
"fe80::f17b:6c72:fea6:5dc5",52497,2,186,0,0,2,186,0,0
"192.168.1.62",52497,2,146,0,0,2,146,0,0
"2001:14ba:a051:8c00:61b5:31a4:d1f8:cc83",59860,378,40680,0,0,378,40680,0,0
"2001:14b8:1000::2",53,356,37327,0,0,0,0,356,37327
"192.168.1.177",59859,462,40748,0,0,231,20240,231,20508
"fe80::f17b:6c72:fea6:5dc5",63042,2,186,0,0,2,186,0,0
"192.168.1.62",63042,2,146,0,0,2,146,0,0
"fe80::f17b:6c72:fea6:5dc5",56944,2,186,0,0,2,186,0,0
"192.168.1.62",56944,2,146,0,0,2,146,0,0
"fe80::f17b:6c72:fea6:5dc5",60980,2,186,0,0,2,186,0,0
"192.168.1.62",60980,2,146,0,0,2,146,0,0
"fe80::f17b:6c72:fea6:5dc5",63076,4,372,0,0,4,372,0,0
"192.168.1.62",63076,4,292,0,0,4,292,0,0
"192.168.1.177",50996,2,207,0,0,1,80,1,127
"192.168.1.1",54254,6,2354,0,0,6,2354,0,0
"fe80::f17b:6c72:fea6:5dc5",65245,2,186,0,0,2,186,0,0
"192.168.1.62",65245,2,146,0,0,2,146,0,0
"fe80::f17b:6c72:fea6:5dc5",62012,2,186,0,0,2,186,0,0
"fe80::f17b:6c72:fea6:5dc5",60821,4,372,0,0,4,372,0,0
"192.168.1.62",62012,2,146,0,0,2,146,0,0
"192.168.1.62",60821,4,292,0,0,4,292,0,0
"fe80::f17b:6c72:fea6:5dc5",58965,2,186,0,0,2,186,0,0
"192.168.1.62",58965,2,146,0,0,2,146,0,0
"192.168.1.177",54222,4,360,0,0,2,164,2,196
"192.168.1.177",57115,2,257,0,0,1,88,1,169
"192.168.1.177",56684,2,192,0,0,1,88,1,104
"192.168.1.177",57116,12,5494,0,0,6,2845,6,2649
"34.110.207.168",443,125,56678,0,0,61,26557,64,30121
"192.168.1.1",55549,2,884,0,0,2,884,0,0
"192.168.1.177",58371,2,176,0,0,1,88,1,88
"fe80::f17b:6c72:fea6:5dc5",63347,2,186,0,0,2,186,0,0
"fe80::f17b:6c72:fea6:5dc5",50740,4,372,0,0,4,372,0,0
"192.168.1.62",63347,2,146,0,0,2,146,0,0
"192.168.1.62",50740,4,292,0,0,4,292,0,0
"fe80::f17b:6c72:fea6:5dc5",60217,2,186,0,0,2,186,0,0
"fe80::f17b:6c72:fea6:5dc5",60053,2,186,0,0,2,186,0,0
"192.168.1.62",60053,2,146,0,0,2,146,0,0
"192.168.1.62",60217,2,146,0,0,2,146,0,0
"192.168.1.1",49434,6,2354,0,0,6,2354,0,0
"192.168.1.1",35149,2,884,0,0,2,884,0,0
"fe80::f17b:6c72:fea6:5dc5",57963,4,372,0,0,4,372,0,0
"192.168.1.62",57963,4,292,0,0,4,292,0,0
"fe80::f17b:6c72:fea6:5dc5",59239,2,186,0,0,2,186,0,0
"192.168.1.62",59239,2,146,0,0,2,146,0,0
"192.168.1.253",59511,4,868,0,0,4,868,0,0
"192.168.1.1",56475,6,2354,0,0,6,2354,0,0
"192.168.1.1",51354,2,884,0,0,2,884,0,0
"fe80::f17b:6c72:fea6:5dc5",51559,2,186,0,0,2,186,0,0
"192.168.1.62",51559,2,146,0,0,2,146,0,0
"fe80::f17b:6c72:fea6:5dc5",65003,2,186,0,0,2,186,0,0
"192.168.1.62",65003,2,146,0,0,2,146,0,0
"fe80::f17b:6c72:fea6:5dc5",59391,2,186,0,0,2,186,0,0
"192.168.1.62",59391,2,146,0,0,2,146,0,0
"fe80::f17b:6c72:fea6:5dc5",51679,2,186,0,0,2,186,0,0
"192.168.1.62",51679,2,146,0,0,2,146,0,0
"192.168.1.1",42521,6,2354,0,0,6,2354,0,0
"fe80::f17b:6c72:fea6:5dc5",53349,2,186,0,0,2,186,0,0
"192.168.1.62",53349,2,146,0,0,2,146,0,0
"fe80::f17b:6c72:fea6:5dc5",60042,2,186,0,0,2,186,0,0
"192.168.1.62",60042,2,146,0,0,2,146,0,0
"fe80::f17b:6c72:fea6:5dc5",52544,4,372,0,0,4,372,0,0
"192.168.1.62",52544,4,292,0,0,4,292,0,0
"fe80::f17b:6c72:fea6:5dc5",64601,2,186,0,0,2,186,0,0
"192.168.1.62",64601,2,146,0,0,2,146,0,0
"192.168.1.1",32795,2,884,0,0,2,884,0,0
"fe80::f17b:6c72:fea6:5dc5",55348,2,186,0,0,2,186,0,0
"192.168.1.62",55348,2,146,0,0,2,146,0,0
"fe80::f17b:6c72:fea6:5dc5",54622,2,186,0,0,2,186,0,0
"192.168.1.62",54622,2,146,0,0,2,146,0,0
"fe80::f17b:6c72:fea6:5dc5",49727,4,372,0,0,4,372,0,0
"192.168.1.62",49727,4,292,0,0,4,292,0,0
"fe80::f17b:6c72:fea6:5dc5",60462,2,186,0,0,2,186,0,0
"192.168.1.62",60462,2,146,0,0,2,146,0,0
"fe80::f17b:6c72:fea6:5dc5",65092,2,186,0,0,2,186,0,0
"192.168.1.62",65092,2,146,0,0,2,146,0,0
"fe80::f17b:6c72:fea6:5dc5",52739,2,186,0,0,2,186,0,0
"192.168.1.62",52739,2,146,0,0,2,146,0,0
"fe80::f17b:6c72:fea6:5dc5",55399,2,186,0,0,2,186,0,0
"192.168.1.62",55399,2,146,0,0,2,146,0,0
"fe80::f17b:6c72:fea6:5dc5",51164,2,186,0,0,2,186,0,0
"192.168.1.62",51164,2,146,0,0,2,146,0,0
"2001:14ba:a051:8c00:61b5:31a4:d1f8:cc83",54740,2,206,0,0,2,206,0,0
"2001:14ba:a051:8c00:61b5:31a4:d1f8:cc83",64471,2,206,0,0,2,206,0,0
"192.168.1.1",44667,1,92,0,0,1,92,0,0
"192.168.1.177",64471,2,194,0,0,1,83,1,111
"192.168.1.177",54740,2,182,0,0,1,83,1,99
"2001:14ba:a051:8c00:61b5:31a4:d1f8:cc83",54772,1,103,0,0,1,103,0,0
"192.168.1.177",54772,2,182,0,0,1,83,1,99
"2001:14ba:a051:8c00:61b5:31a4:d1f8:cc83",49169,1,103,0,0,1,103,0,0
"192.168.1.177",49169,2,194,0,0,1,83,1,111
"fe80::f17b:6c72:fea6:5dc5",64475,2,186,0,0,2,186,0,0
"192.168.1.62",64475,2,146,0,0,2,146,0,0
"fe80::f17b:6c72:fea6:5dc5",62700,2,186,0,0,2,186,0,0
"fe80::f17b:6c72:fea6:5dc5",49666,103,9567,0,0,103,9567,0,0
"192.168.1.62",49666,102,7440,0,0,102,7440,0,0
"192.168.1.62",62700,2,146,0,0,2,146,0,0
"fe80::f17b:6c72:fea6:5dc5",64264,2,186,0,0,2,186,0,0
"192.168.1.62",64264,2,146,0,0,2,146,0,0
"2001:14ba:a051:8c00:61b5:31a4:d1f8:cc83",50440,1,103,0,0,1,103,0,0
"2001:14ba:a051:8c00:61b5:31a4:d1f8:cc83",64509,1,103,0,0,1,103,0,0
"192.168.1.177",64509,2,222,0,0,1,83,1,139
"192.168.1.177",50440,2,182,0,0,1,83,1,99
"2001:14ba:a051:8c00:61b5:31a4:d1f8:cc83",62490,1,103,0,0,1,103,0,0
"192.168.1.177",62490,2,182,0,0,1,83,1,99
"2001:14ba:a051:8c00:61b5:31a4:d1f8:cc83",63534,12,1259,0,0,12,1259,0,0
"192.168.1.177",63534,48,5244,0,0,24,2009,24,3235
"2001:14ba:a051:8c00:61b5:31a4:d1f8:cc83",59451,1,103,0,0,1,103,0,0
"192.168.1.177",59451,2,182,0,0,1,83,1,99
"2001:14ba:a051:8c00:61b5:31a4:d1f8:cc83",65202,1,103,0,0,1,103,0,0
"192.168.1.177",65202,2,182,0,0,1,83,1,99
"fe80::f17b:6c72:fea6:5dc5",58645,4,372,0,0,4,372,0,0
"192.168.1.62",58645,4,292,0,0,4,292,0,0
"fe80::f17b:6c72:fea6:5dc5",65176,2,186,0,0,2,186,0,0
"fe80::f17b:6c72:fea6:5dc5",62215,2,186,0,0,2,186,0,0
"192.168.1.62",65176,2,146,0,0,2,146,0,0
"192.168.1.62",62215,2,146,0,0,2,146,0,0
"fe80::f17b:6c72:fea6:5dc5",52375,2,186,0,0,2,186,0,0
"192.168.1.62",52375,2,146,0,0,2,146,0,0
"192.168.1.1",58294,6,2354,0,0,6,2354,0,0
"192.168.1.1",39950,2,884,0,0,2,884,0,0
"2001:14ba:a051:8c00:61b5:31a4:d1f8:cc83",52316,1,89,0,0,1,89,0,0
"2001:14ba:a051:8c00:61b5:31a4:d1f8:cc83",65183,1,89,0,0,1,89,0,0
"fe80::f17b:6c72:fea6:5dc5",59668,2,186,0,0,2,186,0,0
"192.168.1.62",59668,2,146,0,0,2,146,0,0
"fe80::f17b:6c72:fea6:5dc5",56341,2,186,0,0,2,186,0,0
"192.168.1.62",56341,2,146,0,0,2,146,0,0
"192.168.1.177",65183,4,312,0,0,2,140,2,172
"192.168.1.177",52316,4,394,0,0,2,157,2,237
"fe80::f17b:6c72:fea6:5dc5",57881,2,186,0,0,2,186,0,0
"192.168.1.62",57881,2,146,0,0,2,146,0,0
"fe80::f17b:6c72:fea6:5dc5",62095,2,186,0,0,2,186,0,0
"192.168.1.62",62095,2,146,0,0,2,146,0,0
"192.168.1.1",56494,6,2354,0,0,6,2354,0,0
"192.168.1.1",44418,2,884,0,0,2,884,0,0
"fe80::f17b:6c72:fea6:5dc5",59091,2,186,0,0,2,186,0,0
"192.168.1.62",59091,2,146,0,0,2,146,0,0
"fe80::f17b:6c72:fea6:5dc5",62859,2,186,0,0,2,186,0,0
"192.168.1.62",62859,2,146,0,0,2,146,0,0
"fe80::f17b:6c72:fea6:5dc5",55158,2,186,0,0,2,186,0,0
"192.168.1.62",55158,2,146,0,0,2,146,0,0
"fe80::f17b:6c72:fea6:5dc5",53195,2,186,0,0,2,186,0,0
"192.168.1.62",53195,2,146,0,0,2,146,0,0
"fe80::f17b:6c72:fea6:5dc5",56408,2,186,0,0,2,186,0,0
"192.168.1.62",56408,2,146,0,0,2,146,0,0
"fe80::f17b:6c72:fea6:5dc5",55649,2,186,0,0,2,186,0,0
"192.168.1.62",55649,2,146,0,0,2,146,0,0
"fe80::f17b:6c72:fea6:5dc5",50925,2,186,0,0,2,186,0,0
"192.168.1.62",50925,2,146,0,0,2,146,0,0
"fe80::f17b:6c72:fea6:5dc5",49279,2,186,0,0,2,186,0,0
"192.168.1.62",49279,2,146,0,0,2,146,0,0
"fe80::f17b:6c72:fea6:5dc5",61055,2,186,0,0,2,186,0,0
"192.168.1.62",61055,2,146,0,0,2,146,0,0
"fe80::f17b:6c72:fea6:5dc5",65398,2,186,0,0,2,186,0,0
"192.168.1.62",65398,2,146,0,0,2,146,0,0
"fe80::f17b:6c72:fea6:5dc5",53612,2,186,0,0,2,186,0,0
"192.168.1.62",53612,2,146,0,0,2,146,0,0
"fe80::f17b:6c72:fea6:5dc5",51911,2,186,0,0,2,186,0,0
"192.168.1.62",51911,2,146,0,0,2,146,0,0
"fe80::f17b:6c72:fea6:5dc5",55355,2,186,0,0,2,186,0,0
"192.168.1.62",55355,2,146,0,0,2,146,0,0
"fe80::f17b:6c72:fea6:5dc5",63591,2,186,0,0,2,186,0,0
"192.168.1.62",63591,2,146,0,0,2,146,0,0
"fe80::f17b:6c72:fea6:5dc5",49752,4,372,0,0,4,372,0,0
"192.168.1.62",49752,4,292,0,0,4,292,0,0
"fe80::f17b:6c72:fea6:5dc5",56936,2,186,0,0,2,186,0,0
"192.168.1.62",56936,2,146,0,0,2,146,0,0
"192.168.1.1",59413,6,2354,0,0,6,2354,0,0
"192.168.1.1",50971,2,884,0,0,2,884,0,0
"fe80::f17b:6c72:fea6:5dc5",53770,4,372,0,0,4,372,0,0
"192.168.1.62",53770,4,292,0,0,4,292,0,0
"fe80::f17b:6c72:fea6:5dc5",65523,2,186,0,0,2,186,0,0
"192.168.1.62",65523,2,146,0,0,2,146,0,0
"fe80::f17b:6c72:fea6:5dc5",56870,2,186,0,0,2,186,0,0
"192.168.1.62",56870,2,146,0,0,2,146,0,0
"fe80::f17b:6c72:fea6:5dc5",62325,6,558,0,0,6,558,0,0
"192.168.1.62",62325,6,438,0,0,6,438,0,0
"192.168.1.1",48115,6,2354,0,0,6,2354,0,0
"192.168.1.1",60331,2,884,0,0,2,884,0,0
"fe80::f17b:6c72:fea6:5dc5",60065,4,372,0,0,4,372,0,0
"192.168.1.62",60065,4,292,0,0,4,292,0,0
"fe80::f17b:6c72:fea6:5dc5",50034,2,186,0,0,2,186,0,0
"192.168.1.62",50034,2,146,0,0,2,146,0,0
"192.168.1.177",65184,4,848,0,0,4,848,0,0
"192.168.1.1",47802,6,2354,0,0,6,2354,0,0
"192.168.1.1",39785,2,884,0,0,2,884,0,0
"fe80::f17b:6c72:fea6:5dc5",56603,2,186,0,0,2,186,0,0
"192.168.1.62",56603,2,146,0,0,2,146,0,0
"fe80::f17b:6c72:fea6:5dc5",56234,2,186,0,0,2,186,0,0
"192.168.1.62",56234,2,146,0,0,2,146,0,0
"fe80::f17b:6c72:fea6:5dc5",51343,2,186,0,0,2,186,0,0
"192.168.1.62",51343,2,146,0,0,2,146,0,0
"fe80::f17b:6c72:fea6:5dc5",49952,4,372,0,0,4,372,0,0
"192.168.1.62",49952,4,292,0,0,4,292,0,0
"192.168.1.1",52928,1,92,0,0,1,92,0,0
"192.168.1.1",35821,6,2354,0,0,6,2354,0,0
"fe80::f17b:6c72:fea6:5dc5",54431,4,372,0,0,4,372,0,0
"192.168.1.62",54431,4,292,0,0,4,292,0,0
"fe80::f17b:6c72:fea6:5dc5",57407,2,186,0,0,2,186,0,0
"fe80::f17b:6c72:fea6:5dc5",64534,4,372,0,0,4,372,0,0
"192.168.1.62",64534,4,292,0,0,4,292,0,0
"192.168.1.62",57407,2,146,0,0,2,146,0,0
"fe80::f17b:6c72:fea6:5dc5",59060,2,186,0,0,2,186,0,0
"192.168.1.62",59060,2,146,0,0,2,146,0,0
"192.168.1.1",40979,2,884,0,0,2,884,0,0
"fe80::f17b:6c72:fea6:5dc5",57505,2,186,0,0,2,186,0,0
"fe80::f17b:6c72:fea6:5dc5",55733,2,186,0,0,2,186,0,0
"192.168.1.62",57505,2,146,0,0,2,146,0,0
"192.168.1.62",55733,2,146,0,0,2,146,0,0
"fe80::f17b:6c72:fea6:5dc5",50130,2,186,0,0,2,186,0,0
"192.168.1.62",50130,2,146,0,0,2,146,0,0
"fe80::f17b:6c72:fea6:5dc5",49285,2,186,0,0,2,186,0,0
"192.168.1.62",49285,2,146,0,0,2,146,0,0
"fe80::f17b:6c72:fea6:5dc5",62480,2,186,0,0,2,186,0,0
"192.168.1.62",62480,2,146,0,0,2,146,0,0
"fe80::f17b:6c72:fea6:5dc5",62371,4,372,0,0,4,372,0,0
"192.168.1.62",62371,4,292,0,0,4,292,0,0
"fe80::f17b:6c72:fea6:5dc5",60738,2,186,0,0,2,186,0,0
"192.168.1.62",60738,2,146,0,0,2,146,0,0
"fe80::f17b:6c72:fea6:5dc5",55683,2,186,0,0,2,186,0,0
"192.168.1.62",55683,2,146,0,0,2,146,0,0
"fe80::f17b:6c72:fea6:5dc5",64094,2,186,0,0,2,186,0,0
"192.168.1.62",64094,2,146,0,0,2,146,0,0
"fe80::f17b:6c72:fea6:5dc5",62944,2,186,0,0,2,186,0,0
"fe80::f17b:6c72:fea6:5dc5",53682,2,186,0,0,2,186,0,0
"192.168.1.62",62944,2,146,0,0,2,146,0,0
"192.168.1.62",53682,2,146,0,0,2,146,0,0
"fe80::f17b:6c72:fea6:5dc5",52445,2,186,0,0,2,186,0,0
"192.168.1.62",52445,2,146,0,0,2,146,0,0
"192.168.1.177",60967,4,868,0,0,4,868,0,0
"192.168.1.62",52446,4,868,0,0,4,868,0,0
"fe80::f17b:6c72:fea6:5dc5",58246,2,186,0,0,2,186,0,0
"fe80::f17b:6c72:fea6:5dc5",57011,2,186,0,0,2,186,0,0
"192.168.1.62",58246,2,146,0,0,2,146,0,0
"192.168.1.62",57011,2,146,0,0,2,146,0,0
"fe80::f17b:6c72:fea6:5dc5",62599,4,372,0,0,4,372,0,0
"192.168.1.62",62599,4,292,0,0,4,292,0,0
"fe80::f17b:6c72:fea6:5dc5",59337,2,186,0,0,2,186,0,0
"192.168.1.62",59337,2,146,0,0,2,146,0,0
"192.168.1.1",40093,6,2354,0,0,6,2354,0,0
"192.168.1.1",49544,2,884,0,0,2,884,0,0
"fe80::f17b:6c72:fea6:5dc5",57085,4,372,0,0,4,372,0,0
"192.168.1.62",57085,4,292,0,0,4,292,0,0
"fe80::f17b:6c72:fea6:5dc5",51803,2,186,0,0,2,186,0,0
"192.168.1.62",51803,2,146,0,0,2,146,0,0
"192.168.1.1",48187,6,2354,0,0,6,2354,0,0
"fe80::f17b:6c72:fea6:5dc5",55496,2,186,0,0,2,186,0,0
"192.168.1.62",55496,2,146,0,0,2,146,0,0
"fe80::f17b:6c72:fea6:5dc5",65065,2,186,0,0,2,186,0,0
"192.168.1.62",65065,2,146,0,0,2,146,0,0
"192.168.1.1",45008,2,884,0,0,2,884,0,0
"fe80::f17b:6c72:fea6:5dc5",65431,2,186,0,0,2,186,0,0
"192.168.1.62",65431,2,146,0,0,2,146,0,0
"fe80::f17b:6c72:fea6:5dc5",52198,2,186,0,0,2,186,0,0
"192.168.1.62",52198,2,146,0,0,2,146,0,0
"fe80::f17b:6c72:fea6:5dc5",50408,2,186,0,0,2,186,0,0
"192.168.1.62",50408,2,146,0,0,2,146,0,0
"fe80::f17b:6c72:fea6:5dc5",54011,2,186,0,0,2,186,0,0
"192.168.1.62",54011,2,146,0,0,2,146,0,0
"192.168.1.177",53581,2,180,0,0,1,74,1,106
"192.168.1.177",62143,2,204,0,0,1,74,1,130
"2001:14ba:a051:8c00:61b5:31a4:d1f8:cc83",62143,1,94,0,0,1,94,0,0
"2001:14ba:a051:8c00:61b5:31a4:d1f8:cc83",53581,1,94,0,0,1,94,0,0
"fe80::f17b:6c72:fea6:5dc5",51623,2,186,0,0,2,186,0,0
"192.168.1.62",51623,2,146,0,0,2,146,0,0
"fe80::f17b:6c72:fea6:5dc5",53118,2,186,0,0,2,186,0,0
"192.168.1.62",53118,2,146,0,0,2,146,0,0
"fe80::f17b:6c72:fea6:5dc5",61286,2,186,0,0,2,186,0,0
"192.168.1.62",61286,2,146,0,0,2,146,0,0
"fe80::f17b:6c72:fea6:5dc5",63961,2,186,0,0,2,186,0,0
"192.168.1.62",63961,2,146,0,0,2,146,0,0
"fe80::f17b:6c72:fea6:5dc5",54933,3,279,0,0,3,279,0,0
"192.168.1.62",54933,3,219,0,0,3,219,0,0
"fe80::f17b:6c72:fea6:5dc5",52854,1,93,0,0,1,93,0,0
"192.168.1.62",52854,1,73,0,0,1,73,0,0
"fe80::f17b:6c72:fea6:5dc5",50808,2,186,0,0,2,186,0,0
"192.168.1.62",50808,2,146,0,0,2,146,0,0
"fe80::f17b:6c72:fea6:5dc5",57350,2,186,0,0,2,186,0,0
"192.168.1.62",57350,2,146,0,0,2,146,0,0
"fe80::f17b:6c72:fea6:5dc5",60549,2,186,0,0,2,186,0,0
"192.168.1.62",60549,2,146,0,0,2,146,0,0
"fe80::f17b:6c72:fea6:5dc5",50954,2,186,0,0,2,186,0,0
"192.168.1.62",50954,2,146,0,0,2,146,0,0
"192.168.1.1",56950,6,2354,0,0,6,2354,0,0
"192.168.1.1",44262,2,884,0,0,2,884,0,0
"fe80::f17b:6c72:fea6:5dc5",51682,2,186,0,0,2,186,0,0
"192.168.1.62",51682,2,146,0,0,2,146,0,0
"fe80::f17b:6c72:fea6:5dc5",57112,2,186,0,0,2,186,0,0
"192.168.1.62",57112,2,146,0,0,2,146,0,0
"fe80::f17b:6c72:fea6:5dc5",64119,4,372,0,0,4,372,0,0
"192.168.1.62",64119,4,292,0,0,4,292,0,0
"fe80::f17b:6c72:fea6:5dc5",56365,4,372,0,0,4,372,0,0
"192.168.1.62",56365,4,292,0,0,4,292,0,0
"192.168.1.1",57882,6,2354,0,0,6,2354,0,0
"fe80::f17b:6c72:fea6:5dc5",54819,2,186,0,0,2,186,0,0
"192.168.1.62",54819,2,146,0,0,2,146,0,0
"fe80::f17b:6c72:fea6:5dc5",52558,2,186,0,0,2,186,0,0
"192.168.1.62",52558,2,146,0,0,2,146,0,0
"192.168.1.1",57361,2,884,0,0,2,884,0,0
"192.168.1.1",49897,1,92,0,0,1,92,0,0
"fe80::f17b:6c72:fea6:5dc5",60925,4,372,0,0,4,372,0,0
"192.168.1.62",60925,4,292,0,0,4,292,0,0
"fe80::f17b:6c72:fea6:5dc5",49911,2,186,0,0,2,186,0,0
"192.168.1.62",49911,2,146,0,0,2,146,0,0
"192.168.1.253",54380,4,868,0,0,4,868,0,0
"192.168.1.1",59038,6,2354,0,0,6,2354,0,0
"192.168.1.1",43896,2,884,0,0,2,884,0,0
"fe80::f17b:6c72:fea6:5dc5",60812,2,186,0,0,2,186,0,0
"192.168.1.62",60812,2,146,0,0,2,146,0,0
"fe80::f17b:6c72:fea6:5dc5",57967,2,186,0,0,2,186,0,0
"192.168.1.62",57967,2,146,0,0,2,146,0,0
"fe80::f17b:6c72:fea6:5dc5",58890,2,186,0,0,2,186,0,0
"192.168.1.62",58890,2,146,0,0,2,146,0,0
"fe80::f17b:6c72:fea6:5dc5",58997,2,186,0,0,2,186,0,0
"192.168.1.62",58997,2,146,0,0,2,146,0,0
"fe80::f17b:6c72:fea6:5dc5",59348,2,186,0,0,2,186,0,0
"fe80::f17b:6c72:fea6:5dc5",61902,2,186,0,0,2,186,0,0
"192.168.1.62",59348,2,146,0,0,2,146,0,0
"192.168.1.62",61902,2,146,0,0,2,146,0,0
"fe80::f17b:6c72:fea6:5dc5",64429,2,186,0,0,2,186,0,0
"192.168.1.62",64429,2,146,0,0,2,146,0,0
"192.168.1.1",42998,6,2354,0,0,6,2354,0,0
"192.168.1.1",50565,2,884,0,0,2,884,0,0
"192.168.1.177",50885,4,434,0,0,2,169,2,265
"192.168.1.177",57840,4,660,0,0,2,185,2,475
"2001:14ba:a051:8c00:61b5:31a4:d1f8:cc83",54211,5,6460,0,0,5,6460,0,0
"2a00:1450:4026:802::200a",443,10,12920,0,0,0,0,10,12920
"fe80::f17b:6c72:fea6:5dc5",64803,2,186,0,0,2,186,0,0
"192.168.1.62",64803,2,146,0,0,2,146,0,0
"fe80::f17b:6c72:fea6:5dc5",50219,6,558,0,0,6,558,0,0
"fe80::f17b:6c72:fea6:5dc5",65283,2,186,0,0,2,186,0,0
"192.168.1.62",65283,2,146,0,0,2,146,0,0
"192.168.1.62",50219,6,438,0,0,6,438,0,0
"fe80::f17b:6c72:fea6:5dc5",56521,2,186,0,0,2,186,0,0
"192.168.1.62",56521,2,146,0,0,2,146,0,0
"192.168.1.177",65465,2,164,0,0,1,74,1,90
"192.168.1.177",57338,2,192,0,0,1,88,1,104
"fe80::f17b:6c72:fea6:5dc5",60330,2,186,0,0,2,186,0,0
"192.168.1.62",60330,2,146,0,0,2,146,0,0
"fe80::f17b:6c72:fea6:5dc5",49960,2,186,0,0,2,186,0,0
"192.168.1.62",49960,2,146,0,0,2,146,0,0
"fe80::f17b:6c72:fea6:5dc5",60140,2,186,0,0,2,186,0,0
"192.168.1.62",60140,2,146,0,0,2,146,0,0
"fe80::f17b:6c72:fea6:5dc5",58278,2,186,0,0,2,186,0,0
"192.168.1.62",58278,2,146,0,0,2,146,0,0
"192.168.1.177",61153,2,176,0,0,1,88,1,88
"192.168.1.177",63734,18,2000,0,0,9,761,9,1239
"192.168.1.177",61154,12,5495,0,0,6,2846,6,2649
"fe80::f17b:6c72:fea6:5dc5",58829,2,186,0,0,2,186,0,0
"192.168.1.62",58829,2,146,0,0,2,146,0,0
"fe80::f17b:6c72:fea6:5dc5",64884,2,186,0,0,2,186,0,0
"192.168.1.62",64884,2,146,0,0,2,146,0,0
"fe80::f17b:6c72:fea6:5dc5",60845,2,186,0,0,2,186,0,0
"192.168.1.62",60845,2,146,0,0,2,146,0,0
"fe80::f17b:6c72:fea6:5dc5",56660,2,186,0,0,2,186,0,0
"192.168.1.62",56660,2,146,0,0,2,146,0,0
"fe80::f17b:6c72:fea6:5dc5",62610,4,372,0,0,4,372,0,0
"192.168.1.62",62610,4,292,0,0,4,292,0,0
"fe80::f17b:6c72:fea6:5dc5",52079,2,186,0,0,2,186,0,0
"192.168.1.62",52079,2,146,0,0,2,146,0,0
"fe80::f17b:6c72:fea6:5dc5",57352,2,186,0,0,2,186,0,0
"192.168.1.62",57352,2,146,0,0,2,146,0,0
"fe80::f17b:6c72:fea6:5dc5",58596,2,186,0,0,2,186,0,0
"192.168.1.62",58596,2,146,0,0,2,146,0,0
"192.168.1.1",59409,6,2354,0,0,6,2354,0,0
"192.168.1.1",47616,2,884,0,0,2,884,0,0
"2001:14ba:a051:8c00:61b5:31a4:d1f8:cc83",62754,2,198,0,0,2,198,0,0
"192.168.1.1",59003,1,92,0,0,1,92,0,0
"192.168.1.177",62754,2,190,0,0,1,79,1,111
"2001:14ba:a051:8c00:61b5:31a4:d1f8:cc83",50808,1,89,0,0,1,89,0,0
"2001:14ba:a051:8c00:61b5:31a4:d1f8:cc83",63764,1,89,0,0,1,89,0,0
"fe80::f17b:6c72:fea6:5dc5",53461,4,372,0,0,4,372,0,0
"192.168.1.62",53461,4,292,0,0,4,292,0,0
"fe80::f17b:6c72:fea6:5dc5",55105,2,186,0,0,2,186,0,0
"192.168.1.62",55105,2,146,0,0,2,146,0,0
"192.168.1.177",50808,2,154,0,0,1,69,1,85
"192.168.1.177",63764,2,138,0,0,1,69,1,69
"192.168.1.253",138,9,2187,0,0,9,2187,0,0
"192.168.1.255",138,9,2187,0,0,0,0,9,2187
"192.168.1.1",53131,6,2354,0,0,6,2354,0,0
"192.168.1.1",33087,2,884,0,0,2,884,0,0
"fe80::f17b:6c72:fea6:5dc5",57516,2,186,0,0,2,186,0,0
"192.168.1.62",57516,2,146,0,0,2,146,0,0
"fe80::f17b:6c72:fea6:5dc5",54995,2,186,0,0,2,186,0,0
"192.168.1.62",54995,2,146,0,0,2,146,0,0
"fe80::f17b:6c72:fea6:5dc5",50346,2,186,0,0,2,186,0,0
"192.168.1.62",50346,2,146,0,0,2,146,0,0
"fe80::f17b:6c72:fea6:5dc5",56380,2,186,0,0,2,186,0,0
"192.168.1.62",56380,2,146,0,0,2,146,0,0
"192.168.1.62",49795,2,146,0,0,2,146,0,0
"fe80::f17b:6c72:fea6:5dc5",57728,2,186,0,0,2,186,0,0
"192.168.1.62",57728,2,146,0,0,2,146,0,0
"fe80::f17b:6c72:fea6:5dc5",49795,1,93,0,0,1,93,0,0
"192.168.1.177",57669,2,168,0,0,1,76,1,92
"192.168.1.177",52038,2,210,0,0,1,76,1,134
"192.168.1.177",49911,2,168,0,0,1,76,1,92
"192.168.1.177",53749,2,152,0,0,1,76,1,76
"192.168.1.177",53750,12,4538,0,0,6,2213,6,2325
"2001:14ba:a051:8c00:61b5:31a4:d1f8:cc83",61320,2,192,0,0,2,192,0,0
"2001:14ba:a051:8c00:61b5:31a4:d1f8:cc83",50142,2,192,0,0,2,192,0,0
"fe80::f17b:6c72:fea6:5dc5",62878,2,186,0,0,2,186,0,0
"192.168.1.62",62878,2,146,0,0,2,146,0,0
"fe80::f17b:6c72:fea6:5dc5",65497,2,186,0,0,2,186,0,0
"192.168.1.62",65497,2,146,0,0,2,146,0,0
"192.168.1.177",61320,2,186,0,0,1,76,1,110
"192.168.1.177",50142,2,210,0,0,1,76,1,134
"2001:14ba:a051:8c00:61b5:31a4:d1f8:cc83",57181,1,96,0,0,1,96,0,0
"2001:14ba:a051:8c00:61b5:31a4:d1f8:cc83",58333,1,96,0,0,1,96,0,0
"192.168.1.177",58333,4,504,0,0,2,157,2,347
"192.168.1.177",57181,2,168,0,0,1,76,1,92
"2001:14ba:a051:8c00:61b5:31a4:d1f8:cc83",64728,1,96,0,0,1,96,0,0
"192.168.1.177",64728,2,210,0,0,1,76,1,134
"fe80::f17b:6c72:fea6:5dc5",53257,2,186,0,0,2,186,0,0
"192.168.1.62",53257,2,146,0,0,2,146,0,0
"fe80::f17b:6c72:fea6:5dc5",63017,2,186,0,0,2,186,0,0
"192.168.1.62",63017,2,146,0,0,2,146,0,0
"fe80::f17b:6c72:fea6:5dc5",59263,2,186,0,0,2,186,0,0
"192.168.1.62",59263,2,146,0,0,2,146,0,0
"fe80::f17b:6c72:fea6:5dc5",51392,2,186,0,0,2,186,0,0
"192.168.1.62",51392,2,146,0,0,2,146,0,0
"192.168.1.62",49716,2,146,0,0,2,146,0,0
"fe80::f17b:6c72:fea6:5dc5",62162,4,372,0,0,4,372,0,0
"192.168.1.62",62162,4,292,0,0,4,292,0,0
"fe80::f17b:6c72:fea6:5dc5",49716,1,93,0,0,1,93,0,0
"fe80::f17b:6c72:fea6:5dc5",50939,2,186,0,0,2,186,0,0
"192.168.1.62",50939,2,146,0,0,2,146,0,0
"fe80::f17b:6c72:fea6:5dc5",58542,2,186,0,0,2,186,0,0
"192.168.1.62",58542,2,146,0,0,2,146,0,0
"192.168.1.1",40655,6,2354,0,0,6,2354,0,0
"fe80::f17b:6c72:fea6:5dc5",57717,2,186,0,0,2,186,0,0
"192.168.1.62",57717,2,146,0,0,2,146,0,0
"fe80::f17b:6c72:fea6:5dc5",58544,6,558,0,0,6,558,0,0
"192.168.1.62",58544,6,438,0,0,6,438,0,0
"192.168.1.1",36559,4,1768,0,0,4,1768,0,0
"fe80::f17b:6c72:fea6:5dc5",50000,2,186,0,0,2,186,0,0
"192.168.1.62",50000,2,146,0,0,2,146,0,0
"fe80::f17b:6c72:fea6:5dc5",64041,4,372,0,0,4,372,0,0
"192.168.1.62",64041,4,292,0,0,4,292,0,0
"2001:14ba:a051:8c00:61b5:31a4:d1f8:cc83",59459,1,112,0,0,1,112,0,0
"2001:14ba:a051:8c00:61b5:31a4:d1f8:cc83",58707,1,112,0,0,1,112,0,0
"192.168.1.177",58707,2,242,0,0,1,92,1,150
"192.168.1.177",59459,2,200,0,0,1,92,1,108
"2001:14ba:a051:8c00:61b5:31a4:d1f8:cc83",51283,3,290,0,0,3,290,0,0
"192.168.1.177",58708,319,317127,0,0,43,10234,276,306893
"192.168.1.177",51283,4,354,0,0,2,161,2,193
"2001:14ba:a051:8c00:61b5:31a4:d1f8:cc83",64075,1,112,0,0,1,112,0,0
"192.168.1.177",64075,2,184,0,0,1,92,1,92
"fe80::f17b:6c72:fea6:5dc5",59058,2,186,0,0,2,186,0,0
"192.168.1.62",59058,2,146,0,0,2,146,0,0
"fe80::f17b:6c72:fea6:5dc5",56207,2,186,0,0,2,186,0,0
"192.168.1.62",56207,2,146,0,0,2,146,0,0
"192.168.1.1",56231,6,2354,0,0,6,2354,0,0
"192.168.1.1",60083,3,1301,0,0,3,1301,0,0
"fe80::f17b:6c72:fea6:5dc5",55521,4,372,0,0,4,372,0,0
"192.168.1.62",55521,4,292,0,0,4,292,0,0
"fe80::f17b:6c72:fea6:5dc5",62737,2,186,0,0,2,186,0,0
"192.168.1.62",62737,2,146,0,0,2,146,0,0
"192.168.1.177",64076,4,848,0,0,4,848,0,0
"192.168.1.1",34909,6,2354,0,0,6,2354,0,0
"192.168.1.1",50190,2,884,0,0,2,884,0,0
"fe80::f17b:6c72:fea6:5dc5",63101,2,186,0,0,2,186,0,0
"192.168.1.62",63101,2,146,0,0,2,146,0,0
"fe80::f17b:6c72:fea6:5dc5",59420,2,186,0,0,2,186,0,0
"192.168.1.62",59420,2,146,0,0,2,146,0,0
"fe80::f17b:6c72:fea6:5dc5",52779,2,186,0,0,2,186,0,0
"192.168.1.62",52779,2,146,0,0,2,146,0,0
"fe80::f17b:6c72:fea6:5dc5",60335,2,186,0,0,2,186,0,0
"192.168.1.62",60335,2,146,0,0,2,146,0,0
"fe80::f17b:6c72:fea6:5dc5",51360,2,186,0,0,2,186,0,0
"192.168.1.62",51360,2,146,0,0,2,146,0,0
"fe80::f17b:6c72:fea6:5dc5",57382,2,186,0,0,2,186,0,0
"192.168.1.62",57382,2,146,0,0,2,146,0,0
"fe80::f17b:6c72:fea6:5dc5",52701,2,186,0,0,2,186,0,0
"192.168.1.62",52701,2,146,0,0,2,146,0,0
"192.168.1.1",45781,1,92,0,0,1,92,0,0
"192.168.1.1",36642,6,2354,0,0,6,2354,0,0
"192.168.1.1",39339,2,884,0,0,2,884,0,0
"fe80::f17b:6c72:fea6:5dc5",52158,2,186,0,0,2,186,0,0
"fe80::f17b:6c72:fea6:5dc5",52378,2,186,0,0,2,186,0,0
"192.168.1.62",52158,2,146,0,0,2,146,0,0
"192.168.1.62",52378,2,146,0,0,2,146,0,0
"fe80::f17b:6c72:fea6:5dc5",52299,2,186,0,0,2,186,0,0
"fe80::f17b:6c72:fea6:5dc5",62656,2,186,0,0,2,186,0,0
"192.168.1.62",52299,2,146,0,0,2,146,0,0
"192.168.1.62",62656,2,146,0,0,2,146,0,0
"fe80::f17b:6c72:fea6:5dc5",51573,1,93,0,0,1,93,0,0
"192.168.1.62",51573,2,146,0,0,2,146,0,0
"fe80::f17b:6c72:fea6:5dc5",51991,2,186,0,0,2,186,0,0
"192.168.1.62",51991,1,73,0,0,1,73,0,0
"fe80::f17b:6c72:fea6:5dc5",54736,1,93,0,0,1,93,0,0
"192.168.1.62",54736,2,146,0,0,2,146,0,0
"fe80::f17b:6c72:fea6:5dc5",49694,1,93,0,0,1,93,0,0
"192.168.1.62",49694,2,146,0,0,2,146,0,0
"fe80::f17b:6c72:fea6:5dc5",50733,2,186,0,0,2,186,0,0
"192.168.1.62",50733,2,146,0,0,2,146,0,0
"fe80::f17b:6c72:fea6:5dc5",50888,4,372,0,0,4,372,0,0
"fe80::f17b:6c72:fea6:5dc5",55957,2,186,0,0,2,186,0,0
"192.168.1.62",50888,4,292,0,0,4,292,0,0
"192.168.1.62",55957,2,146,0,0,2,146,0,0
"fe80::f17b:6c72:fea6:5dc5",53692,2,186,0,0,2,186,0,0
"192.168.1.62",53692,2,146,0,0,2,146,0,0
"192.168.1.177",51055,4,868,0,0,4,868,0,0
"fe80::f17b:6c72:fea6:5dc5",55413,2,186,0,0,2,186,0,0
"192.168.1.62",55413,2,146,0,0,2,146,0,0
"fe80::f17b:6c72:fea6:5dc5",64938,2,186,0,0,2,186,0,0
"fe80::f17b:6c72:fea6:5dc5",57839,2,186,0,0,2,186,0,0
"192.168.1.62",64938,2,146,0,0,2,146,0,0
"192.168.1.62",57839,2,146,0,0,2,146,0,0
"fe80::f17b:6c72:fea6:5dc5",56458,2,186,0,0,2,186,0,0
"192.168.1.62",56458,2,146,0,0,2,146,0,0
"192.168.1.62",56459,4,868,0,0,4,868,0,0
"fe80::3c64:85d8:f884:544c",60402,7,5026,0,0,7,5026,0,0
"ff02::c",3702,147,105546,0,0,0,0,147,105546
"192.168.1.177",60401,7,4886,0,0,7,4886,0,0
"239.255.255.250",3702,147,102606,0,0,0,0,147,102606
"192.168.1.1",47435,6,2354,0,0,6,2354,0,0
"192.168.1.1",38937,2,884,0,0,2,884,0,0
"192.168.1.177",54578,2,227,0,0,1,83,1,144
"192.168.1.177",57282,2,215,0,0,1,83,1,132
"192.168.1.177",55321,2,289,0,0,1,83,1,206
"fe80::f17b:6c72:fea6:5dc5",53835,2,186,0,0,2,186,0,0
"192.168.1.62",53835,2,146,0,0,2,146,0,0
"fe80::f17b:6c72:fea6:5dc5",63639,4,372,0,0,4,372,0,0
"192.168.1.62",63639,4,292,0,0,4,292,0,0
"192.168.1.1",53261,6,2354,0,0,6,2354,0,0
"192.168.1.1",57512,2,884,0,0,2,884,0,0
"fe80::f17b:6c72:fea6:5dc5",61182,2,186,0,0,2,186,0,0
"192.168.1.62",61182,2,146,0,0,2,146,0,0
"fe80::f17b:6c72:fea6:5dc5",53976,2,186,0,0,2,186,0,0
"192.168.1.62",53976,2,146,0,0,2,146,0,0
"fe80::f17b:6c72:fea6:5dc5",50069,2,186,0,0,2,186,0,0
"192.168.1.62",50069,2,146,0,0,2,146,0,0
"fe80::f17b:6c72:fea6:5dc5",55173,2,186,0,0,2,186,0,0
"192.168.1.62",55173,2,146,0,0,2,146,0,0
"fe80::f17b:6c72:fea6:5dc5",50016,4,372,0,0,4,372,0,0
"192.168.1.62",50016,4,292,0,0,4,292,0,0
"fe80::f17b:6c72:fea6:5dc5",63622,2,186,0,0,2,186,0,0
"192.168.1.62",63622,6,1014,0,0,6,1014,0,0
"fe80::f17b:6c72:fea6:5dc5",60553,2,186,0,0,2,186,0,0
"192.168.1.62",60553,2,146,0,0,2,146,0,0
"fe80::f17b:6c72:fea6:5dc5",53117,2,186,0,0,2,186,0,0
"192.168.1.62",53117,2,146,0,0,2,146,0,0
"fe80::f17b:6c72:fea6:5dc5",62995,2,186,0,0,2,186,0,0
"192.168.1.62",62995,2,146,0,0,2,146,0,0
"fe80::f17b:6c72:fea6:5dc5",58352,2,186,0,0,2,186,0,0
"192.168.1.62",58352,2,146,0,0,2,146,0,0
"fe80::f17b:6c72:fea6:5dc5",65440,2,186,0,0,2,186,0,0
"192.168.1.62",65440,2,146,0,0,2,146,0,0
"fe80::f17b:6c72:fea6:5dc5",56709,4,372,0,0,4,372,0,0
"192.168.1.62",56709,4,292,0,0,4,292,0,0
"fe80::f17b:6c72:fea6:5dc5",65294,2,186,0,0,2,186,0,0
"192.168.1.62",65294,2,146,0,0,2,146,0,0
"fe80::f17b:6c72:fea6:5dc5",56723,3,279,0,0,3,279,0,0
"192.168.1.62",56723,3,219,0,0,3,219,0,0
"fe80::f17b:6c72:fea6:5dc5",50396,2,186,0,0,2,186,0,0
"192.168.1.62",50396,2,146,0,0,2,146,0,0
"fe80::f17b:6c72:fea6:5dc5",59815,2,186,0,0,2,186,0,0
"192.168.1.62",59815,2,146,0,0,2,146,0,0
"fe80::f17b:6c72:fea6:5dc5",52662,2,186,0,0,2,186,0,0
"192.168.1.62",52662,2,146,0,0,2,146,0,0
"fe80::f17b:6c72:fea6:5dc5",53112,2,186,0,0,2,186,0,0
"192.168.1.62",53112,2,146,0,0,2,146,0,0
"192.168.1.1",37383,6,2354,0,0,6,2354,0,0
"192.168.1.1",39087,2,884,0,0,2,884,0,0
"fe80::f17b:6c72:fea6:5dc5",57467,2,186,0,0,2,186,0,0
"192.168.1.62",57467,2,146,0,0,2,146,0,0
"fe80::f17b:6c72:fea6:5dc5",51553,4,372,0,0,4,372,0,0
"192.168.1.62",51553,4,292,0,0,4,292,0,0
"192.168.1.1",47774,1,92,0,0,1,92,0,0
"fe80::f17b:6c72:fea6:5dc5",53410,2,186,0,0,2,186,0,0
"192.168.1.62",53410,2,146,0,0,2,146,0,0
"fe80::f17b:6c72:fea6:5dc5",58920,6,548,0,0,6,548,0,0
"192.168.1.62",58920,6,428,0,0,6,428,0,0
"192.168.1.1",36180,6,2354,0,0,6,2354,0,0
"192.168.1.1",46994,2,884,0,0,2,884,0,0
"fe80::f17b:6c72:fea6:5dc5",62161,2,186,0,0,2,186,0,0
"192.168.1.62",62161,2,146,0,0,2,146,0,0
"fe80::f17b:6c72:fea6:5dc5",62329,2,186,0,0,2,186,0,0
"192.168.1.62",62329,2,146,0,0,2,146,0,0
"192.168.1.253",57913,4,868,0,0,4,868,0,0
"192.168.1.1",57551,6,2354,0,0,6,2354,0,0
"192.168.1.1",49467,2,884,0,0,2,884,0,0
"fe80::f17b:6c72:fea6:5dc5",64818,2,186,0,0,2,186,0,0
"192.168.1.62",64818,2,146,0,0,2,146,0,0
"fe80::f17b:6c72:fea6:5dc5",52590,2,186,0,0,2,186,0,0
"192.168.1.62",52590,2,146,0,0,2,146,0,0
"fe80::f17b:6c72:fea6:5dc5",53301,2,186,0,0,2,186,0,0
"192.168.1.62",53301,2,146,0,0,2,146,0,0
"fe80::f17b:6c72:fea6:5dc5",62713,2,186,0,0,2,186,0,0
"192.168.1.62",62713,2,146,0,0,2,146,0,0
"fe80::f17b:6c72:fea6:5dc5",53220,2,186,0,0,2,186,0,0
"192.168.1.62",53220,2,146,0,0,2,146,0,0
"fe80::f17b:6c72:fea6:5dc5",50478,2,186,0,0,2,186,0,0
"192.168.1.62",50478,2,146,0,0,2,146,0,0
"fe80::f17b:6c72:fea6:5dc5",58221,2,186,0,0,2,186,0,0
"192.168.1.62",58221,2,146,0,0,2,146,0,0
"fe80::f17b:6c72:fea6:5dc5",59756,2,186,0,0,2,186,0,0
"192.168.1.62",59756,2,146,0,0,2,146,0,0
"192.168.1.1",37403,6,2354,0,0,6,2354,0,0
"192.168.1.1",59968,2,884,0,0,2,884,0,0
"fe80::f17b:6c72:fea6:5dc5",55292,4,372,0,0,4,372,0,0
"192.168.1.62",55292,4,292,0,0,4,292,0,0
"fe80::f17b:6c72:fea6:5dc5",54166,2,186,0,0,2,186,0,0
"fe80::f17b:6c72:fea6:5dc5",52422,2,186,0,0,2,186,0,0
"192.168.1.62",54166,2,146,0,0,2,146,0,0
"192.168.1.62",52422,2,146,0,0,2,146,0,0
"fe80::f17b:6c72:fea6:5dc5",58082,2,186,0,0,2,186,0,0
"192.168.1.62",58082,2,146,0,0,2,146,0,0
"fe80::f17b:6c72:fea6:5dc5",51894,2,186,0,0,2,186,0,0
"192.168.1.62",51894,2,146,0,0,2,146,0,0
"fe80::f17b:6c72:fea6:5dc5",60377,2,186,0,0,2,186,0,0
"192.168.1.62",60377,2,146,0,0,2,146,0,0
"fe80::f17b:6c72:fea6:5dc5",57156,4,372,0,0,4,372,0,0
"192.168.1.62",57156,4,292,0,0,4,292,0,0
"fe80::f17b:6c72:fea6:5dc5",52821,2,186,0,0,2,186,0,0
"192.168.1.62",52821,2,146,0,0,2,146,0,0
"fe80::f17b:6c72:fea6:5dc5",57709,2,186,0,0,2,186,0,0
"192.168.1.62",57709,2,146,0,0,2,146,0,0
"fe80::f17b:6c72:fea6:5dc5",52094,2,186,0,0,2,186,0,0
"fe80::f17b:6c72:fea6:5dc5",52732,2,186,0,0,2,186,0,0
"192.168.1.62",52732,2,146,0,0,2,146,0,0
"192.168.1.62",52094,2,146,0,0,2,146,0,0
"fe80::f17b:6c72:fea6:5dc5",59720,2,186,0,0,2,186,0,0
"192.168.1.62",59720,2,146,0,0,2,146,0,0
"fe80::f17b:6c72:fea6:5dc5",61957,2,186,0,0,2,186,0,0
"192.168.1.62",61957,2,146,0,0,2,146,0,0
"fe80::f17b:6c72:fea6:5dc5",50149,2,186,0,0,2,186,0,0
"fe80::f17b:6c72:fea6:5dc5",60986,2,186,0,0,2,186,0,0
"192.168.1.62",50149,2,146,0,0,2,146,0,0
"192.168.1.62",60986,2,146,0,0,2,146,0,0
"fe80::f17b:6c72:fea6:5dc5",51324,2,186,0,0,2,186,0,0
"192.168.1.62",51324,2,146,0,0,2,146,0,0
"192.168.1.1",60459,6,2354,0,0,6,2354,0,0
"fe80::f17b:6c72:fea6:5dc5",60479,2,186,0,0,2,186,0,0
"192.168.1.62",60479,2,146,0,0,2,146,0,0
"fe80::f17b:6c72:fea6:5dc5",64034,2,186,0,0,2,186,0,0
"192.168.1.62",64034,2,146,0,0,2,146,0,0
"192.168.1.1",59722,4,1768,0,0,4,1768,0,0
"fe80::f17b:6c72:fea6:5dc5",54042,2,186,0,0,2,186,0,0
"192.168.1.62",54042,2,146,0,0,2,146,0,0
"fe80::f17b:6c72:fea6:5dc5",63477,2,186,0,0,2,186,0,0
"192.168.1.62",63477,2,146,0,0,2,146,0,0
"fe80::f17b:6c72:fea6:5dc5",59373,2,186,0,0,2,186,0,0
"192.168.1.62",59373,2,146,0,0,2,146,0,0
"192.168.1.1",43954,6,2354,0,0,6,2354,0,0
"192.168.1.1",50568,1,92,0,0,1,92,0,0
"192.168.1.1",35992,2,884,0,0,2,884,0,0
"fe80::f17b:6c72:fea6:5dc5",60200,6,558,0,0,6,558,0,0
"192.168.1.62",60200,6,438,0,0,6,438,0,0
"fe80::f17b:6c72:fea6:5dc5",64205,2,186,0,0,2,186,0,0
"192.168.1.62",64205,2,146,0,0,2,146,0,0
"fe80::f17b:6c72:fea6:5dc5",63518,4,372,0,0,4,372,0,0
"192.168.1.62",63518,4,292,0,0,4,292,0,0
"fe80::f17b:6c72:fea6:5dc5",49267,2,186,0,0,2,186,0,0
"192.168.1.62",49267,2,146,0,0,2,146,0,0
"fe80::f17b:6c72:fea6:5dc5",63964,2,186,0,0,2,186,0,0
"192.168.1.62",63964,2,146,0,0,2,146,0,0
"fe80::f17b:6c72:fea6:5dc5",62197,2,186,0,0,2,186,0,0
"192.168.1.62",62197,2,146,0,0,2,146,0,0
"fe80::f17b:6c72:fea6:5dc5",63832,4,372,0,0,4,372,0,0
"192.168.1.62",63832,4,292,0,0,4,292,0,0
"fe80::f17b:6c72:fea6:5dc5",62928,2,186,0,0,2,186,0,0
"192.168.1.62",62928,2,146,0,0,2,146,0,0
"fe80::f17b:6c72:fea6:5dc5",51147,2,186,0,0,2,186,0,0
"192.168.1.62",51147,2,146,0,0,2,146,0,0
"fe80::f17b:6c72:fea6:5dc5",49814,2,186,0,0,2,186,0,0
"192.168.1.62",49814,2,146,0,0,2,146,0,0
"fe80::f17b:6c72:fea6:5dc5",57824,2,186,0,0,2,186,0,0
"192.168.1.62",57824,2,146,0,0,2,146,0,0
"fe80::f17b:6c72:fea6:5dc5",51470,2,186,0,0,2,186,0,0
"192.168.1.62",51470,2,146,0,0,2,146,0,0
"192.168.1.1",50572,6,2354,0,0,6,2354,0,0
"192.168.1.1",45046,2,884,0,0,2,884,0,0
"fe80::f17b:6c72:fea6:5dc5",56654,2,186,0,0,2,186,0,0
"192.168.1.62",56654,2,146,0,0,2,146,0,0
"fe80::f17b:6c72:fea6:5dc5",58336,2,186,0,0,2,186,0,0
"192.168.1.62",58336,2,146,0,0,2,146,0,0
"fe80::f17b:6c72:fea6:5dc5",53808,2,186,0,0,2,186,0,0
"192.168.1.62",53808,2,146,0,0,2,146,0,0
"fe80::f17b:6c72:fea6:5dc5",59121,2,186,0,0,2,186,0,0
"192.168.1.62",59121,2,146,0,0,2,146,0,0
"192.168.1.1",57863,6,2354,0,0,6,2354,0,0
"192.168.1.1",41120,2,884,0,0,2,884,0,0
"fe80::f17b:6c72:fea6:5dc5",62747,2,186,0,0,2,186,0,0
"192.168.1.62",62747,2,146,0,0,2,146,0,0
"fe80::f17b:6c72:fea6:5dc5",61488,2,186,0,0,2,186,0,0
"192.168.1.62",61488,2,146,0,0,2,146,0,0
"fe80::f17b:6c72:fea6:5dc5",51413,2,186,0,0,2,186,0,0
"192.168.1.62",51413,2,146,0,0,2,146,0,0
"fe80::f17b:6c72:fea6:5dc5",62673,2,186,0,0,2,186,0,0
"192.168.1.62",62673,2,146,0,0,2,146,0,0
"192.168.1.177",62115,4,848,0,0,4,848,0,0
"2001:14ba:a051:8c00:61b5:31a4:d1f8:cc83",59462,2,216,0,0,2,216,0,0
"2001:14ba:a051:8c00:61b5:31a4:d1f8:cc83",64027,2,216,0,0,2,216,0,0
"192.168.1.1",59217,6,2354,0,0,6,2354,0,0
"192.168.1.1",39121,2,884,0,0,2,884,0,0
"192.168.1.177",59462,2,192,0,0,1,88,1,104
"192.168.1.177",64027,2,176,0,0,1,88,1,88
"2001:14ba:a051:8c00:61b5:31a4:d1f8:cc83",53861,1,108,0,0,1,108,0,0
"192.168.1.177",55846,12,5501,0,0,6,2852,6,2649
"192.168.1.177",53861,2,176,0,0,1,88,1,88
"fe80::f17b:6c72:fea6:5dc5",60243,4,372,0,0,4,372,0,0
"192.168.1.62",60243,4,292,0,0,4,292,0,0
"fe80::f17b:6c72:fea6:5dc5",52895,2,186,0,0,2,186,0,0
"192.168.1.62",52895,2,146,0,0,2,146,0,0
"fe80::f17b:6c72:fea6:5dc5",50490,4,372,0,0,4,372,0,0
"192.168.1.62",50490,4,292,0,0,4,292,0,0
"fe80::f17b:6c72:fea6:5dc5",52407,2,186,0,0,2,186,0,0
"192.168.1.62",52407,2,146,0,0,2,146,0,0
"192.168.1.1",37724,6,2354,0,0,6,2354,0,0
"fe80::f17b:6c72:fea6:5dc5",59237,2,186,0,0,2,186,0,0
"192.168.1.62",59237,2,146,0,0,2,146,0,0
"fe80::f17b:6c72:fea6:5dc5",57598,2,186,0,0,2,186,0,0
"fe80::f17b:6c72:fea6:5dc5",56029,2,186,0,0,2,186,0,0
"192.168.1.62",57598,2,146,0,0,2,146,0,0
"192.168.1.62",56029,2,146,0,0,2,146,0,0
"192.168.1.1",49642,2,884,0,0,2,884,0,0
"fe80::f17b:6c72:fea6:5dc5",61597,2,186,0,0,2,186,0,0
"192.168.1.62",61597,2,146,0,0,2,146,0,0
"fe80::f17b:6c72:fea6:5dc5",64934,2,186,0,0,2,186,0,0
"192.168.1.62",64934,2,146,0,0,2,146,0,0
"fe80::f17b:6c72:fea6:5dc5",61236,2,186,0,0,2,186,0,0
"192.168.1.62",61236,2,146,0,0,2,146,0,0
"fe80::f17b:6c72:fea6:5dc5",52770,2,186,0,0,2,186,0,0
"192.168.1.62",52770,2,146,0,0,2,146,0,0
"fe80::f17b:6c72:fea6:5dc5",53103,2,186,0,0,2,186,0,0
"192.168.1.62",53103,2,146,0,0,2,146,0,0
"fe80::f17b:6c72:fea6:5dc5",63413,2,186,0,0,2,186,0,0
"192.168.1.62",63413,2,146,0,0,2,146,0,0
"fe80::f17b:6c72:fea6:5dc5",50375,4,372,0,0,4,372,0,0
"192.168.1.62",50375,4,292,0,0,4,292,0,0
"fe80::f17b:6c72:fea6:5dc5",50749,4,372,0,0,4,372,0,0
"192.168.1.62",50749,4,292,0,0,4,292,0,0
"fe80::f17b:6c72:fea6:5dc5",53192,4,372,0,0,4,372,0,0
"192.168.1.62",53192,4,292,0,0,4,292,0,0
"fe80::f17b:6c72:fea6:5dc5",49397,2,186,0,0,2,186,0,0
"fe80::f17b:6c72:fea6:5dc5",61776,2,186,0,0,2,186,0,0
"192.168.1.62",49397,2,146,0,0,2,146,0,0
"192.168.1.62",61776,2,146,0,0,2,146,0,0
"fe80::f17b:6c72:fea6:5dc5",61449,2,186,0,0,2,186,0,0
"192.168.1.62",61449,2,146,0,0,2,146,0,0
"192.168.1.1",36371,1,92,0,0,1,92,0,0
"192.168.1.177",54920,4,868,0,0,4,868,0,0
"192.168.1.62",50288,5,941,0,0,5,941,0,0
"fe80::f17b:6c72:fea6:5dc5",65330,2,186,0,0,2,186,0,0
"192.168.1.62",65330,2,146,0,0,2,146,0,0
"fe80::f17b:6c72:fea6:5dc5",64127,2,186,0,0,2,186,0,0
"fe80::f17b:6c72:fea6:5dc5",52868,2,186,0,0,2,186,0,0
"192.168.1.62",64127,2,146,0,0,2,146,0,0
"192.168.1.62",52868,2,146,0,0,2,146,0,0
"fe80::f17b:6c72:fea6:5dc5",59257,2,186,0,0,2,186,0,0
"192.168.1.62",59257,2,146,0,0,2,146,0,0
"192.168.1.1",38131,6,2354,0,0,6,2354,0,0
"192.168.1.1",55925,8,3238,0,0,8,3238,0,0
"fe80::f17b:6c72:fea6:5dc5",57774,1,93,0,0,1,93,0,0
"192.168.1.62",57774,1,73,0,0,1,73,0,0
"fe80::f17b:6c72:fea6:5dc5",56295,3,279,0,0,3,279,0,0
"192.168.1.62",56295,3,219,0,0,3,219,0,0
"fe80::f17b:6c72:fea6:5dc5",53703,2,186,0,0,2,186,0,0
"192.168.1.62",53703,2,146,0,0,2,146,0,0
"fe80::f17b:6c72:fea6:5dc5",57568,3,279,0,0,3,279,0,0
"192.168.1.62",57568,3,219,0,0,3,219,0,0
"192.168.1.1",42786,12,4708,0,0,12,4708,0,0
"192.168.1.1",40029,2,884,0,0,2,884,0,0
"fe80::f17b:6c72:fea6:5dc5",59942,4,372,0,0,4,372,0,0
"192.168.1.62",59942,4,292,0,0,4,292,0,0
"fe80::f17b:6c72:fea6:5dc5",51890,2,186,0,0,2,186,0,0
"192.168.1.62",51890,2,146,0,0,2,146,0,0
"fe80::f17b:6c72:fea6:5dc5",54374,2,186,0,0,2,186,0,0
"192.168.1.62",54374,2,146,0,0,2,146,0,0
"fe80::f17b:6c72:fea6:5dc5",58137,2,186,0,0,2,186,0,0
"192.168.1.62",58137,2,146,0,0,2,146,0,0
"192.168.1.62",61645,2,146,0,0,2,146,0,0
"fe80::f17b:6c72:fea6:5dc5",57054,2,186,0,0,2,186,0,0
"192.168.1.62",57054,2,146,0,0,2,146,0,0
"fe80::f17b:6c72:fea6:5dc5",61645,1,93,0,0,1,93,0,0
"fe80::f17b:6c72:fea6:5dc5",57987,2,186,0,0,2,186,0,0
"192.168.1.62",57987,2,146,0,0,2,146,0,0
"fe80::f17b:6c72:fea6:5dc5",62172,2,186,0,0,2,186,0,0
"192.168.1.62",62172,2,146,0,0,2,146,0,0
"fe80::f17b:6c72:fea6:5dc5",58136,2,186,0,0,2,186,0,0
"192.168.1.62",58136,2,146,0,0,2,146,0,0
"fe80::f17b:6c72:fea6:5dc5",64906,2,186,0,0,2,186,0,0
"192.168.1.62",64906,2,146,0,0,2,146,0,0
"fe80::3c64:85d8:f884:544c",50432,14,10052,0,0,14,10052,0,0
"192.168.1.177",50431,14,9772,0,0,14,9772,0,0
"fe80::f17b:6c72:fea6:5dc5",53513,2,186,0,0,2,186,0,0
"192.168.1.62",53513,2,146,0,0,2,146,0,0
"fe80::f17b:6c72:fea6:5dc5",64809,2,186,0,0,2,186,0,0
"192.168.1.62",64809,2,146,0,0,2,146,0,0
"fe80::f17b:6c72:fea6:5dc5",63756,2,186,0,0,2,186,0,0
"192.168.1.62",63756,2,146,0,0,2,146,0,0
"fe80::f17b:6c72:fea6:5dc5",57926,6,558,0,0,6,558,0,0
"192.168.1.62",57926,6,438,0,0,6,438,0,0
"192.168.1.1",56361,6,2354,0,0,6,2354,0,0
"192.168.1.1",35499,2,884,0,0,2,884,0,0
"fe80::f17b:6c72:fea6:5dc5",60528,2,186,0,0,2,186,0,0
"192.168.1.62",60528,2,146,0,0,2,146,0,0
"fe80::f17b:6c72:fea6:5dc5",53402,2,186,0,0,2,186,0,0
"192.168.1.62",53402,2,146,0,0,2,146,0,0
"fe80::f17b:6c72:fea6:5dc5",64700,2,186,0,0,2,186,0,0
"192.168.1.62",64700,2,146,0,0,2,146,0,0
"fe80::f17b:6c72:fea6:5dc5",52582,2,186,0,0,2,186,0,0
"192.168.1.62",52582,2,146,0,0,2,146,0,0
"192.168.1.1",58240,6,2354,0,0,6,2354,0,0
"192.168.1.1",53873,2,884,0,0,2,884,0,0
"fe80::f17b:6c72:fea6:5dc5",59390,4,372,0,0,4,372,0,0
"192.168.1.62",59390,4,292,0,0,4,292,0,0
"fe80::f17b:6c72:fea6:5dc5",57931,4,372,0,0,4,372,0,0
"192.168.1.62",57931,4,292,0,0,4,292,0,0
"fe80::f17b:6c72:fea6:5dc5",50308,1,93,0,0,1,93,0,0
"192.168.1.62",50308,1,73,0,0,1,73,0,0
"fe80::f17b:6c72:fea6:5dc5",53382,1,93,0,0,1,93,0,0
"192.168.1.62",53382,1,73,0,0,1,73,0,0
"192.168.1.253",61699,4,868,0,0,4,868,0,0
"192.168.1.1",41209,6,2354,0,0,6,2354,0,0
"192.168.1.1",48800,1,92,0,0,1,92,0,0
"192.168.1.1",60313,2,884,0,0,2,884,0,0
"fe80::f17b:6c72:fea6:5dc5",59223,2,186,0,0,2,186,0,0
"192.168.1.62",59223,2,146,0,0,2,146,0,0
"fe80::f17b:6c72:fea6:5dc5",65327,4,372,0,0,4,372,0,0
"192.168.1.62",65327,4,292,0,0,4,292,0,0
"fe80::f17b:6c72:fea6:5dc5",50366,2,186,0,0,2,186,0,0
"192.168.1.62",50366,2,146,0,0,2,146,0,0
"fe80::f17b:6c72:fea6:5dc5",50868,4,372,0,0,4,372,0,0
"192.168.1.62",50868,4,292,0,0,4,292,0,0
"192.168.1.1",53423,6,2354,0,0,6,2354,0,0
"fe80::f17b:6c72:fea6:5dc5",65306,4,372,0,0,4,372,0,0
"192.168.1.62",65306,4,292,0,0,4,292,0,0
"fe80::f17b:6c72:fea6:5dc5",50845,4,372,0,0,4,372,0,0
"192.168.1.62",50845,4,292,0,0,4,292,0,0
"fe80::f17b:6c72:fea6:5dc5",54511,2,186,0,0,2,186,0,0
"192.168.1.62",54511,2,146,0,0,2,146,0,0
"192.168.1.1",59468,2,884,0,0,2,884,0,0
"fe80::f17b:6c72:fea6:5dc5",51827,4,372,0,0,4,372,0,0
"192.168.1.62",51827,4,292,0,0,4,292,0,0
"fe80::f17b:6c72:fea6:5dc5",60568,2,186,0,0,2,186,0,0
"192.168.1.62",60568,2,146,0,0,2,146,0,0
"fe80::f17b:6c72:fea6:5dc5",49667,14,1302,0,0,14,1302,0,0
"192.168.1.62",49667,14,1022,0,0,14,1022,0,0
"fe80::f17b:6c72:fea6:5dc5",50732,2,186,0,0,2,186,0,0
"192.168.1.62",50732,2,146,0,0,2,146,0,0
"fe80::f17b:6c72:fea6:5dc5",58583,2,186,0,0,2,186,0,0
"192.168.1.62",58583,2,146,0,0,2,146,0,0
"fe80::f17b:6c72:fea6:5dc5",59609,4,372,0,0,4,372,0,0
"192.168.1.62",59609,4,292,0,0,4,292,0,0
"fe80::f17b:6c72:fea6:5dc5",62607,2,186,0,0,2,186,0,0
"192.168.1.62",62607,2,146,0,0,2,146,0,0
"fe80::f17b:6c72:fea6:5dc5",59911,2,186,0,0,2,186,0,0
"192.168.1.62",59911,2,146,0,0,2,146,0,0
"fe80::f17b:6c72:fea6:5dc5",63731,2,186,0,0,2,186,0,0
"192.168.1.62",63731,2,146,0,0,2,146,0,0
"fe80::f17b:6c72:fea6:5dc5",59798,4,372,0,0,4,372,0,0
"192.168.1.62",59798,4,292,0,0,4,292,0,0
"fe80::f17b:6c72:fea6:5dc5",61520,4,362,0,0,4,362,0,0
"192.168.1.62",61520,4,282,0,0,4,282,0,0
"fe80::f17b:6c72:fea6:5dc5",61516,2,186,0,0,2,186,0,0
"192.168.1.62",61516,2,146,0,0,2,146,0,0
"fe80::f17b:6c72:fea6:5dc5",63025,2,186,0,0,2,186,0,0
"192.168.1.62",63025,2,146,0,0,2,146,0,0
"192.168.1.1",48903,6,2354,0,0,6,2354,0,0
"192.168.1.1",57649,2,884,0,0,2,884,0,0
"fe80::f17b:6c72:fea6:5dc5",62090,2,186,0,0,2,186,0,0
"192.168.1.62",62090,2,146,0,0,2,146,0,0
"fe80::f17b:6c72:fea6:5dc5",62415,2,186,0,0,2,186,0,0
"192.168.1.62",62415,2,146,0,0,2,146,0,0
"192.168.1.1",39972,6,2354,0,0,6,2354,0,0
"192.168.1.1",34826,2,884,0,0,2,884,0,0
"fe80::f17b:6c72:fea6:5dc5",64582,4,372,0,0,4,372,0,0
"192.168.1.62",64582,4,292,0,0,4,292,0,0
"fe80::f17b:6c72:fea6:5dc5",54606,2,186,0,0,2,186,0,0
"192.168.1.62",54606,2,146,0,0,2,146,0,0
"192.168.1.62",50884,4,292,0,0,4,292,0,0
"fe80::f17b:6c72:fea6:5dc5",50884,3,279,0,0,3,279,0,0
"fe80::f17b:6c72:fea6:5dc5",60608,2,186,0,0,2,186,0,0
"192.168.1.62",60608,2,146,0,0,2,146,0,0
"fe80::f17b:6c72:fea6:5dc5",59175,4,372,0,0,4,372,0,0
"192.168.1.62",59175,4,292,0,0,4,292,0,0
"fe80::f17b:6c72:fea6:5dc5",61817,4,372,0,0,4,372,0,0
"192.168.1.62",61817,4,292,0,0,4,292,0,0
"fe80::f17b:6c72:fea6:5dc5",56246,2,186,0,0,2,186,0,0
"192.168.1.62",56246,2,146,0,0,2,146,0,0
"fe80::f17b:6c72:fea6:5dc5",56084,2,186,0,0,2,186,0,0
"192.168.1.62",56084,2,146,0,0,2,146,0,0
"fe80::f17b:6c72:fea6:5dc5",63548,2,186,0,0,2,186,0,0
"192.168.1.62",63548,2,146,0,0,2,146,0,0
"fe80::f17b:6c72:fea6:5dc5",58304,2,186,0,0,2,186,0,0
"192.168.1.62",58304,2,146,0,0,2,146,0,0
"fe80::f17b:6c72:fea6:5dc5",61499,2,186,0,0,2,186,0,0
"192.168.1.62",61499,2,146,0,0,2,146,0,0
"192.168.1.1",44240,6,2354,0,0,6,2354,0,0
"fe80::f17b:6c72:fea6:5dc5",63959,2,186,0,0,2,186,0,0
"192.168.1.62",63959,2,146,0,0,2,146,0,0
"fe80::f17b:6c72:fea6:5dc5",55042,6,558,0,0,6,558,0,0
"192.168.1.62",55042,6,438,0,0,6,438,0,0
"192.168.1.1",44889,2,884,0,0,2,884,0,0
"fe80::f17b:6c72:fea6:5dc5",61347,6,558,0,0,6,558,0,0
"192.168.1.62",61347,6,438,0,0,6,438,0,0
"fe80::f17b:6c72:fea6:5dc5",61582,2,186,0,0,2,186,0,0
"192.168.1.62",61582,2,146,0,0,2,146,0,0
"fe80::f17b:6c72:fea6:5dc5",62665,2,186,0,0,2,186,0,0
"192.168.1.62",62665,2,146,0,0,2,146,0,0
"fe80::f17b:6c72:fea6:5dc5",62435,4,372,0,0,4,372,0,0
"192.168.1.62",62435,4,292,0,0,4,292,0,0
"fe80::f17b:6c72:fea6:5dc5",49324,2,186,0,0,2,186,0,0
"192.168.1.62",49324,2,146,0,0,2,146,0,0
"fe80::f17b:6c72:fea6:5dc5",56435,2,186,0,0,2,186,0,0
"192.168.1.62",56435,2,146,0,0,2,146,0,0
"2001:14ba:a051:8c00:61b5:31a4:d1f8:cc83",61017,5,519,0,0,5,519,0,0
"2001:14ba:a051:8c00:61b5:31a4:d1f8:cc83",50959,2,210,0,0,2,210,0,0
"2001:14ba:a051:8c00:61b5:31a4:d1f8:cc83",55506,4,440,0,0,4,440,0,0
"2001:14ba:a051:8c00:61b5:31a4:d1f8:cc83",55923,4,440,0,0,4,440,0,0
"192.168.1.177",55923,3,298,0,0,2,180,1,118
"192.168.1.177",61017,5,461,0,0,3,249,2,212
"192.168.1.177",55506,3,286,0,0,2,180,1,106
"192.168.1.177",50959,2,234,0,0,1,85,1,149
"192.168.1.1",42881,1,92,0,0,1,92,0,0
"192.168.1.1",58739,6,2354,0,0,6,2354,0,0
"192.168.1.1",50620,2,884,0,0,2,884,0,0
"2001:14ba:a051:8c00:61b5:31a4:d1f8:cc83",61022,2,217,0,0,2,217,0,0
"2001:14ba:a051:8c00:61b5:31a4:d1f8:cc83",52601,1,110,0,0,1,110,0,0
"192.168.1.177",52601,2,196,0,0,1,90,1,106
"192.168.1.177",61022,4,386,0,0,2,177,2,209
"2001:14ba:a051:8c00:61b5:31a4:d1f8:cc83",63100,1,110,0,0,1,110,0,0
"2001:14ba:a051:8c00:61b5:31a4:d1f8:cc83",50675,1,105,0,0,1,105,0,0
"192.168.1.177",50675,2,170,0,0,1,85,1,85
"192.168.1.177",63100,2,208,0,0,1,90,1,118
"2001:14ba:a051:8c00:61b5:31a4:d1f8:cc83",62501,1,94,0,0,1,94,0,0
"192.168.1.177",62501,4,559,0,0,2,164,2,395
"2001:14ba:a051:8c00:61b5:31a4:d1f8:cc83",62121,1,101,0,0,1,101,0,0
"192.168.1.177",62121,2,194,0,0,1,81,1,113
"fe80::f17b:6c72:fea6:5dc5",59663,2,186,0,0,2,186,0,0
"192.168.1.62",59663,2,146,0,0,2,146,0,0
"fe80::f17b:6c72:fea6:5dc5",50445,2,186,0,0,2,186,0,0
"192.168.1.62",50445,2,146,0,0,2,146,0,0
"fe80::f17b:6c72:fea6:5dc5",61903,2,186,0,0,2,186,0,0
"192.168.1.62",61903,2,146,0,0,2,146,0,0
"fe80::f17b:6c72:fea6:5dc5",64703,4,372,0,0,4,372,0,0
"192.168.1.62",64703,4,292,0,0,4,292,0,0
"192.168.1.177",62122,4,848,0,0,4,848,0,0
"192.168.1.1",40835,6,2354,0,0,6,2354,0,0
"192.168.1.1",46343,2,884,0,0,2,884,0,0
"192.168.1.177",53650,2,253,0,0,1,83,1,170
"192.168.1.177",58626,4,415,0,0,2,162,2,253
"192.168.1.177",64829,2,315,0,0,1,83,1,232
"fe80::f17b:6c72:fea6:5dc5",55263,2,186,0,0,2,186,0,0
"192.168.1.62",55263,2,146,0,0,2,146,0,0
"fe80::f17b:6c72:fea6:5dc5",55528,4,372,0,0,4,372,0,0
"192.168.1.62",55528,4,292,0,0,4,292,0,0
"fe80::f17b:6c72:fea6:5dc5",63290,2,186,0,0,2,186,0,0
"192.168.1.62",63290,2,146,0,0,2,146,0,0
"fe80::f17b:6c72:fea6:5dc5",59417,2,186,0,0,2,186,0,0
"192.168.1.62",59417,2,146,0,0,2,146,0,0
"192.168.1.1",41771,6,2354,0,0,6,2354,0,0
"fe80::f17b:6c72:fea6:5dc5",57801,2,186,0,0,2,186,0,0
"192.168.1.62",57801,2,146,0,0,2,146,0,0
"fe80::f17b:6c72:fea6:5dc5",62091,2,186,0,0,2,186,0,0
"fe80::f17b:6c72:fea6:5dc5",55965,2,186,0,0,2,186,0,0
"192.168.1.62",62091,2,146,0,0,2,146,0,0
"192.168.1.62",55965,2,146,0,0,2,146,0,0
"fe80::f17b:6c72:fea6:5dc5",53430,2,186,0,0,2,186,0,0
"192.168.1.62",53430,2,146,0,0,2,146,0,0
"192.168.1.1",38326,2,884,0,0,2,884,0,0
"2001:14ba:a051:8c00:61b5:31a4:d1f8:cc83",49675,1,96,0,0,1,96,0,0
"2001:14ba:a051:8c00:61b5:31a4:d1f8:cc83",53955,1,96,0,0,1,96,0,0
"192.168.1.177",49675,2,216,0,0,1,76,1,140
"192.168.1.177",53955,2,228,0,0,1,76,1,152
"2001:14ba:a051:8c00:61b5:31a4:d1f8:cc83",58666,1,103,0,0,1,103,0,0
"192.168.1.177",58666,2,182,0,0,1,83,1,99
"2001:14ba:a051:8c00:61b5:31a4:d1f8:cc83",61050,1,103,0,0,1,103,0,0
"192.168.1.177",61050,2,194,0,0,1,83,1,111
"fe80::f17b:6c72:fea6:5dc5",56022,2,186,0,0,2,186,0,0
"192.168.1.62",56022,2,146,0,0,2,146,0,0
"fe80::f17b:6c72:fea6:5dc5",63470,3,279,0,0,3,279,0,0
"fe80::f17b:6c72:fea6:5dc5",61107,4,372,0,0,4,372,0,0
"192.168.1.62",63470,4,292,0,0,4,292,0,0
"192.168.1.62",61107,4,292,0,0,4,292,0,0
"fe80::f17b:6c72:fea6:5dc5",58382,2,186,0,0,2,186,0,0
"192.168.1.62",58382,2,146,0,0,2,146,0,0
"fe80::f17b:6c72:fea6:5dc5",60395,2,186,0,0,2,186,0,0
"192.168.1.62",60395,2,146,0,0,2,146,0,0
"fe80::f17b:6c72:fea6:5dc5",49239,2,186,0,0,2,186,0,0
"192.168.1.62",49239,2,146,0,0,2,146,0,0
"fe80::f17b:6c72:fea6:5dc5",51929,4,372,0,0,4,372,0,0
"192.168.1.62",51929,4,292,0,0,4,292,0,0
"fe80::f17b:6c72:fea6:5dc5",51162,2,186,0,0,2,186,0,0
"192.168.1.62",51162,2,146,0,0,2,146,0,0
"fe80::f17b:6c72:fea6:5dc5",58140,2,186,0,0,2,186,0,0
"192.168.1.62",58140,2,146,0,0,2,146,0,0
"fe80::f17b:6c72:fea6:5dc5",53482,4,372,0,0,4,372,0,0
"192.168.1.62",53482,4,292,0,0,4,292,0,0
"fe80::f17b:6c72:fea6:5dc5",63641,2,186,0,0,2,186,0,0
"192.168.1.62",63641,2,146,0,0,2,146,0,0
"fe80::f17b:6c72:fea6:5dc5",53234,4,372,0,0,4,372,0,0
"192.168.1.62",53234,4,292,0,0,4,292,0,0
"2001:14ba:a051:8c00:61b5:31a4:d1f8:cc83",50925,1,108,0,0,1,108,0,0
"fe80::f17b:6c72:fea6:5dc5",52232,2,186,0,0,2,186,0,0
"192.168.1.62",52232,2,146,0,0,2,146,0,0
"fe80::f17b:6c72:fea6:5dc5",62125,2,186,0,0,2,186,0,0
"fe80::f17b:6c72:fea6:5dc5",57474,2,186,0,0,2,186,0,0
"192.168.1.62",62125,2,146,0,0,2,146,0,0
"192.168.1.62",57474,2,146,0,0,2,146,0,0
"fe80::f17b:6c72:fea6:5dc5",60337,2,186,0,0,2,186,0,0
"192.168.1.62",60337,2,146,0,0,2,146,0,0
"192.168.1.177",50925,2,176,0,0,1,88,1,88
"2001:14ba:a051:8c00:61b5:31a4:d1f8:cc83",55654,1,108,0,0,1,108,0,0
"192.168.1.177",50926,12,5500,0,0,6,2851,6,2649
"192.168.1.177",55654,2,176,0,0,1,88,1,88
"192.168.1.177",55655,4,868,0,0,4,868,0,0
"2001:14ba:a051:8c00:61b5:31a4:d1f8:cc83",58329,1,109,0,0,1,109,0,0
"2001:14ba:a051:8c00:61b5:31a4:d1f8:cc83",62723,2,212,0,0,2,212,0,0
"192.168.1.177",58329,2,315,0,0,1,89,1,226
"192.168.1.177",62723,4,542,0,0,2,172,2,370
"192.168.1.62",61148,4,868,0,0,4,868,0,0
"192.168.1.1",52259,6,2354,0,0,6,2354,0,0
"192.168.1.1",59857,2,884,0,0,2,884,0,0
"fe80::f17b:6c72:fea6:5dc5",54823,2,186,0,0,2,186,0,0
"192.168.1.62",54823,2,146,0,0,2,146,0,0
"fe80::f17b:6c72:fea6:5dc5",51274,2,186,0,0,2,186,0,0
"192.168.1.62",51274,2,146,0,0,2,146,0,0
"fe80::f17b:6c72:fea6:5dc5",55247,4,372,0,0,4,372,0,0
"192.168.1.62",55247,4,292,0,0,4,292,0,0
"fe80::f17b:6c72:fea6:5dc5",61881,2,186,0,0,2,186,0,0
"192.168.1.62",61881,2,146,0,0,2,146,0,0
"192.168.1.1",56698,7,2716,0,0,7,2716,0,0
"192.168.1.1",60062,2,884,0,0,2,884,0,0
"fe80::f17b:6c72:fea6:5dc5",53957,4,372,0,0,4,372,0,0
"192.168.1.62",53957,4,292,0,0,4,292,0,0
"fe80::f17b:6c72:fea6:5dc5",50370,4,372,0,0,4,372,0,0
"192.168.1.62",50370,4,292,0,0,4,292,0,0
"fe80::f17b:6c72:fea6:5dc5",60283,2,186,0,0,2,186,0,0
"192.168.1.62",60283,2,146,0,0,2,146,0,0
"fe80::f17b:6c72:fea6:5dc5",53071,2,186,0,0,2,186,0,0
"192.168.1.62",53071,2,146,0,0,2,146,0,0
"fe80::f17b:6c72:fea6:5dc5",56092,2,186,0,0,2,186,0,0
"192.168.1.62",56092,2,146,0,0,2,146,0,0
"fe80::f17b:6c72:fea6:5dc5",54897,4,372,0,0,4,372,0,0
"192.168.1.62",54897,4,292,0,0,4,292,0,0
"fe80::f17b:6c72:fea6:5dc5",55795,2,186,0,0,2,186,0,0
"192.168.1.62",55795,2,146,0,0,2,146,0,0
"fe80::f17b:6c72:fea6:5dc5",50887,2,186,0,0,2,186,0,0
"192.168.1.62",50887,2,146,0,0,2,146,0,0
"fe80::f17b:6c72:fea6:5dc5",52484,2,186,0,0,2,186,0,0
"192.168.1.62",52484,2,146,0,0,2,146,0,0
"192.168.1.1",34131,1,92,0,0,1,92,0,0
"fe80::f17b:6c72:fea6:5dc5",56384,2,186,0,0,2,186,0,0
"192.168.1.62",56384,2,146,0,0,2,146,0,0
"fe80::f17b:6c72:fea6:5dc5",60720,2,186,0,0,2,186,0,0
"192.168.1.62",60720,2,146,0,0,2,146,0,0
"fe80::f17b:6c72:fea6:5dc5",50311,2,186,0,0,2,186,0,0
"192.168.1.62",50311,2,146,0,0,2,146,0,0
"fe80::f17b:6c72:fea6:5dc5",56704,2,186,0,0,2,186,0,0
"192.168.1.62",56704,2,146,0,0,2,146,0,0
"fe80::f17b:6c72:fea6:5dc5",59172,4,372,0,0,4,372,0,0
"192.168.1.62",59172,4,292,0,0,4,292,0,0
"fe80::f17b:6c72:fea6:5dc5",61880,2,186,0,0,2,186,0,0
"192.168.1.62",61880,2,146,0,0,2,146,0,0
"192.168.1.1",55631,6,2354,0,0,6,2354,0,0
"192.168.1.1",48195,2,884,0,0,2,884,0,0
"fe80::f17b:6c72:fea6:5dc5",50862,2,186,0,0,2,186,0,0
"192.168.1.62",50862,2,146,0,0,2,146,0,0
"fe80::f17b:6c72:fea6:5dc5",54693,2,186,0,0,2,186,0,0
"192.168.1.62",54693,2,146,0,0,2,146,0,0
"192.168.1.1",40058,1,353,0,0,1,353,0,0
"192.168.1.1",53930,1,425,0,0,1,425,0,0
"192.168.1.1",60093,1,362,0,0,1,362,0,0
"192.168.1.1",43222,1,417,0,0,1,417,0,0
"192.168.1.1",39448,1,349,0,0,1,349,0,0
"192.168.1.1",40583,1,310,0,0,1,310,0,0
"192.168.1.1",48025,1,433,0,0,1,433,0,0
"192.168.1.1",48695,1,369,0,0,1,369,0,0
"192.168.1.1",59125,1,310,0,0,1,310,0,0
"192.168.1.1",36532,1,427,0,0,1,427,0,0
"192.168.1.1",43631,1,415,0,0,1,415,0,0
"192.168.1.1",45849,1,353,0,0,1,353,0,0
"192.168.1.1",44741,1,425,0,0,1,425,0,0
"192.168.1.1",38952,1,362,0,0,1,362,0,0
"192.168.1.1",40365,1,417,0,0,1,417,0,0
"fe80::f17b:6c72:fea6:5dc5",51241,2,186,0,0,2,186,0,0
"192.168.1.62",51241,2,146,0,0,2,146,0,0
"fe80::f17b:6c72:fea6:5dc5",64899,2,186,0,0,2,186,0,0
"192.168.1.62",64899,2,146,0,0,2,146,0,0
"192.168.1.1",42348,1,349,0,0,1,349,0,0
"192.168.1.1",45388,1,310,0,0,1,310,0,0
"192.168.1.1",49257,1,433,0,0,1,433,0,0
"192.168.1.1",39183,1,369,0,0,1,369,0,0
"192.168.1.1",40978,1,310,0,0,1,310,0,0
"192.168.1.1",39864,1,427,0,0,1,427,0,0
"192.168.1.1",59582,1,415,0,0,1,415,0,0
"192.168.1.1",41297,1,353,0,0,1,353,0,0
"192.168.1.1",41148,1,425,0,0,1,425,0,0
"192.168.1.1",42914,1,362,0,0,1,362,0,0
"192.168.1.1",32791,1,417,0,0,1,417,0,0
"192.168.1.1",51881,1,349,0,0,1,349,0,0
"192.168.1.1",32814,1,310,0,0,1,310,0,0
"192.168.1.1",55994,1,433,0,0,1,433,0,0
"192.168.1.1",60155,1,369,0,0,1,369,0,0
"192.168.1.1",39130,1,310,0,0,1,310,0,0
"192.168.1.1",46303,1,427,0,0,1,427,0,0
"192.168.1.1",58786,1,415,0,0,1,415,0,0
"2001:14ba:a051:8c00:61b5:31a4:d1f8:cc83",54124,1,110,0,0,1,110,0,0
"192.168.1.177",54124,4,450,0,0,2,159,2,291
"2001:14ba:a051:8c00:61b5:31a4:d1f8:cc83",55474,1,123,0,0,1,123,0,0
"192.168.1.177",55474,2,222,0,0,1,103,1,119
"192.168.1.1",54856,6,2354,0,0,6,2354,0,0
"192.168.1.1",53740,2,884,0,0,2,884,0,0
"fe80::f17b:6c72:fea6:5dc5",60215,2,186,0,0,2,186,0,0
"192.168.1.62",60215,2,146,0,0,2,146,0,0
"fe80::f17b:6c72:fea6:5dc5",59950,2,186,0,0,2,186,0,0
"192.168.1.62",59950,2,146,0,0,2,146,0,0
"192.168.1.103",5353,105,10815,0,0,105,10815,0,0
"192.168.1.103",45958,1,167,0,0,1,167,0,0
"192.168.1.253",57034,4,868,0,0,4,868,0,0
"192.168.1.1",34583,6,2354,0,0,6,2354,0,0
"192.168.1.1",51618,2,884,0,0,2,884,0,0
"fe80::f17b:6c72:fea6:5dc5",64720,2,186,0,0,2,186,0,0
"192.168.1.62",64720,2,146,0,0,2,146,0,0
"fe80::f17b:6c72:fea6:5dc5",57657,2,186,0,0,2,186,0,0
"192.168.1.62",57657,2,146,0,0,2,146,0,0
"fe80::f17b:6c72:fea6:5dc5",51843,2,186,0,0,2,186,0,0
"192.168.1.62",51843,2,146,0,0,2,146,0,0
"192.168.1.1",35839,6,2354,0,0,6,2354,0,0
"fe80::f17b:6c72:fea6:5dc5",59245,2,186,0,0,2,186,0,0
"192.168.1.62",59245,2,146,0,0,2,146,0,0
"fe80::f17b:6c72:fea6:5dc5",49674,4,372,0,0,4,372,0,0
"192.168.1.62",49674,4,292,0,0,4,292,0,0
"fe80::f17b:6c72:fea6:5dc5",61669,4,372,0,0,4,372,0,0
"192.168.1.62",61669,4,292,0,0,4,292,0,0
"192.168.1.1",42096,2,884,0,0,2,884,0,0
"192.168.1.1",36384,1,92,0,0,1,92,0,0
"fe80::f17b:6c72:fea6:5dc5",52774,4,372,0,0,4,372,0,0
"192.168.1.62",52774,4,292,0,0,4,292,0,0
"fe80::f17b:6c72:fea6:5dc5",50801,2,186,0,0,2,186,0,0
"192.168.1.62",50801,2,146,0,0,2,146,0,0
"fe80::f17b:6c72:fea6:5dc5",61553,2,186,0,0,2,186,0,0
"192.168.1.62",61553,2,146,0,0,2,146,0,0
"fe80::f17b:6c72:fea6:5dc5",62526,2,186,0,0,2,186,0,0
"192.168.1.62",62526,2,146,0,0,2,146,0,0
"fe80::f17b:6c72:fea6:5dc5",63038,1,93,0,0,1,93,0,0
"192.168.1.62",63038,1,73,0,0,1,73,0,0
"fe80::f17b:6c72:fea6:5dc5",58519,1,93,0,0,1,93,0,0
"192.168.1.62",58519,2,146,0,0,2,146,0,0
"fe80::f17b:6c72:fea6:5dc5",55100,2,186,0,0,2,186,0,0
"192.168.1.62",55100,2,146,0,0,2,146,0,0
"fe80::f17b:6c72:fea6:5dc5",58520,1,93,0,0,1,93,0,0
"192.168.1.62",58520,2,146,0,0,2,146,0,0
"fe80::f17b:6c72:fea6:5dc5",52288,1,93,0,0,1,93,0,0
"192.168.1.62",52288,2,146,0,0,2,146,0,0
"fe80::f17b:6c72:fea6:5dc5",53398,1,93,0,0,1,93,0,0
"fe80::f17b:6c72:fea6:5dc5",50599,1,93,0,0,1,93,0,0
"192.168.1.62",50599,2,146,0,0,2,146,0,0
"192.168.1.62",53398,2,146,0,0,2,146,0,0
"fe80::f17b:6c72:fea6:5dc5",55283,1,93,0,0,1,93,0,0
"192.168.1.62",55283,2,146,0,0,2,146,0,0
"fe80::f17b:6c72:fea6:5dc5",50834,2,186,0,0,2,186,0,0
"fe80::f17b:6c72:fea6:5dc5",59996,2,186,0,0,2,186,0,0
"192.168.1.62",50834,2,146,0,0,2,146,0,0
"192.168.1.62",59996,2,146,0,0,2,146,0,0
"fe80::f17b:6c72:fea6:5dc5",56712,2,186,0,0,2,186,0,0
"fe80::f17b:6c72:fea6:5dc5",50452,2,186,0,0,2,186,0,0
"192.168.1.62",50452,2,146,0,0,2,146,0,0
"192.168.1.62",56712,2,146,0,0,2,146,0,0
"192.168.1.1",37622,6,2354,0,0,6,2354,0,0
"192.168.1.1",45839,2,884,0,0,2,884,0,0
"fe80::f17b:6c72:fea6:5dc5",53178,2,186,0,0,2,186,0,0
"192.168.1.62",53178,2,146,0,0,2,146,0,0
"fe80::f17b:6c72:fea6:5dc5",64056,4,372,0,0,4,372,0,0
"192.168.1.62",64056,4,292,0,0,4,292,0,0
"192.168.1.1",39948,6,2354,0,0,6,2354,0,0
"192.168.1.1",50202,2,884,0,0,2,884,0,0
"fe80::f17b:6c72:fea6:5dc5",52746,6,558,0,0,6,558,0,0
"192.168.1.62",52746,6,438,0,0,6,438,0,0
"fe80::f17b:6c72:fea6:5dc5",61509,2,186,0,0,2,186,0,0
"192.168.1.62",61509,2,146,0,0,2,146,0,0
"fe80::f17b:6c72:fea6:5dc5",51173,2,186,0,0,2,186,0,0
"192.168.1.62",51173,2,146,0,0,2,146,0,0
"fe80::f17b:6c72:fea6:5dc5",52830,2,186,0,0,2,186,0,0
"192.168.1.62",52830,2,146,0,0,2,146,0,0
"fe80::f17b:6c72:fea6:5dc5",50166,2,186,0,0,2,186,0,0
"192.168.1.62",50166,2,146,0,0,2,146,0,0
"fe80::f17b:6c72:fea6:5dc5",52681,2,186,0,0,2,186,0,0
"192.168.1.62",52681,2,146,0,0,2,146,0,0
"fe80::f17b:6c72:fea6:5dc5",53089,2,186,0,0,2,186,0,0
"192.168.1.62",53089,2,146,0,0,2,146,0,0
"fe80::f17b:6c72:fea6:5dc5",60659,2,186,0,0,2,186,0,0
"192.168.1.62",60659,2,146,0,0,2,146,0,0
"fe80::f17b:6c72:fea6:5dc5",65311,2,186,0,0,2,186,0,0
"192.168.1.62",65311,2,146,0,0,2,146,0,0
"192.168.1.1",54490,1,92,0,0,1,92,0,0
"fe80::f17b:6c72:fea6:5dc5",60279,2,186,0,0,2,186,0,0
"192.168.1.62",60279,2,146,0,0,2,146,0,0
"fe80::f17b:6c72:fea6:5dc5",62516,2,186,0,0,2,186,0,0
"192.168.1.62",62516,2,146,0,0,2,146,0,0
"fe80::f17b:6c72:fea6:5dc5",49401,2,186,0,0,2,186,0,0
"192.168.1.62",49401,2,146,0,0,2,146,0,0
"fe80::f17b:6c72:fea6:5dc5",60050,4,372,0,0,4,372,0,0
"192.168.1.62",60050,4,292,0,0,4,292,0,0
"192.168.1.1",38477,6,2354,0,0,6,2354,0,0
"192.168.1.1",42654,2,884,0,0,2,884,0,0
"fe80::f17b:6c72:fea6:5dc5",53405,2,186,0,0,2,186,0,0
"192.168.1.62",53405,2,146,0,0,2,146,0,0
"fe80::f17b:6c72:fea6:5dc5",61694,2,186,0,0,2,186,0,0
"192.168.1.62",61694,2,146,0,0,2,146,0,0
"fe80::f17b:6c72:fea6:5dc5",62019,2,186,0,0,2,186,0,0
"192.168.1.62",62019,2,146,0,0,2,146,0,0
"fe80::f17b:6c72:fea6:5dc5",63247,4,372,0,0,4,372,0,0
"192.168.1.62",63247,4,292,0,0,4,292,0,0
"192.168.1.1",48057,6,2354,0,0,6,2354,0,0
"fe80::f17b:6c72:fea6:5dc5",64290,2,186,0,0,2,186,0,0
"192.168.1.62",64290,2,146,0,0,2,146,0,0
"fe80::f17b:6c72:fea6:5dc5",53530,2,186,0,0,2,186,0,0
"192.168.1.62",53530,2,146,0,0,2,146,0,0
"fe80::f17b:6c72:fea6:5dc5",55632,2,186,0,0,2,186,0,0
"192.168.1.62",55632,2,146,0,0,2,146,0,0
"192.168.1.1",38087,2,884,0,0,2,884,0,0
"fe80::f17b:6c72:fea6:5dc5",50468,4,372,0,0,4,372,0,0
"192.168.1.62",50468,4,292,0,0,4,292,0,0
"fe80::f17b:6c72:fea6:5dc5",57317,3,279,0,0,3,279,0,0
"192.168.1.62",57317,3,219,0,0,3,219,0,0
"192.168.1.103",42197,1,167,0,0,1,167,0,0
"192.168.1.177",60673,4,848,0,0,4,848,0,0
"2001:14ba:a051:8c00:61b5:31a4:d1f8:cc83",49553,2,192,0,0,2,192,0,0
"192.168.1.177",49553,2,168,0,0,1,76,1,92
"192.168.1.1",56501,6,2354,0,0,6,2354,0,0
"192.168.1.1",56042,2,884,0,0,2,884,0,0
"fe80::f17b:6c72:fea6:5dc5",53272,2,186,0,0,2,186,0,0
"192.168.1.62",53272,2,146,0,0,2,146,0,0
"fe80::f17b:6c72:fea6:5dc5",53355,2,186,0,0,2,186,0,0
"192.168.1.62",53355,2,146,0,0,2,146,0,0
"fe80::f17b:6c72:fea6:5dc5",62569,4,372,0,0,4,372,0,0
"192.168.1.62",62569,4,292,0,0,4,292,0,0
"fe80::f17b:6c72:fea6:5dc5",51014,2,186,0,0,2,186,0,0
"192.168.1.62",51014,2,146,0,0,2,146,0,0
"192.168.1.1",53002,6,2354,0,0,6,2354,0,0
"fe80::f17b:6c72:fea6:5dc5",65375,4,372,0,0,4,372,0,0
"192.168.1.62",65375,4,292,0,0,4,292,0,0
"fe80::f17b:6c72:fea6:5dc5",50252,2,186,0,0,2,186,0,0
"192.168.1.62",50252,2,146,0,0,2,146,0,0
"fe80::f17b:6c72:fea6:5dc5",57053,2,186,0,0,2,186,0,0
"fe80::f17b:6c72:fea6:5dc5",54990,2,186,0,0,2,186,0,0
"192.168.1.62",54990,2,146,0,0,2,146,0,0
"192.168.1.62",57053,2,146,0,0,2,146,0,0
"192.168.1.1",51715,2,884,0,0,2,884,0,0
"fe80::f17b:6c72:fea6:5dc5",59630,2,186,0,0,2,186,0,0
"192.168.1.62",59630,2,146,0,0,2,146,0,0
"fe80::f17b:6c72:fea6:5dc5",59105,2,186,0,0,2,186,0,0
"192.168.1.62",59105,2,146,0,0,2,146,0,0
"fe80::f17b:6c72:fea6:5dc5",65020,2,186,0,0,2,186,0,0
"192.168.1.62",65020,2,146,0,0,2,146,0,0
"fe80::f17b:6c72:fea6:5dc5",59679,4,372,0,0,4,372,0,0
"192.168.1.62",59679,4,292,0,0,4,292,0,0
"fe80::f17b:6c72:fea6:5dc5",58659,4,372,0,0,4,372,0,0
"192.168.1.62",58659,4,292,0,0,4,292,0,0
"fe80::f17b:6c72:fea6:5dc5",64322,4,372,0,0,4,372,0,0
"192.168.1.62",64322,4,292,0,0,4,292,0,0
"fe80::f17b:6c72:fea6:5dc5",59862,2,186,0,0,2,186,0,0
"192.168.1.62",59862,2,146,0,0,2,146,0,0
"fe80::f17b:6c72:fea6:5dc5",49293,2,186,0,0,2,186,0,0
"192.168.1.62",49293,2,146,0,0,2,146,0,0
"fe80::f17b:6c72:fea6:5dc5",63822,2,186,0,0,2,186,0,0
"192.168.1.62",63822,2,146,0,0,2,146,0,0
"fe80::f17b:6c72:fea6:5dc5",59271,2,186,0,0,2,186,0,0
"192.168.1.62",59271,2,146,0,0,2,146,0,0
"fe80::f17b:6c72:fea6:5dc5",55329,2,186,0,0,2,186,0,0
"192.168.1.62",55329,2,146,0,0,2,146,0,0
"192.168.1.1",33882,1,92,0,0,1,92,0,0
"192.168.1.177",62698,4,868,0,0,4,868,0,0
"192.168.1.62",55330,6,1014,0,0,6,1014,0,0
"fe80::f17b:6c72:fea6:5dc5",49358,2,186,0,0,2,186,0,0
"192.168.1.62",49358,2,146,0,0,2,146,0,0
"fe80::f17b:6c72:fea6:5dc5",62163,2,186,0,0,2,186,0,0
"fe80::f17b:6c72:fea6:5dc5",54815,2,186,0,0,2,186,0,0
"192.168.1.62",62163,2,146,0,0,2,146,0,0
"192.168.1.62",54815,2,146,0,0,2,146,0,0
"fe80::f17b:6c72:fea6:5dc5",53899,4,372,0,0,4,372,0,0
"192.168.1.62",53899,4,292,0,0,4,292,0,0
"192.168.1.1",56924,6,2354,0,0,6,2354,0,0
"192.168.1.1",55023,2,884,0,0,2,884,0,0
"fe80::f17b:6c72:fea6:5dc5",57010,2,186,0,0,2,186,0,0
"192.168.1.62",57010,2,146,0,0,2,146,0,0
"fe80::f17b:6c72:fea6:5dc5",61006,2,186,0,0,2,186,0,0
"192.168.1.62",61006,2,146,0,0,2,146,0,0
"192.168.1.1",52126,6,2354,0,0,6,2354,0,0
"fe80::f17b:6c72:fea6:5dc5",58163,4,372,0,0,4,372,0,0
"192.168.1.62",58163,4,292,0,0,4,292,0,0
"fe80::f17b:6c72:fea6:5dc5",54420,2,186,0,0,2,186,0,0
"192.168.1.62",54420,2,146,0,0,2,146,0,0
"192.168.1.1",55100,2,884,0,0,2,884,0,0
"2001:14ba:a051:8c00:61b5:31a4:d1f8:cc83",51927,2,214,0,0,2,214,0,0
"fe80::f17b:6c72:fea6:5dc5",52901,2,186,0,0,2,186,0,0
"192.168.1.62",52901,2,146,0,0,2,146,0,0
"fe80::f17b:6c72:fea6:5dc5",53363,4,372,0,0,4,372,0,0
"192.168.1.62",53363,4,292,0,0,4,292,0,0
"192.168.1.177",51927,2,223,0,0,1,87,1,136
"2001:14ba:a051:8c00:61b5:31a4:d1f8:cc83",60540,1,107,0,0,1,107,0,0
"192.168.1.177",60540,2,235,0,0,1,87,1,148
"fe80::f17b:6c72:fea6:5dc5",64215,2,186,0,0,2,186,0,0
"192.168.1.62",64215,2,146,0,0,2,146,0,0
"fe80::f17b:6c72:fea6:5dc5",57040,5,465,0,0,5,465,0,0
"192.168.1.62",57040,5,365,0,0,5,365,0,0
"fe80::f17b:6c72:fea6:5dc5",61164,1,93,0,0,1,93,0,0
"192.168.1.62",61164,2,146,0,0,2,146,0,0
"fe80::f17b:6c72:fea6:5dc5",60463,1,93,0,0,1,93,0,0
"192.168.1.62",60463,2,146,0,0,2,146,0,0
"2001:14ba:a051:8c00:61b5:31a4:d1f8:cc83",51230,1,108,0,0,1,108,0,0
"192.168.1.177",51230,2,192,0,0,1,88,1,104
"2001:14ba:a051:8c00:61b5:31a4:d1f8:cc83",51333,1,108,0,0,1,108,0,0
"192.168.1.177",51333,2,204,0,0,1,88,1,116
"2001:14ba:a051:8c00:61b5:31a4:d1f8:cc83",55407,1,108,0,0,1,108,0,0
"192.168.1.177",55407,2,243,0,0,1,88,1,155
"fe80::f17b:6c72:fea6:5dc5",59056,2,186,0,0,2,186,0,0
"192.168.1.62",59056,2,146,0,0,2,146,0,0
"fe80::f17b:6c72:fea6:5dc5",62745,2,186,0,0,2,186,0,0
"192.168.1.62",62745,2,146,0,0,2,146,0,0
"fe80::f17b:6c72:fea6:5dc5",51148,2,186,0,0,2,186,0,0
"192.168.1.62",51148,2,146,0,0,2,146,0,0
"fe80::f17b:6c72:fea6:5dc5",51464,2,186,0,0,2,186,0,0
"192.168.1.62",51464,2,146,0,0,2,146,0,0
"2001:14ba:a051:8c00:61b5:31a4:d1f8:cc83",52843,1,89,0,0,1,89,0,0
"2001:14ba:a051:8c00:61b5:31a4:d1f8:cc83",62945,1,89,0,0,1,89,0,0
"192.168.1.177",62945,2,138,0,0,1,69,1,69
"192.168.1.177",52843,2,154,0,0,1,69,1,85
"192.168.1.177",56013,2,154,0,0,1,69,1,85
"192.168.1.177",55381,2,138,0,0,1,69,1,69
"fe80::f17b:6c72:fea6:5dc5",54191,2,186,0,0,2,186,0,0
"fe80::f17b:6c72:fea6:5dc5",56636,2,186,0,0,2,186,0,0
"192.168.1.62",54191,2,146,0,0,2,146,0,0
"192.168.1.62",56636,2,146,0,0,2,146,0,0
"fe80::f17b:6c72:fea6:5dc5",60962,4,372,0,0,4,372,0,0
"192.168.1.62",60962,4,292,0,0,4,292,0,0
"fe80::f17b:6c72:fea6:5dc5",49366,2,186,0,0,2,186,0,0
"192.168.1.62",49366,2,146,0,0,2,146,0,0
"192.168.1.177",60189,2,207,0,0,1,80,1,127
"192.168.1.177",52817,2,176,0,0,1,88,1,88
"192.168.1.1",39707,6,2354,0,0,6,2354,0,0
"192.168.1.1",57877,2,884,0,0,2,884,0,0
"fe80::f17b:6c72:fea6:5dc5",56093,2,186,0,0,2,186,0,0
"192.168.1.62",56093,2,146,0,0,2,146,0,0
"fe80::f17b:6c72:fea6:5dc5",52202,4,372,0,0,4,372,0,0
"192.168.1.62",52202,4,292,0,0,4,292,0,0
"fe80::f17b:6c72:fea6:5dc5",49274,2,186,0,0,2,186,0,0
"192.168.1.62",49274,2,146,0,0,2,146,0,0
"fe80::f17b:6c72:fea6:5dc5",63461,2,186,0,0,2,186,0,0
"192.168.1.62",63461,2,146,0,0,2,146,0,0
"fe80::f17b:6c72:fea6:5dc5",58062,2,186,0,0,2,186,0,0
"192.168.1.62",58062,2,146,0,0,2,146,0,0
"fe80::f17b:6c72:fea6:5dc5",51151,4,372,0,0,4,372,0,0
"192.168.1.62",51151,4,292,0,0,4,292,0,0
"192.168.1.1",36338,6,2354,0,0,6,2354,0,0
"192.168.1.1",35469,2,884,0,0,2,884,0,0
"fe80::f17b:6c72:fea6:5dc5",62039,2,186,0,0,2,186,0,0
"192.168.1.62",62039,2,146,0,0,2,146,0,0
"fe80::f17b:6c72:fea6:5dc5",59011,2,186,0,0,2,186,0,0
"192.168.1.62",59011,2,146,0,0,2,146,0,0
"192.168.1.103",39763,1,167,0,0,1,167,0,0
"192.168.1.1",54648,1,92,0,0,1,92,0,0
"192.168.1.177",55351,2,227,0,0,1,83,1,144
"192.168.1.177",56402,2,215,0,0,1,83,1,132
"192.168.1.177",57300,2,289,0,0,1,83,1,206
"192.168.1.253",59026,4,868,0,0,4,868,0,0
"192.168.1.1",58185,6,2354,0,0,6,2354,0,0
"192.168.1.1",57129,2,884,0,0,2,884,0,0
"fe80::f17b:6c72:fea6:5dc5",62693,2,186,0,0,2,186,0,0
"192.168.1.62",62693,2,146,0,0,2,146,0,0
"fe80::f17b:6c72:fea6:5dc5",50079,2,186,0,0,2,186,0,0
"192.168.1.62",50079,2,146,0,0,2,146,0,0
"192.168.1.1",32904,6,2354,0,0,6,2354,0,0
"192.168.1.1",52800,2,884,0,0,2,884,0,0
"fe80::f17b:6c72:fea6:5dc5",56615,2,186,0,0,2,186,0,0
"192.168.1.62",56615,2,146,0,0,2,146,0,0
"fe80::f17b:6c72:fea6:5dc5",54719,4,372,0,0,4,372,0,0
"192.168.1.62",54719,4,292,0,0,4,292,0,0
"fe80::f17b:6c72:fea6:5dc5",57130,2,186,0,0,2,186,0,0
"192.168.1.62",57130,2,146,0,0,2,146,0,0
"fe80::f17b:6c72:fea6:5dc5",64019,2,186,0,0,2,186,0,0
"192.168.1.62",64019,2,146,0,0,2,146,0,0
"fe80::f17b:6c72:fea6:5dc5",63204,2,186,0,0,2,186,0,0
"192.168.1.62",63204,2,146,0,0,2,146,0,0
"fe80::f17b:6c72:fea6:5dc5",58358,2,186,0,0,2,186,0,0
"192.168.1.62",58358,2,146,0,0,2,146,0,0
"fe80::f17b:6c72:fea6:5dc5",53425,2,186,0,0,2,186,0,0
"192.168.1.62",53425,2,146,0,0,2,146,0,0
"fe80::f17b:6c72:fea6:5dc5",54171,2,186,0,0,2,186,0,0
"192.168.1.62",54171,2,146,0,0,2,146,0,0
"192.168.1.1",46939,6,2354,0,0,6,2354,0,0
"192.168.1.1",51062,2,884,0,0,2,884,0,0
"fe80::f17b:6c72:fea6:5dc5",50186,2,186,0,0,2,186,0,0
"192.168.1.62",50186,2,146,0,0,2,146,0,0
"fe80::f17b:6c72:fea6:5dc5",52074,2,186,0,0,2,186,0,0
"192.168.1.62",52074,2,146,0,0,2,146,0,0
"192.168.1.177",53198,2,154,0,0,1,69,1,85
"192.168.1.177",62012,2,138,0,0,1,69,1,69
"192.168.1.1",48113,6,2354,0,0,6,2354,0,0
"192.168.1.1",51626,2,884,0,0,2,884,0,0
"fe80::f17b:6c72:fea6:5dc5",63725,2,186,0,0,2,186,0,0
"192.168.1.62",63725,2,146,0,0,2,146,0,0
"fe80::f17b:6c72:fea6:5dc5",50080,2,186,0,0,2,186,0,0
"192.168.1.62",50080,2,146,0,0,2,146,0,0
"fe80::f17b:6c72:fea6:5dc5",49168,4,372,0,0,4,372,0,0
"192.168.1.62",49168,4,292,0,0,4,292,0,0
"fe80::f17b:6c72:fea6:5dc5",60033,2,186,0,0,2,186,0,0
"192.168.1.62",60033,2,146,0,0,2,146,0,0
"fe80::f17b:6c72:fea6:5dc5",64732,2,186,0,0,2,186,0,0
"192.168.1.62",64732,2,146,0,0,2,146,0,0
"fe80::f17b:6c72:fea6:5dc5",61955,4,372,0,0,4,372,0,0
"192.168.1.62",61955,4,292,0,0,4,292,0,0
"fe80::f17b:6c72:fea6:5dc5",57043,4,372,0,0,4,372,0,0
"192.168.1.62",57043,4,292,0,0,4,292,0,0
"fe80::f17b:6c72:fea6:5dc5",63684,2,186,0,0,2,186,0,0
"192.168.1.62",63684,2,146,0,0,2,146,0,0
"fe80::f17b:6c72:fea6:5dc5",64489,4,372,0,0,4,372,0,0
"192.168.1.62",64489,4,292,0,0,4,292,0,0
"fe80::f17b:6c72:fea6:5dc5",53865,2,186,0,0,2,186,0,0
"192.168.1.62",53865,2,146,0,0,2,146,0,0
"fe80::f17b:6c72:fea6:5dc5",62309,4,372,0,0,4,372,0,0
"192.168.1.62",62309,4,292,0,0,4,292,0,0
"fe80::f17b:6c72:fea6:5dc5",56284,2,186,0,0,2,186,0,0
"192.168.1.62",56284,2,146,0,0,2,146,0,0
"fe80::f17b:6c72:fea6:5dc5",64591,2,186,0,0,2,186,0,0
"192.168.1.62",64591,2,146,0,0,2,146,0,0
"fe80::f17b:6c72:fea6:5dc5",50174,2,186,0,0,2,186,0,0
"192.168.1.62",50174,2,146,0,0,2,146,0,0
"192.168.1.177",62347,2,192,0,0,1,88,1,104
"192.168.1.177",51541,2,176,0,0,1,88,1,88
"192.168.1.177",57139,2,222,0,0,1,103,1,119
"192.168.1.177",64277,2,192,0,0,1,88,1,104
"192.168.1.177",57140,12,5497,0,0,6,2848,6,2649
"192.168.1.177",59609,2,176,0,0,1,88,1,88
"192.168.1.62",55190,1,73,0,0,1,73,0,0
"fe80::f17b:6c72:fea6:5dc5",54068,1,93,0,0,1,93,0,0
"192.168.1.62",54068,1,73,0,0,1,73,0,0
"fe80::f17b:6c72:fea6:5dc5",51156,2,186,0,0,2,186,0,0
"192.168.1.62",51156,2,146,0,0,2,146,0,0
"fe80::f17b:6c72:fea6:5dc5",65381,2,186,0,0,2,186,0,0
"192.168.1.62",65381,2,146,0,0,2,146,0,0
"192.168.1.1",40929,6,2354,0,0,6,2354,0,0
"192.168.1.1",37223,2,884,0,0,2,884,0,0
"fe80::f17b:6c72:fea6:5dc5",50579,2,186,0,0,2,186,0,0
"192.168.1.62",50579,2,146,0,0,2,146,0,0
"fe80::f17b:6c72:fea6:5dc5",60931,2,186,0,0,2,186,0,0
"192.168.1.62",60931,2,146,0,0,2,146,0,0
"fe80::f17b:6c72:fea6:5dc5",58665,2,186,0,0,2,186,0,0
"192.168.1.62",58665,2,146,0,0,2,146,0,0
"fe80::f17b:6c72:fea6:5dc5",53823,2,186,0,0,2,186,0,0
"192.168.1.62",53823,2,146,0,0,2,146,0,0
"192.168.1.1",32883,6,2354,0,0,6,2354,0,0
"192.168.1.1",35373,2,884,0,0,2,884,0,0
"fe80::f17b:6c72:fea6:5dc5",55214,4,372,0,0,4,372,0,0
"192.168.1.62",55214,4,292,0,0,4,292,0,0
"fe80::f17b:6c72:fea6:5dc5",60677,4,372,0,0,4,372,0,0
"192.168.1.62",60677,4,292,0,0,4,292,0,0
"fe80::f17b:6c72:fea6:5dc5",60496,6,558,0,0,6,558,0,0
"192.168.1.62",60496,6,438,0,0,6,438,0,0
"fe80::f17b:6c72:fea6:5dc5",53926,2,186,0,0,2,186,0,0
"192.168.1.62",53926,2,146,0,0,2,146,0,0
"fe80::f17b:6c72:fea6:5dc5",55391,2,186,0,0,2,186,0,0
"192.168.1.62",55391,2,146,0,0,2,146,0,0
"fe80::f17b:6c72:fea6:5dc5",52912,4,372,0,0,4,372,0,0
"192.168.1.62",52912,4,292,0,0,4,292,0,0
"192.168.1.177",59610,4,848,0,0,4,848,0,0
"fe80::f17b:6c72:fea6:5dc5",55992,2,186,0,0,2,186,0,0
"192.168.1.62",55992,2,146,0,0,2,146,0,0
"fe80::f17b:6c72:fea6:5dc5",50965,4,372,0,0,4,372,0,0
"192.168.1.62",50965,4,292,0,0,4,292,0,0
"192.168.1.1",35607,1,92,0,0,1,92,0,0
"fe80::f17b:6c72:fea6:5dc5",54078,2,186,0,0,2,186,0,0
"192.168.1.62",54078,2,146,0,0,2,146,0,0
"fe80::f17b:6c72:fea6:5dc5",59579,2,186,0,0,2,186,0,0
"192.168.1.62",59579,2,146,0,0,2,146,0,0
"fe80::f17b:6c72:fea6:5dc5",62200,2,186,0,0,2,186,0,0
"192.168.1.62",62200,2,146,0,0,2,146,0,0
"fe80::f17b:6c72:fea6:5dc5",49829,2,186,0,0,2,186,0,0
"192.168.1.62",49829,2,146,0,0,2,146,0,0
"192.168.1.1",52967,6,2354,0,0,6,2354,0,0
"192.168.1.1",57663,2,884,0,0,2,884,0,0
"fe80::f17b:6c72:fea6:5dc5",53052,4,372,0,0,4,372,0,0
"192.168.1.62",53052,4,292,0,0,4,292,0,0
"fe80::f17b:6c72:fea6:5dc5",55089,2,186,0,0,2,186,0,0
"192.168.1.62",55089,2,146,0,0,2,146,0,0
"fe80::f17b:6c72:fea6:5dc5",55844,2,186,0,0,2,186,0,0
"192.168.1.62",55844,2,146,0,0,2,146,0,0
"fe80::f17b:6c72:fea6:5dc5",63257,2,186,0,0,2,186,0,0
"192.168.1.62",63257,2,146,0,0,2,146,0,0
"fe80::f17b:6c72:fea6:5dc5",61896,2,186,0,0,2,186,0,0
"192.168.1.62",61896,2,146,0,0,2,146,0,0
"fe80::f17b:6c72:fea6:5dc5",62640,2,186,0,0,2,186,0,0
"192.168.1.62",62640,2,146,0,0,2,146,0,0
"fe80::f17b:6c72:fea6:5dc5",63757,4,372,0,0,4,372,0,0
"192.168.1.62",63757,4,292,0,0,4,292,0,0
"192.168.1.1",57984,6,2354,0,0,6,2354,0,0
"192.168.1.1",54787,2,884,0,0,2,884,0,0
"fe80::f17b:6c72:fea6:5dc5",65204,2,186,0,0,2,186,0,0
"192.168.1.62",65204,2,146,0,0,2,146,0,0
"fe80::f17b:6c72:fea6:5dc5",60626,2,186,0,0,2,186,0,0
"192.168.1.62",60626,2,146,0,0,2,146,0,0
"fe80::f17b:6c72:fea6:5dc5",63857,2,186,0,0,2,186,0,0
"192.168.1.62",63857,2,146,0,0,2,146,0,0
"fe80::f17b:6c72:fea6:5dc5",57479,2,186,0,0,2,186,0,0
"192.168.1.62",57479,2,146,0,0,2,146,0,0
"fe80::f17b:6c72:fea6:5dc5",62692,2,186,0,0,2,186,0,0
"192.168.1.62",62692,2,146,0,0,2,146,0,0
"fe80::f17b:6c72:fea6:5dc5",53637,2,186,0,0,2,186,0,0
"192.168.1.62",53637,2,146,0,0,2,146,0,0
"fe80::f17b:6c72:fea6:5dc5",62421,2,186,0,0,2,186,0,0
"192.168.1.62",62421,2,146,0,0,2,146,0,0
"fe80::f17b:6c72:fea6:5dc5",50227,2,186,0,0,2,186,0,0
"192.168.1.62",50227,2,146,0,0,2,146,0,0
"192.168.1.177",62322,4,868,0,0,4,868,0,0
"192.168.1.62",50228,6,1014,0,0,6,1014,0,0
"fe80::f17b:6c72:fea6:5dc5",61818,2,186,0,0,2,186,0,0
"192.168.1.62",61818,2,146,0,0,2,146,0,0
"192.168.1.1",55473,6,2354,0,0,6,2354,0,0
"192.168.1.1",33075,2,884,0,0,2,884,0,0
"192.168.1.1",54025,6,2354,0,0,6,2354,0,0
"192.168.1.1",41971,2,884,0,0,2,884,0,0
"192.168.1.1",49020,1,92,0,0,1,92,0,0
"fe80::f17b:6c72:fea6:5dc5",62193,2,186,0,0,2,186,0,0
"192.168.1.62",62193,2,146,0,0,2,146,0,0
"fe80::f17b:6c72:fea6:5dc5",59316,2,186,0,0,2,186,0,0
"192.168.1.62",59316,2,146,0,0,2,146,0,0
"fe80::f17b:6c72:fea6:5dc5",59062,2,186,0,0,2,186,0,0
"192.168.1.62",59062,2,146,0,0,2,146,0,0
"fe80::f17b:6c72:fea6:5dc5",55143,5,465,0,0,5,465,0,0
"192.168.1.62",55143,6,438,0,0,6,438,0,0
"fe80::f17b:6c72:fea6:5dc5",58716,2,186,0,0,2,186,0,0
"192.168.1.62",58716,2,146,0,0,2,146,0,0
"fe80::f17b:6c72:fea6:5dc5",64282,2,186,0,0,2,186,0,0
"192.168.1.62",64282,2,146,0,0,2,146,0,0
"fe80::f17b:6c72:fea6:5dc5",57563,2,186,0,0,2,186,0,0
"192.168.1.62",57563,2,146,0,0,2,146,0,0
"fe80::f17b:6c72:fea6:5dc5",51942,2,186,0,0,2,186,0,0
"192.168.1.62",51942,2,146,0,0,2,146,0,0
"fe80::f17b:6c72:fea6:5dc5",63956,2,186,0,0,2,186,0,0
"fe80::f17b:6c72:fea6:5dc5",63454,6,558,0,0,6,558,0,0
"192.168.1.62",63956,2,146,0,0,2,146,0,0
"192.168.1.62",63454,6,438,0,0,6,438,0,0
"fe80::f17b:6c72:fea6:5dc5",53826,2,186,0,0,2,186,0,0
"192.168.1.62",53826,2,146,0,0,2,146,0,0
"192.168.1.1",53199,6,2354,0,0,6,2354,0,0
"192.168.1.1",57931,2,884,0,0,2,884,0,0
"fe80::f17b:6c72:fea6:5dc5",49254,2,186,0,0,2,186,0,0
"192.168.1.62",49254,2,146,0,0,2,146,0,0
"fe80::f17b:6c72:fea6:5dc5",57807,2,186,0,0,2,186,0,0
"192.168.1.62",57807,2,146,0,0,2,146,0,0
"fe80::f17b:6c72:fea6:5dc5",60071,2,186,0,0,2,186,0,0
"192.168.1.62",60071,2,146,0,0,2,146,0,0
"fe80::f17b:6c72:fea6:5dc5",63282,4,372,0,0,4,372,0,0
"192.168.1.62",63282,4,292,0,0,4,292,0,0
"fe80::f17b:6c72:fea6:5dc5",50863,4,362,0,0,4,362,0,0
"192.168.1.62",50863,4,282,0,0,4,282,0,0
"fe80::f17b:6c72:fea6:5dc5",50818,2,186,0,0,2,186,0,0
"192.168.1.62",50818,2,146,0,0,2,146,0,0
"fe80::f17b:6c72:fea6:5dc5",60302,2,186,0,0,2,186,0,0
"192.168.1.62",60302,2,146,0,0,2,146,0,0
"fe80::f17b:6c72:fea6:5dc5",64955,2,186,0,0,2,186,0,0
"192.168.1.62",64955,2,146,0,0,2,146,0,0
"192.168.1.1",60209,6,2354,0,0,6,2354,0,0
"192.168.1.1",50884,2,884,0,0,2,884,0,0
"fe80::f17b:6c72:fea6:5dc5",54873,2,186,0,0,2,186,0,0
"192.168.1.62",54873,2,146,0,0,2,146,0,0
"fe80::f17b:6c72:fea6:5dc5",61250,2,186,0,0,2,186,0,0
"192.168.1.62",61250,2,146,0,0,2,146,0,0
"fe80::f17b:6c72:fea6:5dc5",55692,2,186,0,0,2,186,0,0
"192.168.1.62",55692,2,146,0,0,2,146,0,0
"fe80::f17b:6c72:fea6:5dc5",64276,2,186,0,0,2,186,0,0
"192.168.1.62",64276,2,146,0,0,2,146,0,0
"fe80::f17b:6c72:fea6:5dc5",55407,2,186,0,0,2,186,0,0
"192.168.1.62",55407,2,146,0,0,2,146,0,0
"fe80::f17b:6c72:fea6:5dc5",65363,2,186,0,0,2,186,0,0
"192.168.1.62",65363,2,146,0,0,2,146,0,0
"fe80::f17b:6c72:fea6:5dc5",57625,2,186,0,0,2,186,0,0
"192.168.1.62",57625,2,146,0,0,2,146,0,0
"fe80::f17b:6c72:fea6:5dc5",60228,2,186,0,0,2,186,0,0
"192.168.1.62",60228,2,146,0,0,2,146,0,0
"fe80::f17b:6c72:fea6:5dc5",64593,2,186,0,0,2,186,0,0
"192.168.1.62",64593,2,146,0,0,2,146,0,0
"192.168.1.253",54288,4,868,0,0,4,868,0,0
"fe80::f17b:6c72:fea6:5dc5",60204,2,186,0,0,2,186,0,0
"192.168.1.62",60204,2,146,0,0,2,146,0,0
"fe80::f17b:6c72:fea6:5dc5",57124,2,186,0,0,2,186,0,0
"192.168.1.62",57124,2,146,0,0,2,146,0,0
"192.168.1.1",46817,6,2354,0,0,6,2354,0,0
"192.168.1.1",48967,2,884,0,0,2,884,0,0
"fe80::f17b:6c72:fea6:5dc5",63403,2,186,0,0,2,186,0,0
"192.168.1.62",63403,2,146,0,0,2,146,0,0
"fe80::f17b:6c72:fea6:5dc5",57339,2,186,0,0,2,186,0,0
"192.168.1.62",57339,2,146,0,0,2,146,0,0
"fe80::f17b:6c72:fea6:5dc5",58288,2,186,0,0,2,186,0,0
"192.168.1.62",58288,2,146,0,0,2,146,0,0
"fe80::f17b:6c72:fea6:5dc5",50013,2,186,0,0,2,186,0,0
"192.168.1.62",50013,2,146,0,0,2,146,0,0
"fe80::f17b:6c72:fea6:5dc5",61973,2,186,0,0,2,186,0,0
"192.168.1.62",61973,2,146,0,0,2,146,0,0
"fe80::f17b:6c72:fea6:5dc5",58735,2,186,0,0,2,186,0,0
"192.168.1.62",58735,2,146,0,0,2,146,0,0
"192.168.1.1",52577,6,2354,0,0,6,2354,0,0
"fe80::f17b:6c72:fea6:5dc5",56681,2,186,0,0,2,186,0,0
"192.168.1.62",56681,2,146,0,0,2,146,0,0
"fe80::f17b:6c72:fea6:5dc5",57390,2,186,0,0,2,186,0,0
"192.168.1.62",57390,2,146,0,0,2,146,0,0
"192.168.1.1",49856,2,884,0,0,2,884,0,0
"fe80::f17b:6c72:fea6:5dc5",62864,2,186,0,0,2,186,0,0
"192.168.1.62",62864,2,146,0,0,2,146,0,0
"fe80::f17b:6c72:fea6:5dc5",59853,2,186,0,0,2,186,0,0
"192.168.1.62",59853,2,146,0,0,2,146,0,0
"fe80::f17b:6c72:fea6:5dc5",53871,2,186,0,0,2,186,0,0
"192.168.1.62",53871,2,146,0,0,2,146,0,0
"fe80::f17b:6c72:fea6:5dc5",65108,2,186,0,0,2,186,0,0
"192.168.1.62",65108,2,146,0,0,2,146,0,0
"fe80::f17b:6c72:fea6:5dc5",58076,4,372,0,0,4,372,0,0
"192.168.1.62",58076,4,292,0,0,4,292,0,0
"fe80::f17b:6c72:fea6:5dc5",64875,2,186,0,0,2,186,0,0
"192.168.1.62",64875,2,146,0,0,2,146,0,0
"fe80::f17b:6c72:fea6:5dc5",62588,2,186,0,0,2,186,0,0
"192.168.1.62",62588,2,146,0,0,2,146,0,0
"192.168.1.62",55882,2,146,0,0,2,146,0,0
"fe80::f17b:6c72:fea6:5dc5",55226,4,372,0,0,4,372,0,0
"192.168.1.62",55226,4,292,0,0,4,292,0,0
"fe80::f17b:6c72:fea6:5dc5",55882,1,93,0,0,1,93,0,0
"192.168.1.1",55222,6,2354,0,0,6,2354,0,0
"192.168.1.1",43735,8,3238,0,0,8,3238,0,0
"192.168.1.1",37667,1,92,0,0,1,92,0,0
"2001:14ba:a051:8c00:61b5:31a4:d1f8:cc83",54502,2,192,0,0,2,192,0,0
"192.168.1.1",60217,6,2354,0,0,6,2354,0,0
"192.168.1.1",54660,2,884,0,0,2,884,0,0
"192.168.1.177",54502,2,186,0,0,1,76,1,110
"2001:14ba:a051:8c00:61b5:31a4:d1f8:cc83",54222,2,192,0,0,2,192,0,0
"fe80::f17b:6c72:fea6:5dc5",52775,2,186,0,0,2,186,0,0
"192.168.1.62",52775,2,146,0,0,2,146,0,0
"fe80::f17b:6c72:fea6:5dc5",52167,2,186,0,0,2,186,0,0
"192.168.1.62",52167,2,146,0,0,2,146,0,0
"fe80::f17b:6c72:fea6:5dc5",60213,2,186,0,0,2,186,0,0
"192.168.1.62",60213,2,146,0,0,2,146,0,0
"fe80::f17b:6c72:fea6:5dc5",59089,2,186,0,0,2,186,0,0
"192.168.1.62",59089,2,146,0,0,2,146,0,0
"fe80::f17b:6c72:fea6:5dc5",63295,2,186,0,0,2,186,0,0
"192.168.1.62",63295,2,146,0,0,2,146,0,0
"fe80::f17b:6c72:fea6:5dc5",61721,2,186,0,0,2,186,0,0
"192.168.1.62",61721,2,146,0,0,2,146,0,0
"fe80::f17b:6c72:fea6:5dc5",60715,2,186,0,0,2,186,0,0
"192.168.1.62",60715,2,146,0,0,2,146,0,0
"192.168.1.1",42022,6,2354,0,0,6,2354,0,0
"192.168.1.1",45596,2,884,0,0,2,884,0,0
"fe80::f17b:6c72:fea6:5dc5",54192,2,186,0,0,2,186,0,0
"fe80::f17b:6c72:fea6:5dc5",61079,4,372,0,0,4,372,0,0
"192.168.1.62",54192,2,146,0,0,2,146,0,0
"192.168.1.62",61079,4,292,0,0,4,292,0,0
"fe80::f17b:6c72:fea6:5dc5",60118,2,186,0,0,2,186,0,0
"fe80::f17b:6c72:fea6:5dc5",60441,2,186,0,0,2,186,0,0
"192.168.1.62",60441,2,146,0,0,2,146,0,0
"192.168.1.62",60118,2,146,0,0,2,146,0,0
"fe80::f17b:6c72:fea6:5dc5",58501,2,186,0,0,2,186,0,0
"192.168.1.62",58501,2,146,0,0,2,146,0,0
"fe80::f17b:6c72:fea6:5dc5",52389,2,186,0,0,2,186,0,0
"192.168.1.62",52389,2,146,0,0,2,146,0,0
"fe80::f17b:6c72:fea6:5dc5",53681,3,279,0,0,3,279,0,0
"192.168.1.62",53681,2,146,0,0,2,146,0,0
"fe80::f17b:6c72:fea6:5dc5",52842,2,186,0,0,2,186,0,0
"192.168.1.62",52842,2,146,0,0,2,146,0,0
"192.168.1.1",36552,6,2354,0,0,6,2354,0,0
"2001:14ba:a051:8c00:61b5:31a4:d1f8:cc83",65017,1,105,0,0,1,105,0,0
"2001:14ba:a051:8c00:61b5:31a4:d1f8:cc83",54769,1,110,0,0,1,110,0,0
"2001:14ba:a051:8c00:61b5:31a4:d1f8:cc83",52722,1,110,0,0,1,110,0,0
"192.168.1.177",65017,2,186,0,0,1,85,1,101
"192.168.1.177",52722,2,208,0,0,1,90,1,118
"192.168.1.177",54769,2,196,0,0,1,90,1,106
"2001:14ba:a051:8c00:61b5:31a4:d1f8:cc83",50686,1,110,0,0,1,110,0,0
"192.168.1.177",50686,2,196,0,0,1,90,1,106
"2001:14ba:a051:8c00:61b5:31a4:d1f8:cc83",54882,2,205,0,0,2,205,0,0
"192.168.1.1",52442,4,1768,0,0,4,1768,0,0
"192.168.1.177",54882,4,358,0,0,2,165,2,193
"fe80::f17b:6c72:fea6:5dc5",58180,2,186,0,0,2,186,0,0
"192.168.1.62",58180,2,146,0,0,2,146,0,0
"fe80::f17b:6c72:fea6:5dc5",57462,2,186,0,0,2,186,0,0
"fe80::f17b:6c72:fea6:5dc5",53935,2,186,0,0,2,186,0,0
"192.168.1.62",57462,2,146,0,0,2,146,0,0
"192.168.1.62",53935,2,146,0,0,2,146,0,0
"fe80::f17b:6c72:fea6:5dc5",54690,2,186,0,0,2,186,0,0
"192.168.1.62",54690,2,146,0,0,2,146,0,0
"2001:14ba:a051:8c00:61b5:31a4:d1f8:cc83",58833,1,108,0,0,1,108,0,0
"192.168.1.177",58833,2,257,0,0,1,88,1,169
"2001:14ba:a051:8c00:61b5:31a4:d1f8:cc83",57835,1,108,0,0,1,108,0,0
"192.168.1.177",58834,13,5575,0,0,7,2926,6,2649
"192.168.1.177",57835,2,176,0,0,1,88,1,88
"fe80::f17b:6c72:fea6:5dc5",60542,2,186,0,0,2,186,0,0
"192.168.1.62",60542,2,146,0,0,2,146,0,0
"fe80::f17b:6c72:fea6:5dc5",56968,2,186,0,0,2,186,0,0
"192.168.1.62",56968,2,146,0,0,2,146,0,0
"fe80::f17b:6c72:fea6:5dc5",60952,2,186,0,0,2,186,0,0
"192.168.1.62",60952,2,146,0,0,2,146,0,0
"fe80::f17b:6c72:fea6:5dc5",57878,2,186,0,0,2,186,0,0
"192.168.1.62",57878,2,146,0,0,2,146,0,0
"192.168.1.177",57836,4,848,0,0,4,848,0,0
"fe80::f17b:6c72:fea6:5dc5",56298,2,186,0,0,2,186,0,0
"192.168.1.62",56298,2,146,0,0,2,146,0,0
"fe80::f17b:6c72:fea6:5dc5",53232,2,186,0,0,2,186,0,0
"192.168.1.62",53232,2,146,0,0,2,146,0,0
"192.168.1.1",36535,1,92,0,0,1,92,0,0
"fe80::f17b:6c72:fea6:5dc5",55840,2,186,0,0,2,186,0,0
"192.168.1.62",55840,2,146,0,0,2,146,0,0
"fe80::f17b:6c72:fea6:5dc5",57387,6,558,0,0,6,558,0,0
"192.168.1.62",57387,6,438,0,0,6,438,0,0
"192.168.1.1",35465,6,2354,0,0,6,2354,0,0
"192.168.1.1",49511,2,884,0,0,2,884,0,0
"fe80::f17b:6c72:fea6:5dc5",52597,4,372,0,0,4,372,0,0
"192.168.1.62",52597,4,292,0,0,4,292,0,0
"fe80::f17b:6c72:fea6:5dc5",62061,2,186,0,0,2,186,0,0
"192.168.1.62",62061,2,146,0,0,2,146,0,0
"fe80::f17b:6c72:fea6:5dc5",54047,2,186,0,0,2,186,0,0
"192.168.1.62",54047,2,146,0,0,2,146,0,0
"fe80::f17b:6c72:fea6:5dc5",58801,2,186,0,0,2,186,0,0
"192.168.1.62",58801,2,146,0,0,2,146,0,0
"fe80::f17b:6c72:fea6:5dc5",55280,2,186,0,0,2,186,0,0
"192.168.1.62",55280,2,146,0,0,2,146,0,0
"fe80::f17b:6c72:fea6:5dc5",59941,2,186,0,0,2,186,0,0
"192.168.1.62",59941,2,146,0,0,2,146,0,0
"fe80::f17b:6c72:fea6:5dc5",64300,2,186,0,0,2,186,0,0
"192.168.1.62",64300,2,146,0,0,2,146,0,0
"192.168.1.1",49465,6,2354,0,0,6,2354,0,0
"192.168.1.1",34258,2,884,0,0,2,884,0,0
"fe80::f17b:6c72:fea6:5dc5",59875,1,93,0,0,1,93,0,0
"192.168.1.62",59875,1,73,0,0,1,73,0,0
"fe80::f17b:6c72:fea6:5dc5",56588,1,93,0,0,1,93,0,0
"192.168.1.62",56588,1,73,0,0,1,73,0,0
"fe80::f17b:6c72:fea6:5dc5",61815,2,186,0,0,2,186,0,0
"192.168.1.62",61815,2,146,0,0,2,146,0,0
"fe80::f17b:6c72:fea6:5dc5",51949,2,186,0,0,2,186,0,0
"192.168.1.62",51949,2,146,0,0,2,146,0,0
"fe80::f17b:6c72:fea6:5dc5",56259,2,186,0,0,2,186,0,0
"192.168.1.62",56259,2,146,0,0,2,146,0,0
"fe80::f17b:6c72:fea6:5dc5",55515,2,186,0,0,2,186,0,0
"192.168.1.62",55515,2,146,0,0,2,146,0,0
"fe80::f17b:6c72:fea6:5dc5",59291,4,372,0,0,4,372,0,0
"192.168.1.62",59291,4,292,0,0,4,292,0,0
"fe80::f17b:6c72:fea6:5dc5",60533,2,186,0,0,2,186,0,0
"192.168.1.62",60533,2,146,0,0,2,146,0,0
"fe80::f17b:6c72:fea6:5dc5",62164,2,186,0,0,2,186,0,0
"192.168.1.62",62164,2,146,0,0,2,146,0,0
"fe80::f17b:6c72:fea6:5dc5",52184,2,186,0,0,2,186,0,0
"192.168.1.62",52184,2,146,0,0,2,146,0,0
"fe80::f17b:6c72:fea6:5dc5",60272,2,186,0,0,2,186,0,0
"192.168.1.62",60272,2,146,0,0,2,146,0,0
"fe80::f17b:6c72:fea6:5dc5",51478,4,372,0,0,4,372,0,0
"192.168.1.62",51478,4,292,0,0,4,292,0,0
"fe80::f17b:6c72:fea6:5dc5",54473,2,186,0,0,2,186,0,0
"192.168.1.62",54473,2,146,0,0,2,146,0,0
"192.168.1.177",63018,4,868,0,0,4,868,0,0
"192.168.1.62",53511,8,1160,0,0,8,1160,0,0
"192.168.1.1",36699,6,2354,0,0,6,2354,0,0
"192.168.1.1",32910,2,884,0,0,2,884,0,0
"192.168.1.1",48823,6,2354,0,0,6,2354,0,0
"192.168.1.1",42573,2,884,0,0,2,884,0,0
"192.168.1.1",47236,1,92,0,0,1,92,0,0
"fe80::f17b:6c72:fea6:5dc5",61373,2,186,0,0,2,186,0,0
"192.168.1.62",61373,2,146,0,0,2,146,0,0
"fe80::f17b:6c72:fea6:5dc5",53797,2,186,0,0,2,186,0,0
"192.168.1.62",53797,2,146,0,0,2,146,0,0
"fe80::f17b:6c72:fea6:5dc5",51922,2,186,0,0,2,186,0,0
"192.168.1.62",51922,2,146,0,0,2,146,0,0
"fe80::f17b:6c72:fea6:5dc5",63422,2,186,0,0,2,186,0,0
"192.168.1.62",63422,2,146,0,0,2,146,0,0
"fe80::f17b:6c72:fea6:5dc5",49854,2,186,0,0,2,186,0,0
"192.168.1.62",49854,2,146,0,0,2,146,0,0
"fe80::f17b:6c72:fea6:5dc5",60684,3,279,0,0,3,279,0,0
"fe80::f17b:6c72:fea6:5dc5",53829,2,186,0,0,2,186,0,0
"192.168.1.62",60684,4,292,0,0,4,292,0,0
"192.168.1.62",53829,2,146,0,0,2,146,0,0
"fe80::f17b:6c72:fea6:5dc5",55148,2,186,0,0,2,186,0,0
"192.168.1.62",55148,2,146,0,0,2,146,0,0
"fe80::f17b:6c72:fea6:5dc5",61727,2,186,0,0,2,186,0,0
"192.168.1.62",61727,2,146,0,0,2,146,0,0
"fe80::f17b:6c72:fea6:5dc5",59898,4,372,0,0,4,372,0,0
"fe80::f17b:6c72:fea6:5dc5",57300,2,186,0,0,2,186,0,0
"192.168.1.62",57300,2,146,0,0,2,146,0,0
"192.168.1.62",59898,4,292,0,0,4,292,0,0
"fe80::f17b:6c72:fea6:5dc5",53006,4,372,0,0,4,372,0,0
"192.168.1.62",53006,4,292,0,0,4,292,0,0
"2001:14ba:a051:8c00:61b5:31a4:d1f8:cc83",51781,1,110,0,0,1,110,0,0
"192.168.1.177",51781,2,312,0,0,1,90,1,222
"2001:14ba:a051:8c00:61b5:31a4:d1f8:cc83",59846,1,123,0,0,1,123,0,0
"192.168.1.177",59846,2,222,0,0,1,103,1,119
"192.168.1.1",54363,6,2354,0,0,6,2354,0,0
"192.168.1.1",32876,2,884,0,0,2,884,0,0
"fe80::f17b:6c72:fea6:5dc5",54328,2,186,0,0,2,186,0,0
"192.168.1.62",54328,2,146,0,0,2,146,0,0
"fe80::f17b:6c72:fea6:5dc5",54144,4,372,0,0,4,372,0,0
"192.168.1.62",54144,4,292,0,0,4,292,0,0
"fe80::f17b:6c72:fea6:5dc5",64861,2,186,0,0,2,186,0,0
"192.168.1.62",64861,2,146,0,0,2,146,0,0
"192.168.1.1",44428,6,2354,0,0,6,2354,0,0
"192.168.1.1",37952,2,884,0,0,2,884,0,0
"fe80::f17b:6c72:fea6:5dc5",53467,4,372,0,0,4,372,0,0
"192.168.1.62",53467,4,292,0,0,4,292,0,0
"fe80::f17b:6c72:fea6:5dc5",49697,2,186,0,0,2,186,0,0
"192.168.1.62",49697,2,146,0,0,2,146,0,0
"fe80::f17b:6c72:fea6:5dc5",64319,2,186,0,0,2,186,0,0
"192.168.1.62",64319,2,146,0,0,2,146,0,0
"fe80::f17b:6c72:fea6:5dc5",61361,2,186,0,0,2,186,0,0
"192.168.1.62",61361,2,146,0,0,2,146,0,0
"fe80::f17b:6c72:fea6:5dc5",62366,2,186,0,0,2,186,0,0
"192.168.1.62",62366,2,146,0,0,2,146,0,0
"fe80::f17b:6c72:fea6:5dc5",55828,2,186,0,0,2,186,0,0
"fe80::f17b:6c72:fea6:5dc5",57941,2,186,0,0,2,186,0,0
"192.168.1.62",55828,2,146,0,0,2,146,0,0
"192.168.1.62",57941,2,146,0,0,2,146,0,0
"fe80::f17b:6c72:fea6:5dc5",54304,2,186,0,0,2,186,0,0
"192.168.1.62",54304,2,146,0,0,2,146,0,0
"fe80::f17b:6c72:fea6:5dc5",49238,2,186,0,0,2,186,0,0
"192.168.1.62",49238,2,146,0,0,2,146,0,0
"fe80::f17b:6c72:fea6:5dc5",50184,4,372,0,0,4,372,0,0
"192.168.1.62",50184,4,292,0,0,4,292,0,0
"192.168.1.253",62850,4,868,0,0,4,868,0,0
"fe80::f17b:6c72:fea6:5dc5",59848,2,186,0,0,2,186,0,0
"192.168.1.62",59848,2,146,0,0,2,146,0,0
"fe80::f17b:6c72:fea6:5dc5",54885,2,186,0,0,2,186,0,0
"192.168.1.62",54885,2,146,0,0,2,146,0,0
"192.168.1.1",44936,6,2354,0,0,6,2354,0,0
"192.168.1.1",44637,2,884,0,0,2,884,0,0
"fe80::f17b:6c72:fea6:5dc5",50155,4,372,0,0,4,372,0,0
"192.168.1.62",50155,4,292,0,0,4,292,0,0
"fe80::f17b:6c72:fea6:5dc5",52211,2,186,0,0,2,186,0,0
"192.168.1.62",52211,2,146,0,0,2,146,0,0
"fe80::f17b:6c72:fea6:5dc5",60334,2,186,0,0,2,186,0,0
"192.168.1.62",60334,2,146,0,0,2,146,0,0
"fe80::f17b:6c72:fea6:5dc5",56109,4,372,0,0,4,372,0,0
"192.168.1.62",56109,4,292,0,0,4,292,0,0
"192.168.1.1",33560,1,92,0,0,1,92,0,0
"192.168.1.1",42912,6,2354,0,0,6,2354,0,0
"fe80::f17b:6c72:fea6:5dc5",62394,2,186,0,0,2,186,0,0
"192.168.1.62",62394,2,146,0,0,2,146,0,0
"fe80::f17b:6c72:fea6:5dc5",55463,2,186,0,0,2,186,0,0
"192.168.1.62",55463,2,146,0,0,2,146,0,0
"fe80::f17b:6c72:fea6:5dc5",55597,2,186,0,0,2,186,0,0
"192.168.1.62",55597,2,146,0,0,2,146,0,0
"fe80::f17b:6c72:fea6:5dc5",59016,6,558,0,0,6,558,0,0
"192.168.1.62",59016,6,438,0,0,6,438,0,0
"192.168.1.1",56629,2,884,0,0,2,884,0,0
"fe80::f17b:6c72:fea6:5dc5",54707,2,186,0,0,2,186,0,0
"192.168.1.62",54707,2,146,0,0,2,146,0,0
"fe80::f17b:6c72:fea6:5dc5",61279,2,186,0,0,2,186,0,0
"192.168.1.62",61279,2,146,0,0,2,146,0,0
"fe80::f17b:6c72:fea6:5dc5",61633,2,186,0,0,2,186,0,0
"192.168.1.62",61633,2,146,0,0,2,146,0,0
"fe80::f17b:6c72:fea6:5dc5",52072,2,186,0,0,2,186,0,0
"192.168.1.62",52072,2,146,0,0,2,146,0,0
"fe80::f17b:6c72:fea6:5dc5",49772,2,186,0,0,2,186,0,0
"192.168.1.62",49772,2,146,0,0,2,146,0,0
"fe80::f17b:6c72:fea6:5dc5",55045,4,372,0,0,4,372,0,0
"fe80::f17b:6c72:fea6:5dc5",59719,4,372,0,0,4,372,0,0
"192.168.1.62",55045,4,292,0,0,4,292,0,0
"192.168.1.62",59719,4,292,0,0,4,292,0,0
"fe80::f17b:6c72:fea6:5dc5",55269,2,186,0,0,2,186,0,0
"192.168.1.62",55269,2,146,0,0,2,146,0,0
"fe80::f17b:6c72:fea6:5dc5",55932,2,186,0,0,2,186,0,0
"192.168.1.62",55932,2,146,0,0,2,146,0,0
"fe80::f17b:6c72:fea6:5dc5",63448,6,558,0,0,6,558,0,0
"192.168.1.62",63448,6,438,0,0,6,438,0,0
"fe80::f17b:6c72:fea6:5dc5",57356,2,186,0,0,2,186,0,0
"192.168.1.62",57356,2,146,0,0,2,146,0,0
"fe80::f17b:6c72:fea6:5dc5",52309,4,372,0,0,4,372,0,0
"192.168.1.62",52309,4,292,0,0,4,292,0,0
"192.168.1.1",59373,6,2354,0,0,6,2354,0,0
"192.168.1.1",33204,8,3238,0,0,8,3238,0,0
"fe80::f17b:6c72:fea6:5dc5",62777,2,186,0,0,2,186,0,0
"192.168.1.62",62777,2,146,0,0,2,146,0,0
"fe80::f17b:6c72:fea6:5dc5",59832,2,186,0,0,2,186,0,0
"192.168.1.62",59832,2,146,0,0,2,146,0,0
"192.168.1.1",37762,6,2354,0,0,6,2354,0,0
"192.168.1.1",48923,2,884,0,0,2,884,0,0
"fe80::f17b:6c72:fea6:5dc5",56376,2,176,0,0,2,176,0,0
"192.168.1.62",56376,2,136,0,0,2,136,0,0
"fe80::f17b:6c72:fea6:5dc5",62860,2,176,0,0,2,176,0,0
"192.168.1.62",62860,2,136,0,0,2,136,0,0
"fe80::f17b:6c72:fea6:5dc5",51785,2,186,0,0,2,186,0,0
"192.168.1.62",51785,2,146,0,0,2,146,0,0
"fe80::f17b:6c72:fea6:5dc5",50048,2,186,0,0,2,186,0,0
"192.168.1.62",50048,2,146,0,0,2,146,0,0
"fe80::f17b:6c72:fea6:5dc5",54929,4,372,0,0,4,372,0,0
"192.168.1.62",54929,4,292,0,0,4,292,0,0
"fe80::f17b:6c72:fea6:5dc5",51825,2,174,0,0,2,174,0,0
"192.168.1.62",51825,2,134,0,0,2,134,0,0
"fe80::f17b:6c72:fea6:5dc5",53917,4,360,0,0,4,360,0,0
"192.168.1.62",53917,4,280,0,0,4,280,0,0
"fe80::f17b:6c72:fea6:5dc5",52715,1,88,0,0,1,88,0,0
"192.168.1.62",52715,1,68,0,0,1,68,0,0
"fe80::f17b:6c72:fea6:5dc5",65050,1,88,0,0,1,88,0,0
"192.168.1.62",65050,1,68,0,0,1,68,0,0
"fe80::f17b:6c72:fea6:5dc5",64578,2,186,0,0,2,186,0,0
"192.168.1.62",64578,2,146,0,0,2,146,0,0
"fe80::f17b:6c72:fea6:5dc5",64816,2,186,0,0,2,186,0,0
"192.168.1.62",64816,2,146,0,0,2,146,0,0
"fe80::f17b:6c72:fea6:5dc5",50420,2,186,0,0,2,186,0,0
"192.168.1.62",50420,2,146,0,0,2,146,0,0
"fe80::f17b:6c72:fea6:5dc5",53318,2,186,0,0,2,186,0,0
"192.168.1.62",53318,2,146,0,0,2,146,0,0
"fe80::f17b:6c72:fea6:5dc5",62801,2,174,0,0,2,174,0,0
"192.168.1.62",62801,2,134,0,0,2,134,0,0
"fe80::f17b:6c72:fea6:5dc5",62138,2,176,0,0,2,176,0,0
"192.168.1.62",62138,2,136,0,0,2,136,0,0
"fe80::f17b:6c72:fea6:5dc5",52712,2,176,0,0,2,176,0,0
"192.168.1.62",52712,2,136,0,0,2,136,0,0
"192.168.1.1",42238,6,2354,0,0,6,2354,0,0
"192.168.1.1",39527,2,884,0,0,2,884,0,0
"fe80::f17b:6c72:fea6:5dc5",57014,2,186,0,0,2,186,0,0
"192.168.1.62",57014,2,146,0,0,2,146,0,0
"fe80::f17b:6c72:fea6:5dc5",50792,2,186,0,0,2,186,0,0
"192.168.1.62",50792,2,146,0,0,2,146,0,0
"fe80::f17b:6c72:fea6:5dc5",59270,2,186,0,0,2,186,0,0
"192.168.1.62",59270,2,146,0,0,2,146,0,0
"fe80::f17b:6c72:fea6:5dc5",52887,2,176,0,0,2,176,0,0
"192.168.1.62",52887,2,136,0,0,2,136,0,0
"fe80::f17b:6c72:fea6:5dc5",63075,4,372,0,0,4,372,0,0
"192.168.1.62",63075,4,292,0,0,4,292,0,0
"fe80::f17b:6c72:fea6:5dc5",50915,6,558,0,0,6,558,0,0
"192.168.1.62",50915,6,438,0,0,6,438,0,0
"fe80::f17b:6c72:fea6:5dc5",51146,2,186,0,0,2,186,0,0
"192.168.1.62",51146,2,146,0,0,2,146,0,0
"fe80::f17b:6c72:fea6:5dc5",65304,2,186,0,0,2,186,0,0
"192.168.1.62",65304,2,146,0,0,2,146,0,0
"2001:14ba:a051:8c00:61b5:31a4:d1f8:cc83",60428,1,94,0,0,1,94,0,0
"192.168.1.177",60428,2,164,0,0,1,74,1,90
"2001:14ba:a051:8c00:61b5:31a4:d1f8:cc83",61178,1,100,0,0,1,100,0,0
"2001:14ba:a051:8c00:61b5:31a4:d1f8:cc83",50493,1,100,0,0,1,100,0,0
"192.168.1.177",50493,2,226,0,0,1,80,1,146
"192.168.1.177",61178,2,176,0,0,1,80,1,96
"2001:14ba:a051:8c00:61b5:31a4:d1f8:cc83",56696,1,100,0,0,1,100,0,0
"192.168.1.177",56696,2,176,0,0,1,80,1,96
"2001:14ba:a051:8c00:61b5:31a4:d1f8:cc83",52438,1,100,0,0,1,100,0,0
"192.168.1.177",52438,2,160,0,0,1,80,1,80
"2001:14ba:a051:8c00:61b5:31a4:d1f8:cc83",62753,1,96,0,0,1,96,0,0
"192.168.1.177",62753,2,273,0,0,1,76,1,197
"2001:14ba:a051:8c00:61b5:31a4:d1f8:cc83",63958,1,107,0,0,1,107,0,0
"192.168.1.177",63958,2,254,0,0,1,87,1,167
"192.168.1.1",49288,6,2354,0,0,6,2354,0,0
"fe80::f17b:6c72:fea6:5dc5",52985,2,186,0,0,2,186,0,0
"192.168.1.62",52985,2,146,0,0,2,146,0,0
"fe80::f17b:6c72:fea6:5dc5",53042,2,186,0,0,2,186,0,0
"192.168.1.62",53042,2,146,0,0,2,146,0,0
"fe80::f17b:6c72:fea6:5dc5",52374,2,186,0,0,2,186,0,0
"192.168.1.62",52374,2,146,0,0,2,146,0,0
"fe80::f17b:6c72:fea6:5dc5",58955,2,186,0,0,2,186,0,0
"192.168.1.62",58955,2,146,0,0,2,146,0,0
"192.168.1.1",57700,2,884,0,0,2,884,0,0
"fe80::f17b:6c72:fea6:5dc5",53652,2,186,0,0,2,186,0,0
"192.168.1.62",53652,2,146,0,0,2,146,0,0
"fe80::f17b:6c72:fea6:5dc5",53881,2,186,0,0,2,186,0,0
"192.168.1.62",53881,2,146,0,0,2,146,0,0
"fe80::f17b:6c72:fea6:5dc5",56187,2,186,0,0,2,186,0,0
"192.168.1.62",56187,2,146,0,0,2,146,0,0
"192.168.1.177",63959,4,848,0,0,4,848,0,0
"fe80::f17b:6c72:fea6:5dc5",51476,2,186,0,0,2,186,0,0
"192.168.1.62",51476,2,146,0,0,2,146,0,0
"192.168.1.1",34514,1,92,0,0,1,92,0,0
"fe80::f17b:6c72:fea6:5dc5",64602,2,186,0,0,2,186,0,0
"192.168.1.62",64602,2,146,0,0,2,146,0,0
"fe80::f17b:6c72:fea6:5dc5",50072,4,360,0,0,4,360,0,0
"192.168.1.62",50072,4,280,0,0,4,280,0,0
"fe80::f17b:6c72:fea6:5dc5",53422,2,186,0,0,2,186,0,0
"192.168.1.62",53422,2,146,0,0,2,146,0,0
"192.168.1.1",52135,6,2354,0,0,6,2354,0,0
"192.168.1.1",37360,2,884,0,0,2,884,0,0
"fe80::f17b:6c72:fea6:5dc5",55071,2,186,0,0,2,186,0,0
"192.168.1.62",55071,2,146,0,0,2,146,0,0
"fe80::f17b:6c72:fea6:5dc5",50430,2,186,0,0,2,186,0,0
"192.168.1.62",50430,2,146,0,0,2,146,0,0
"fe80::f17b:6c72:fea6:5dc5",61254,2,186,0,0,2,186,0,0
"192.168.1.62",61254,2,146,0,0,2,146,0,0
"fe80::f17b:6c72:fea6:5dc5",57996,2,186,0,0,2,186,0,0
"192.168.1.62",57996,2,146,0,0,2,146,0,0
"192.168.1.1",33222,6,2354,0,0,6,2354,0,0
"192.168.1.1",51342,2,884,0,0,2,884,0,0
"fe80::f17b:6c72:fea6:5dc5",64091,2,186,0,0,2,186,0,0
"192.168.1.62",64091,2,146,0,0,2,146,0,0
"fe80::f17b:6c72:fea6:5dc5",51386,2,186,0,0,2,186,0,0
"192.168.1.62",51386,2,146,0,0,2,146,0,0
"fe80::f17b:6c72:fea6:5dc5",52731,4,372,0,0,4,372,0,0
"192.168.1.62",52731,4,292,0,0,4,292,0,0
"fe80::f17b:6c72:fea6:5dc5",57654,2,186,0,0,2,186,0,0
"192.168.1.62",57654,2,146,0,0,2,146,0,0
"fe80::f17b:6c72:fea6:5dc5",59433,2,186,0,0,2,186,0,0
"192.168.1.62",59433,2,146,0,0,2,146,0,0
"fe80::f17b:6c72:fea6:5dc5",57821,2,186,0,0,2,186,0,0
"192.168.1.62",57821,2,146,0,0,2,146,0,0
"fe80::f17b:6c72:fea6:5dc5",52394,2,186,0,0,2,186,0,0
"192.168.1.62",52394,2,146,0,0,2,146,0,0
"fe80::f17b:6c72:fea6:5dc5",52027,2,186,0,0,2,186,0,0
"192.168.1.62",52027,2,146,0,0,2,146,0,0
"fe80::f17b:6c72:fea6:5dc5",58378,2,186,0,0,2,186,0,0
"192.168.1.62",58378,2,146,0,0,2,146,0,0
"fe80::f17b:6c72:fea6:5dc5",53090,2,186,0,0,2,186,0,0
"192.168.1.62",53090,2,146,0,0,2,146,0,0
"fe80::f17b:6c72:fea6:5dc5",62462,2,186,0,0,2,186,0,0
"192.168.1.62",62462,2,146,0,0,2,146,0,0
"fe80::f17b:6c72:fea6:5dc5",60347,2,186,0,0,2,186,0,0
"192.168.1.62",60347,1,73,0,0,1,73,0,0
"192.168.1.177",56242,4,868,0,0,4,868,0,0
"fe80::f17b:6c72:fea6:5dc5",57999,2,186,0,0,2,186,0,0
"192.168.1.62",57999,2,146,0,0,2,146,0,0
"fe80::f17b:6c72:fea6:5dc5",50454,2,186,0,0,2,186,0,0
"192.168.1.62",50454,2,146,0,0,2,146,0,0
"192.168.1.62",50455,4,868,0,0,4,868,0,0
"192.168.1.1",58829,6,2354,0,0,6,2354,0,0
"192.168.1.1",39830,2,884,0,0,2,884,0,0
"192.168.1.1",38877,6,2354,0,0,6,2354,0,0
"192.168.1.1",58031,2,884,0,0,2,884,0,0
"fe80::f17b:6c72:fea6:5dc5",56595,2,186,0,0,2,186,0,0
"192.168.1.62",56595,2,146,0,0,2,146,0,0
"fe80::f17b:6c72:fea6:5dc5",55572,2,186,0,0,2,186,0,0
"192.168.1.62",55572,2,146,0,0,2,146,0,0
"fe80::f17b:6c72:fea6:5dc5",54727,2,186,0,0,2,186,0,0
"192.168.1.62",54727,2,146,0,0,2,146,0,0
"fe80::f17b:6c72:fea6:5dc5",63594,2,186,0,0,2,186,0,0
"192.168.1.62",63594,2,146,0,0,2,146,0,0
"fe80::f17b:6c72:fea6:5dc5",58793,2,186,0,0,2,186,0,0
"fe80::f17b:6c72:fea6:5dc5",52461,2,186,0,0,2,186,0,0
"192.168.1.62",58793,2,146,0,0,2,146,0,0
"192.168.1.62",52461,2,146,0,0,2,146,0,0
"fe80::f17b:6c72:fea6:5dc5",53654,2,186,0,0,2,186,0,0
"192.168.1.62",53654,2,146,0,0,2,146,0,0
"fe80::3c64:85d8:f884:544c",60292,14,10052,0,0,14,10052,0,0
"192.168.1.177",60291,14,9772,0,0,14,9772,0,0
"fe80::f17b:6c72:fea6:5dc5",55987,2,186,0,0,2,186,0,0
"fe80::f17b:6c72:fea6:5dc5",54438,2,186,0,0,2,186,0,0
"192.168.1.62",55987,2,146,0,0,2,146,0,0
"192.168.1.62",54438,2,146,0,0,2,146,0,0
"fe80::f17b:6c72:fea6:5dc5",57607,2,186,0,0,2,186,0,0
"192.168.1.62",57607,2,146,0,0,2,146,0,0
"192.168.1.1",35768,7,2703,0,0,7,2703,0,0
"192.168.1.1",43964,2,884,0,0,2,884,0,0
"fe80::f17b:6c72:fea6:5dc5",61746,2,186,0,0,2,186,0,0
"192.168.1.62",61746,2,146,0,0,2,146,0,0
"fe80::f17b:6c72:fea6:5dc5",54765,2,186,0,0,2,186,0,0
"192.168.1.62",54765,2,146,0,0,2,146,0,0
"fe80::f17b:6c72:fea6:5dc5",59269,2,186,0,0,2,186,0,0
"192.168.1.62",59269,2,146,0,0,2,146,0,0
"2001:14ba:a051:8c00:61b5:31a4:d1f8:cc83",50762,2,216,0,0,2,216,0,0
"2001:14ba:a051:8c00:61b5:31a4:d1f8:cc83",63734,8,866,0,0,8,866,0,0
"192.168.1.177",50762,2,192,0,0,1,88,1,104
"2001:14ba:a051:8c00:61b5:31a4:d1f8:cc83",63021,1,108,0,0,1,108,0,0
"192.168.1.177",63735,158,123210,0,0,45,12011,113,111199
"192.168.1.177",63021,2,176,0,0,1,88,1,88
"fe80::f17b:6c72:fea6:5dc5",60331,2,186,0,0,2,186,0,0
"192.168.1.62",60331,2,146,0,0,2,146,0,0
"fe80::f17b:6c72:fea6:5dc5",50371,4,372,0,0,4,372,0,0
"fe80::f17b:6c72:fea6:5dc5",58129,2,186,0,0,2,186,0,0
"192.168.1.62",50371,4,292,0,0,4,292,0,0
"192.168.1.62",58129,2,146,0,0,2,146,0,0
"fe80::f17b:6c72:fea6:5dc5",51335,2,186,0,0,2,186,0,0
"192.168.1.62",51335,2,146,0,0,2,146,0,0
"192.168.1.1",55285,1,92,0,0,1,92,0,0
"192.168.1.1",57216,6,2354,0,0,6,2354,0,0
"192.168.1.1",35284,2,884,0,0,2,884,0,0
"fe80::f17b:6c72:fea6:5dc5",64380,2,186,0,0,2,186,0,0
"192.168.1.62",64380,2,146,0,0,2,146,0,0
"fe80::f17b:6c72:fea6:5dc5",62628,2,186,0,0,2,186,0,0
"fe80::f17b:6c72:fea6:5dc5",61310,2,186,0,0,2,186,0,0
"192.168.1.62",61310,2,146,0,0,2,146,0,0
"192.168.1.62",62628,2,146,0,0,2,146,0,0
"fe80::f17b:6c72:fea6:5dc5",62748,2,186,0,0,2,186,0,0
"192.168.1.62",62748,2,146,0,0,2,146,0,0
"fe80::f17b:6c72:fea6:5dc5",55507,2,186,0,0,2,186,0,0
"192.168.1.62",55507,2,146,0,0,2,146,0,0
"fe80::f17b:6c72:fea6:5dc5",53836,2,186,0,0,2,186,0,0
"192.168.1.62",53836,2,146,0,0,2,146,0,0
"2001:14ba:a051:8c00:61b5:31a4:d1f8:cc83",49314,1,89,0,0,1,89,0,0
"2001:14ba:a051:8c00:61b5:31a4:d1f8:cc83",60596,1,89,0,0,1,89,0,0
"192.168.1.177",49314,2,154,0,0,1,69,1,85
"192.168.1.177",60596,2,206,0,0,1,69,1,137
"2001:14ba:a051:8c00:61b5:31a4:d1f8:cc83",49938,1,89,0,0,1,89,0,0
"192.168.1.177",49938,2,154,0,0,1,69,1,85
"2001:14ba:a051:8c00:61b5:31a4:d1f8:cc83",54682,1,89,0,0,1,89,0,0
"192.168.1.177",54682,2,138,0,0,1,69,1,69
"2001:14ba:a051:8c00:61b5:31a4:d1f8:cc83",62846,1,96,0,0,1,96,0,0
"2001:14ba:a051:8c00:61b5:31a4:d1f8:cc83",53723,1,96,0,0,1,96,0,0
"192.168.1.177",62846,2,243,0,0,1,76,1,167
"192.168.1.177",53723,2,283,0,0,1,76,1,207
"2001:14ba:a051:8c00:61b5:31a4:d1f8:cc83",55455,1,105,0,0,1,105,0,0
"192.168.1.177",55455,2,186,0,0,1,85,1,101
"2001:14ba:a051:8c00:61b5:31a4:d1f8:cc83",50543,1,105,0,0,1,105,0,0
"192.168.1.177",50543,2,226,0,0,1,85,1,141
"2001:14ba:a051:8c00:61b5:31a4:d1f8:cc83",59103,1,96,0,0,1,96,0,0
"192.168.1.177",59103,2,249,0,0,1,76,1,173
"fe80::f17b:6c72:fea6:5dc5",60074,2,186,0,0,2,186,0,0
"192.168.1.62",60074,2,146,0,0,2,146,0,0
"fe80::f17b:6c72:fea6:5dc5",62742,2,186,0,0,2,186,0,0
"192.168.1.62",62742,2,146,0,0,2,146,0,0
"192.168.1.253",65321,4,868,0,0,4,868,0,0
"192.168.1.62",51263,2,146,0,0,2,146,0,0
"fe80::f17b:6c72:fea6:5dc5",59886,2,186,0,0,2,186,0,0
"192.168.1.62",59886,2,146,0,0,2,146,0,0
"fe80::f17b:6c72:fea6:5dc5",51263,1,93,0,0,1,93,0,0
"192.168.1.1",53287,6,2354,0,0,6,2354,0,0
"192.168.1.1",57016,2,884,0,0,2,884,0,0
"fe80::f17b:6c72:fea6:5dc5",56407,2,186,0,0,2,186,0,0
"192.168.1.62",56407,2,146,0,0,2,146,0,0
"fe80::f17b:6c72:fea6:5dc5",56547,2,186,0,0,2,186,0,0
"192.168.1.62",56547,2,146,0,0,2,146,0,0
"fe80::f17b:6c72:fea6:5dc5",61616,4,372,0,0,4,372,0,0
"192.168.1.62",61616,4,292,0,0,4,292,0,0
"fe80::f17b:6c72:fea6:5dc5",62026,2,186,0,0,2,186,0,0
"192.168.1.62",62026,2,146,0,0,2,146,0,0
"fe80::f17b:6c72:fea6:5dc5",53657,2,186,0,0,2,186,0,0
"192.168.1.62",53657,2,146,0,0,2,146,0,0
"fe80::f17b:6c72:fea6:5dc5",50109,6,558,0,0,6,558,0,0
"192.168.1.62",50109,6,438,0,0,6,438,0,0
"192.168.1.1",41351,6,2354,0,0,6,2354,0,0
"fe80::f17b:6c72:fea6:5dc5",56737,4,372,0,0,4,372,0,0
"192.168.1.62",56737,4,292,0,0,4,292,0,0
"fe80::f17b:6c72:fea6:5dc5",58480,2,186,0,0,2,186,0,0
"192.168.1.62",58480,2,146,0,0,2,146,0,0
"192.168.1.1",41059,3,1194,0,0,3,1194,0,0
"fe80::f17b:6c72:fea6:5dc5",53559,3,279,0,0,3,279,0,0
"192.168.1.62",53559,4,292,0,0,4,292,0,0
"fe80::f17b:6c72:fea6:5dc5",62265,2,186,0,0,2,186,0,0
"192.168.1.62",62265,2,146,0,0,2,146,0,0
"fe80::f17b:6c72:fea6:5dc5",57969,2,186,0,0,2,186,0,0
"192.168.1.62",57969,2,146,0,0,2,146,0,0
"fe80::f17b:6c72:fea6:5dc5",50787,2,186,0,0,2,186,0,0
"192.168.1.62",50787,2,146,0,0,2,146,0,0
"fe80::f17b:6c72:fea6:5dc5",52896,2,186,0,0,2,186,0,0
"192.168.1.62",52896,2,146,0,0,2,146,0,0
"fe80::f17b:6c72:fea6:5dc5",56221,2,186,0,0,2,186,0,0
"192.168.1.62",56221,2,146,0,0,2,146,0,0
"fe80::f17b:6c72:fea6:5dc5",50278,2,186,0,0,2,186,0,0
"192.168.1.62",50278,2,146,0,0,2,146,0,0
"fe80::f17b:6c72:fea6:5dc5",65253,2,186,0,0,2,186,0,0
"192.168.1.62",65253,2,146,0,0,2,146,0,0
"2001:14ba:a051:8c00:61b5:31a4:d1f8:cc83",54746,1,112,0,0,1,112,0,0
"2001:14ba:a051:8c00:61b5:31a4:d1f8:cc83",55003,1,112,0,0,1,112,0,0
"192.168.1.177",54746,2,200,0,0,1,92,1,108
"192.168.1.177",55003,2,242,0,0,1,92,1,150
"2001:14ba:a051:8c00:61b5:31a4:d1f8:cc83",62756,1,112,0,0,1,112,0,0
"192.168.1.177",55004,220,204674,0,0,33,10198,187,194476
"192.168.1.177",62756,2,200,0,0,1,92,1,108
"2001:14ba:a051:8c00:61b5:31a4:d1f8:cc83",64292,1,112,0,0,1,112,0,0
"192.168.1.177",64292,2,184,0,0,1,92,1,92
"fe80::f17b:6c72:fea6:5dc5",64993,2,186,0,0,2,186,0,0
"192.168.1.62",64993,2,146,0,0,2,146,0,0
"fe80::f17b:6c72:fea6:5dc5",62247,2,186,0,0,2,186,0,0
"192.168.1.62",62247,2,146,0,0,2,146,0,0
"fe80::f17b:6c72:fea6:5dc5",63009,2,186,0,0,2,186,0,0
"192.168.1.62",63009,2,146,0,0,2,146,0,0
"fe80::f17b:6c72:fea6:5dc5",65078,2,186,0,0,2,186,0,0
"192.168.1.62",65078,2,146,0,0,2,146,0,0
"2001:14ba:a051:8c00:61b5:31a4:d1f8:cc83",53869,2,210,0,0,2,210,0,0
"192.168.1.177",53869,4,488,0,0,2,170,2,318
"192.168.1.1",32858,8,3090,0,0,8,3090,0,0
"192.168.1.1",38823,2,884,0,0,2,884,0,0
"192.168.1.1",58549,6,2354,0,0,6,2354,0,0
"192.168.1.1",43219,2,884,0,0,2,884,0,0
"192.168.1.1",38820,1,92,0,0,1,92,0,0
"fe80::f17b:6c72:fea6:5dc5",63738,2,186,0,0,2,186,0,0
"192.168.1.62",63738,2,146,0,0,2,146,0,0
"fe80::f17b:6c72:fea6:5dc5",56848,4,372,0,0,4,372,0,0
"192.168.1.62",56848,4,292,0,0,4,292,0,0
"fe80::f17b:6c72:fea6:5dc5",49259,4,372,0,0,4,372,0,0
"192.168.1.62",49259,4,292,0,0,4,292,0,0
"fe80::f17b:6c72:fea6:5dc5",62917,2,186,0,0,2,186,0,0
"192.168.1.62",62917,2,146,0,0,2,146,0,0
"fe80::f17b:6c72:fea6:5dc5",63311,2,186,0,0,2,186,0,0
"192.168.1.62",63311,2,146,0,0,2,146,0,0
"fe80::f17b:6c72:fea6:5dc5",55982,2,186,0,0,2,186,0,0
"192.168.1.62",55982,2,146,0,0,2,146,0,0
"fe80::f17b:6c72:fea6:5dc5",57957,2,186,0,0,2,186,0,0
"192.168.1.62",57957,2,146,0,0,2,146,0,0
"192.168.1.62",62250,2,146,0,0,2,146,0,0
"fe80::f17b:6c72:fea6:5dc5",64001,4,372,0,0,4,372,0,0
"192.168.1.62",64001,4,292,0,0,4,292,0,0
"192.168.1.62",50561,2,146,0,0,2,146,0,0
"fe80::f17b:6c72:fea6:5dc5",52704,2,186,0,0,2,186,0,0
"192.168.1.62",52704,2,146,0,0,2,146,0,0
"fe80::f17b:6c72:fea6:5dc5",50561,1,93,0,0,1,93,0,0
"fe80::f17b:6c72:fea6:5dc5",62250,1,93,0,0,1,93,0,0
"192.168.1.1",56853,6,2354,0,0,6,2354,0,0
"192.168.1.1",43808,2,884,0,0,2,884,0,0
"fe80::f17b:6c72:fea6:5dc5",64484,2,186,0,0,2,186,0,0
"192.168.1.62",64484,2,146,0,0,2,146,0,0
"fe80::f17b:6c72:fea6:5dc5",57765,2,186,0,0,2,186,0,0
"192.168.1.62",57765,2,146,0,0,2,146,0,0
"fe80::f17b:6c72:fea6:5dc5",62844,2,186,0,0,2,186,0,0
"192.168.1.62",62844,2,146,0,0,2,146,0,0
"fe80::f17b:6c72:fea6:5dc5",50398,4,372,0,0,4,372,0,0
"192.168.1.62",50398,4,292,0,0,4,292,0,0
"fe80::f17b:6c72:fea6:5dc5",64417,2,186,0,0,2,186,0,0
"192.168.1.62",64417,2,146,0,0,2,146,0,0
"fe80::f17b:6c72:fea6:5dc5",52199,2,186,0,0,2,186,0,0
"192.168.1.62",52199,2,146,0,0,2,146,0,0
"fe80::f17b:6c72:fea6:5dc5",51082,2,186,0,0,2,186,0,0
"192.168.1.62",51082,2,146,0,0,2,146,0,0
"192.168.1.1",33490,6,2354,0,0,6,2354,0,0
"192.168.1.1",45004,2,884,0,0,2,884,0,0
"fe80::f17b:6c72:fea6:5dc5",55243,2,186,0,0,2,186,0,0
"192.168.1.62",55243,2,146,0,0,2,146,0,0
"fe80::f17b:6c72:fea6:5dc5",52684,2,186,0,0,2,186,0,0
"192.168.1.62",52684,2,146,0,0,2,146,0,0
"2001:14ba:a051:8c00:61b5:31a4:d1f8:cc83",54886,1,103,0,0,1,103,0,0
"2001:14ba:a051:8c00:61b5:31a4:d1f8:cc83",59678,1,103,0,0,1,103,0,0
"192.168.1.177",59678,2,194,0,0,1,83,1,111
"192.168.1.177",54886,2,182,0,0,1,83,1,99
"2001:14ba:a051:8c00:61b5:31a4:d1f8:cc83",50990,1,103,0,0,1,103,0,0
"192.168.1.177",50990,2,182,0,0,1,83,1,99
"2001:14ba:a051:8c00:61b5:31a4:d1f8:cc83",63750,1,103,0,0,1,103,0,0
"192.168.1.177",63750,2,194,0,0,1,83,1,111
"192.168.1.177",63751,6,1046,0,0,5,933,1,113
"fe80::f17b:6c72:fea6:5dc5",59507,2,186,0,0,2,186,0,0
"192.168.1.62",59507,2,146,0,0,2,146,0,0
"fe80::f17b:6c72:fea6:5dc5",52276,2,186,0,0,2,186,0,0
"192.168.1.62",52276,2,146,0,0,2,146,0,0
"192.168.1.1",37379,1,353,0,0,1,353,0,0
"192.168.1.1",52651,1,425,0,0,1,425,0,0
"192.168.1.1",60208,1,362,0,0,1,362,0,0
"192.168.1.1",47913,1,417,0,0,1,417,0,0
"192.168.1.1",37800,1,349,0,0,1,349,0,0
"192.168.1.1",50178,1,310,0,0,1,310,0,0
"192.168.1.1",48712,1,433,0,0,1,433,0,0
"192.168.1.1",57379,1,369,0,0,1,369,0,0
"192.168.1.1",53597,1,310,0,0,1,310,0,0
"192.168.1.1",40326,1,427,0,0,1,427,0,0
"192.168.1.1",52261,1,415,0,0,1,415,0,0
"192.168.1.1",59453,1,353,0,0,1,353,0,0
"192.168.1.1",46010,1,425,0,0,1,425,0,0
"192.168.1.1",37112,1,417,0,0,1,417,0,0
"192.168.1.1",46804,1,349,0,0,1,349,0,0
"192.168.1.1",42094,1,310,0,0,1,310,0,0
"192.168.1.1",47602,1,433,0,0,1,433,0,0
"192.168.1.1",40904,1,369,0,0,1,369,0,0
"192.168.1.1",35461,3,1194,0,0,3,1194,0,0
"192.168.1.1",49264,1,427,0,0,1,427,0,0
"192.168.1.1",48417,1,415,0,0,1,415,0,0
"192.168.1.1",60932,1,353,0,0,1,353,0,0
"192.168.1.1",33055,1,425,0,0,1,425,0,0
"192.168.1.1",54547,1,362,0,0,1,362,0,0
"192.168.1.1",46609,1,417,0,0,1,417,0,0
"192.168.1.1",46101,1,349,0,0,1,349,0,0
"192.168.1.1",42170,1,310,0,0,1,310,0,0
"192.168.1.1",34229,1,433,0,0,1,433,0,0
"192.168.1.1",58427,1,369,0,0,1,369,0,0
"192.168.1.1",37172,1,310,0,0,1,310,0,0
"192.168.1.1",45984,1,427,0,0,1,427,0,0
"192.168.1.1",35370,1,415,0,0,1,415,0,0
"fe80::f17b:6c72:fea6:5dc5",57550,2,186,0,0,2,186,0,0
"192.168.1.62",57550,2,146,0,0,2,146,0,0
"fe80::f17b:6c72:fea6:5dc5",50771,2,186,0,0,2,186,0,0
"192.168.1.62",50771,2,146,0,0,2,146,0,0
"fe80::f17b:6c72:fea6:5dc5",58003,2,186,0,0,2,186,0,0
"192.168.1.62",58003,2,146,0,0,2,146,0,0
"192.168.1.1",50804,6,2354,0,0,6,2354,0,0
"192.168.1.1",52233,8,3238,0,0,8,3238,0,0
"fe80::f17b:6c72:fea6:5dc5",54206,2,186,0,0,2,186,0,0
"192.168.1.62",54206,2,146,0,0,2,146,0,0
"fe80::f17b:6c72:fea6:5dc5",57602,2,186,0,0,2,186,0,0
"192.168.1.62",57602,2,146,0,0,2,146,0,0
"192.168.1.1",60720,6,2354,0,0,6,2354,0,0
"192.168.1.1",55731,2,884,0,0,2,884,0,0
"fe80::f17b:6c72:fea6:5dc5",62221,2,186,0,0,2,186,0,0
"192.168.1.62",62221,2,146,0,0,2,146,0,0
"fe80::f17b:6c72:fea6:5dc5",59144,2,186,0,0,2,186,0,0
"192.168.1.62",59144,2,146,0,0,2,146,0,0
"fe80::f17b:6c72:fea6:5dc5",59262,2,186,0,0,2,186,0,0
"192.168.1.62",59262,2,146,0,0,2,146,0,0
"fe80::f17b:6c72:fea6:5dc5",52026,2,186,0,0,2,186,0,0
"192.168.1.62",52026,2,146,0,0,2,146,0,0
"fe80::f17b:6c72:fea6:5dc5",52331,2,186,0,0,2,186,0,0
"192.168.1.62",52331,2,146,0,0,2,146,0,0
"fe80::f17b:6c72:fea6:5dc5",51633,4,372,0,0,4,372,0,0
"192.168.1.62",51633,4,292,0,0,4,292,0,0
"fe80::f17b:6c72:fea6:5dc5",50593,2,186,0,0,2,186,0,0
"192.168.1.62",50593,2,146,0,0,2,146,0,0
"fe80::f17b:6c72:fea6:5dc5",60788,2,186,0,0,2,186,0,0
"fe80::f17b:6c72:fea6:5dc5",65308,2,186,0,0,2,186,0,0
"192.168.1.62",65308,2,146,0,0,2,146,0,0
"192.168.1.62",60788,2,146,0,0,2,146,0,0
"fe80::f17b:6c72:fea6:5dc5",64307,2,186,0,0,2,186,0,0
"192.168.1.62",64307,2,146,0,0,2,146,0,0
"fe80::f17b:6c72:fea6:5dc5",59647,2,186,0,0,2,186,0,0
"192.168.1.62",59647,2,146,0,0,2,146,0,0
"fe80::f17b:6c72:fea6:5dc5",52964,2,186,0,0,2,186,0,0
"192.168.1.62",52964,2,146,0,0,2,146,0,0
"fe80::f17b:6c72:fea6:5dc5",49876,2,186,0,0,2,186,0,0
"192.168.1.62",49876,2,146,0,0,2,146,0,0
"fe80::f17b:6c72:fea6:5dc5",51494,2,186,0,0,2,186,0,0
"192.168.1.62",51494,2,146,0,0,2,146,0,0
"2001:14ba:a051:8c00:61b5:31a4:d1f8:cc83",51940,1,108,0,0,1,108,0,0
"192.168.1.177",51940,2,192,0,0,1,88,1,104
"fe80::f17b:6c72:fea6:5dc5",59055,1,93,0,0,1,93,0,0
"192.168.1.62",59055,1,73,0,0,1,73,0,0
"fe80::f17b:6c72:fea6:5dc5",49389,1,93,0,0,1,93,0,0
"192.168.1.62",49389,1,73,0,0,1,73,0,0
"192.168.1.177",51941,4,868,0,0,4,868,0,0
"192.168.1.62",49390,4,868,0,0,4,868,0,0
"192.168.1.1",38201,6,2354,0,0,6,2354,0,0
"192.168.1.1",39529,2,884,0,0,2,884,0,0
"192.168.1.1",35434,1,92,0,0,1,92,0,0
"192.168.1.1",32999,6,2354,0,0,6,2354,0,0
"192.168.1.1",50497,2,884,0,0,2,884,0,0
"fe80::f17b:6c72:fea6:5dc5",65036,2,186,0,0,2,186,0,0
"192.168.1.62",65036,2,146,0,0,2,146,0,0
"fe80::f17b:6c72:fea6:5dc5",57509,2,186,0,0,2,186,0,0
"192.168.1.62",57509,2,146,0,0,2,146,0,0
"fe80::f17b:6c72:fea6:5dc5",49933,2,186,0,0,2,186,0,0
"192.168.1.62",49933,2,146,0,0,2,146,0,0
"fe80::f17b:6c72:fea6:5dc5",58105,2,186,0,0,2,186,0,0
"192.168.1.62",58105,2,146,0,0,2,146,0,0
"fe80::f17b:6c72:fea6:5dc5",57700,2,186,0,0,2,186,0,0
"192.168.1.62",57700,2,146,0,0,2,146,0,0
"fe80::f17b:6c72:fea6:5dc5",56893,2,186,0,0,2,186,0,0
"192.168.1.62",56893,2,146,0,0,2,146,0,0
"fe80::f17b:6c72:fea6:5dc5",55057,2,186,0,0,2,186,0,0
"fe80::f17b:6c72:fea6:5dc5",61691,2,186,0,0,2,186,0,0
"192.168.1.62",55057,2,146,0,0,2,146,0,0
"192.168.1.62",61691,2,146,0,0,2,146,0,0
"192.168.1.1",40528,6,2354,0,0,6,2354,0,0
"192.168.1.1",59394,2,884,0,0,2,884,0,0
"fe80::f17b:6c72:fea6:5dc5",62065,2,186,0,0,2,186,0,0
"192.168.1.62",62065,2,146,0,0,2,146,0,0
"fe80::f17b:6c72:fea6:5dc5",64483,2,186,0,0,2,186,0,0
"fe80::f17b:6c72:fea6:5dc5",52648,2,186,0,0,2,186,0,0
"192.168.1.62",64483,2,146,0,0,2,146,0,0
"192.168.1.62",52648,2,146,0,0,2,146,0,0
"fe80::f17b:6c72:fea6:5dc5",50392,2,186,0,0,2,186,0,0
"192.168.1.62",50392,2,146,0,0,2,146,0,0
"2001:14ba:a051:8c00:61b5:31a4:d1f8:cc83",60185,1,94,0,0,1,94,0,0
"192.168.1.177",60185,2,164,0,0,1,74,1,90
"2001:14ba:a051:8c00:61b5:31a4:d1f8:cc83",55864,1,98,0,0,1,98,0,0
"2001:14ba:a051:8c00:61b5:31a4:d1f8:cc83",55496,1,98,0,0,1,98,0,0
"192.168.1.177",55864,2,172,0,0,1,78,1,94
"192.168.1.177",55496,2,208,0,0,1,78,1,130
"2001:14ba:a051:8c00:61b5:31a4:d1f8:cc83",65126,1,98,0,0,1,98,0,0
"192.168.1.177",65126,2,172,0,0,1,78,1,94
"2001:14ba:a051:8c00:61b5:31a4:d1f8:cc83",52224,1,98,0,0,1,98,0,0
"192.168.1.177",52224,2,156,0,0,1,78,1,78
"2001:14ba:a051:8c00:61b5:31a4:d1f8:cc83",52988,1,110,0,0,1,110,0,0
"192.168.1.177",52988,2,312,0,0,1,90,1,222
"2001:14ba:a051:8c00:61b5:31a4:d1f8:cc83",61269,1,101,0,0,1,101,0,0
"2001:14ba:a051:8c00:61b5:31a4:d1f8:cc83",58811,1,101,0,0,1,101,0,0
"2001:14ba:a051:8c00:61b5:31a4:d1f8:cc83",64604,1,123,0,0,1,123,0,0
"2001:14ba:a051:8c00:61b5:31a4:d1f8:cc83",57800,2,193,0,0,2,193,0,0
"2001:14ba:a051:8c00:61b5:31a4:d1f8:cc83",55525,1,94,0,0,1,94,0,0
"192.168.1.177",58811,2,256,0,0,1,81,1,175
"192.168.1.177",61269,2,232,0,0,1,81,1,151
"192.168.1.177",64604,2,222,0,0,1,103,1,119
"192.168.1.177",55525,2,232,0,0,1,74,1,158
"2001:14ba:a051:8c00:61b5:31a4:d1f8:cc83",59967,7,692,0,0,7,692,0,0
"2001:14ba:a051:8c00:61b5:31a4:d1f8:cc83",58254,1,94,0,0,1,94,0,0
"192.168.1.177",59967,24,2500,0,0,12,957,12,1543
"2001:14ba:a051:8c00:61b5:31a4:d1f8:cc83",63043,1,104,0,0,1,104,0,0
"192.168.1.177",58254,2,212,0,0,1,74,1,138
"2001:14ba:a051:8c00:61b5:31a4:d1f8:cc83",61346,1,94,0,0,1,94,0,0
"192.168.1.177",63043,2,224,0,0,1,84,1,140
"192.168.1.177",61346,2,148,0,0,1,74,1,74
"2001:14ba:a051:8c00:61b5:31a4:d1f8:cc83",51158,2,206,0,0,2,206,0,0
"2001:14ba:a051:8c00:61b5:31a4:d1f8:cc83",58640,1,92,0,0,1,92,0,0
"192.168.1.177",58640,2,196,0,0,1,72,1,124
"192.168.1.177",51158,4,460,0,0,2,166,2,294
"2001:14ba:a051:8c00:61b5:31a4:d1f8:cc83",53738,1,92,0,0,1,92,0,0
"192.168.1.177",53738,2,160,0,0,1,72,1,88
"2001:14ba:a051:8c00:61b5:31a4:d1f8:cc83",63096,1,92,0,0,1,92,0,0
"192.168.1.177",63096,2,144,0,0,1,72,1,72
"fe80::f17b:6c72:fea6:5dc5",56667,2,186,0,0,2,186,0,0
"192.168.1.62",56667,2,146,0,0,2,146,0,0
"fe80::f17b:6c72:fea6:5dc5",64963,2,186,0,0,2,186,0,0
"192.168.1.62",64963,2,146,0,0,2,146,0,0
"fe80::f17b:6c72:fea6:5dc5",52248,2,186,0,0,2,186,0,0
"192.168.1.62",52248,2,146,0,0,2,146,0,0
"fe80::f17b:6c72:fea6:5dc5",63468,2,186,0,0,2,186,0,0
"192.168.1.62",63468,2,146,0,0,2,146,0,0
"192.168.1.1",39335,6,2354,0,0,6,2354,0,0
"192.168.1.1",49339,2,884,0,0,2,884,0,0
"fe80::f17b:6c72:fea6:5dc5",50168,2,186,0,0,2,186,0,0
"192.168.1.62",50168,2,146,0,0,2,146,0,0
"fe80::f17b:6c72:fea6:5dc5",63671,2,186,0,0,2,186,0,0
"fe80::f17b:6c72:fea6:5dc5",63451,2,186,0,0,2,186,0,0
"192.168.1.62",63671,2,146,0,0,2,146,0,0
"192.168.1.62",63451,2,146,0,0,2,146,0,0
"fe80::f17b:6c72:fea6:5dc5",62081,2,186,0,0,2,186,0,0
"192.168.1.62",62081,2,146,0,0,2,146,0,0
"2001:14ba:a051:8c00:61b5:31a4:d1f8:cc83",54483,4,409,0,0,4,409,0,0
"2001:14ba:a051:8c00:61b5:31a4:d1f8:cc83",55069,1,105,0,0,1,105,0,0
"192.168.1.177",55069,2,501,0,0,1,85,1,416
"2001:14ba:a051:8c00:61b5:31a4:d1f8:cc83",57067,1,109,0,0,1,109,0,0
"192.168.1.177",57067,2,306,0,0,1,89,1,217
"2001:14ba:a051:8c00:61b5:31a4:d1f8:cc83",57633,1,108,0,0,1,108,0,0
"192.168.1.177",57633,2,176,0,0,1,88,1,88
"2001:14ba:a051:8c00:61b5:31a4:d1f8:cc83",51434,1,108,0,0,1,108,0,0
"192.168.1.177",57634,12,5495,0,0,6,2846,6,2649
"192.168.1.177",51434,2,176,0,0,1,88,1,88
"2001:14ba:a051:8c00:61b5:31a4:d1f8:cc83",53429,1,99,0,0,1,99,0,0
"2001:14ba:a051:8c00:61b5:31a4:d1f8:cc83",53828,1,99,0,0,1,99,0,0
"192.168.1.177",53828,2,220,0,0,1,79,1,141
"192.168.1.177",53429,2,208,0,0,1,79,1,129
"2001:14ba:a051:8c00:61b5:31a4:d1f8:cc83",63060,1,103,0,0,1,103,0,0
"192.168.1.177",63060,4,350,0,0,2,159,2,191
"2001:14ba:a051:8c00:61b5:31a4:d1f8:cc83",54497,1,103,0,0,1,103,0,0
"2001:14ba:a051:8c00:61b5:31a4:d1f8:cc83",57508,1,91,0,0,1,91,0,0
"2001:14ba:a051:8c00:61b5:31a4:d1f8:cc83",53612,1,91,0,0,1,91,0,0
"192.168.1.177",54497,2,194,0,0,1,83,1,111
"192.168.1.177",53612,2,194,0,0,1,71,1,123
"192.168.1.177",57508,2,158,0,0,1,71,1,87
"2001:14ba:a051:8c00:61b5:31a4:d1f8:cc83",55893,1,91,0,0,1,91,0,0
"192.168.1.177",55893,2,158,0,0,1,71,1,87
"2001:14ba:a051:8c00:61b5:31a4:d1f8:cc83",51779,1,91,0,0,1,91,0,0
"2001:14ba:a051:8c00:61b5:31a4:d1f8:cc83",55447,1,102,0,0,1,102,0,0
"2001:14ba:a051:8c00:61b5:31a4:d1f8:cc83",51971,1,102,0,0,1,102,0,0
"192.168.1.177",51779,2,142,0,0,1,71,1,71
"192.168.1.177",51971,2,284,0,0,1,82,1,202
"192.168.1.177",55447,2,260,0,0,1,82,1,178
"2001:14ba:a051:8c00:61b5:31a4:d1f8:cc83",52255,1,116,0,0,1,116,0,0
"192.168.1.177",52255,2,248,0,0,1,96,1,152
"2001:14ba:a051:8c00:61b5:31a4:d1f8:cc83",49878,1,102,0,0,1,102,0,0
"192.168.1.177",49878,2,276,0,0,1,82,1,194
"2001:14ba:a051:8c00:61b5:31a4:d1f8:cc83",56629,1,107,0,0,1,107,0,0
"192.168.1.177",56629,2,190,0,0,1,87,1,103
"fe80::f17b:6c72:fea6:5dc5",50397,4,372,0,0,4,372,0,0
"192.168.1.62",50397,4,292,0,0,4,292,0,0
"fe80::f17b:6c72:fea6:5dc5",49785,2,186,0,0,2,186,0,0
"fe80::f17b:6c72:fea6:5dc5",52570,2,186,0,0,2,186,0,0
"192.168.1.62",49785,2,146,0,0,2,146,0,0
"192.168.1.62",52570,6,1014,0,0,6,1014,0,0
"fe80::f17b:6c72:fea6:5dc5",64335,2,186,0,0,2,186,0,0
"192.168.1.62",64335,2,146,0,0,2,146,0,0
"fe80::f17b:6c72:fea6:5dc5",60843,2,186,0,0,2,186,0,0
"192.168.1.62",60843,2,146,0,0,2,146,0,0
"fe80::f17b:6c72:fea6:5dc5",50237,2,186,0,0,2,186,0,0
"192.168.1.62",50237,2,146,0,0,2,146,0,0
"192.168.1.103",46041,1,167,0,0,1,167,0,0
"192.168.1.253",65326,4,868,0,0,4,868,0,0
"fe80::f17b:6c72:fea6:5dc5",49771,2,186,0,0,2,186,0,0
"192.168.1.62",49771,2,146,0,0,2,146,0,0
"fe80::f17b:6c72:fea6:5dc5",64330,2,186,0,0,2,186,0,0
"192.168.1.62",64330,2,146,0,0,2,146,0,0
"fe80::f17b:6c72:fea6:5dc5",59558,2,186,0,0,2,186,0,0
"192.168.1.62",59558,2,146,0,0,2,146,0,0
"fe80::f17b:6c72:fea6:5dc5",63768,2,186,0,0,2,186,0,0
"192.168.1.62",63768,2,146,0,0,2,146,0,0
"192.168.1.1",44515,6,2354,0,0,6,2354,0,0
"192.168.1.1",44868,2,884,0,0,2,884,0,0
"fe80::f17b:6c72:fea6:5dc5",64129,6,548,0,0,6,548,0,0
"192.168.1.62",64129,6,428,0,0,6,428,0,0
"fe80::f17b:6c72:fea6:5dc5",60910,2,186,0,0,2,186,0,0
"192.168.1.62",60910,2,146,0,0,2,146,0,0
"192.168.1.1",34084,1,92,0,0,1,92,0,0
"192.168.1.1",47808,6,2354,0,0,6,2354,0,0
"192.168.1.1",38113,2,884,0,0,2,884,0,0
"fe80::f17b:6c72:fea6:5dc5",61730,2,186,0,0,2,186,0,0
"192.168.1.62",61730,2,146,0,0,2,146,0,0
"fe80::f17b:6c72:fea6:5dc5",58072,2,186,0,0,2,186,0,0
"192.168.1.62",58072,2,146,0,0,2,146,0,0
"fe80::f17b:6c72:fea6:5dc5",61455,2,186,0,0,2,186,0,0
"192.168.1.62",61455,2,146,0,0,2,146,0,0
"fe80::f17b:6c72:fea6:5dc5",52767,2,186,0,0,2,186,0,0
"192.168.1.62",52767,2,146,0,0,2,146,0,0
"fe80::f17b:6c72:fea6:5dc5",59051,1,93,0,0,1,93,0,0
"192.168.1.62",59051,2,146,0,0,2,146,0,0
"fe80::f17b:6c72:fea6:5dc5",64510,1,93,0,0,1,93,0,0
"192.168.1.62",64510,1,73,0,0,1,73,0,0
"fe80::f17b:6c72:fea6:5dc5",58556,1,93,0,0,1,93,0,0
"192.168.1.62",58556,1,73,0,0,1,73,0,0
"fe80::f17b:6c72:fea6:5dc5",49381,1,93,0,0,1,93,0,0
"192.168.1.62",49381,2,146,0,0,2,146,0,0
"fe80::f17b:6c72:fea6:5dc5",54753,2,186,0,0,2,186,0,0
"fe80::f17b:6c72:fea6:5dc5",62391,2,186,0,0,2,186,0,0
"192.168.1.62",54753,2,146,0,0,2,146,0,0
"192.168.1.62",62391,2,146,0,0,2,146,0,0
"fe80::f17b:6c72:fea6:5dc5",56143,2,186,0,0,2,186,0,0
"192.168.1.62",56143,2,146,0,0,2,146,0,0
"fe80::f17b:6c72:fea6:5dc5",54895,2,186,0,0,2,186,0,0
"192.168.1.62",54895,2,146,0,0,2,146,0,0
"fe80::f17b:6c72:fea6:5dc5",52958,2,186,0,0,2,186,0,0
"192.168.1.62",52958,2,146,0,0,2,146,0,0
"fe80::f17b:6c72:fea6:5dc5",60958,2,186,0,0,2,186,0,0
"192.168.1.62",60958,2,146,0,0,2,146,0,0
"fe80::f17b:6c72:fea6:5dc5",62574,2,186,0,0,2,186,0,0
"192.168.1.62",62574,6,1014,0,0,6,1014,0,0
"fe80::f17b:6c72:fea6:5dc5",61786,2,186,0,0,2,186,0,0
"192.168.1.62",61786,2,146,0,0,2,146,0,0
"fe80::f17b:6c72:fea6:5dc5",55968,4,372,0,0,4,372,0,0
"192.168.1.62",55968,4,292,0,0,4,292,0,0
"fe80::f17b:6c72:fea6:5dc5",63531,2,186,0,0,2,186,0,0
"192.168.1.62",63531,2,146,0,0,2,146,0,0
"192.168.1.1",45859,6,2354,0,0,6,2354,0,0
"192.168.1.1",54024,2,884,0,0,2,884,0,0
"192.168.1.1",55365,12,4708,0,0,12,4708,0,0
"192.168.1.1",36471,2,884,0,0,2,884,0,0
"fe80::f17b:6c72:fea6:5dc5",62894,4,372,0,0,4,372,0,0
"192.168.1.62",62894,4,292,0,0,4,292,0,0
"fe80::f17b:6c72:fea6:5dc5",50669,2,186,0,0,2,186,0,0
"192.168.1.62",50669,2,146,0,0,2,146,0,0
"fe80::f17b:6c72:fea6:5dc5",50273,2,186,0,0,2,186,0,0
"192.168.1.62",50273,2,146,0,0,2,146,0,0
"fe80::f17b:6c72:fea6:5dc5",58152,2,186,0,0,2,186,0,0
"192.168.1.62",58152,2,146,0,0,2,146,0,0
"fe80::f17b:6c72:fea6:5dc5",59280,2,186,0,0,2,186,0,0
"192.168.1.62",59280,2,146,0,0,2,146,0,0
"fe80::f17b:6c72:fea6:5dc5",62142,4,372,0,0,4,372,0,0
"192.168.1.62",62142,4,292,0,0,4,292,0,0
"fe80::f17b:6c72:fea6:5dc5",52015,2,186,0,0,2,186,0,0
"192.168.1.62",52015,2,146,0,0,2,146,0,0
"fe80::f17b:6c72:fea6:5dc5",63305,2,186,0,0,2,186,0,0
"192.168.1.62",63305,2,146,0,0,2,146,0,0
"fe80::f17b:6c72:fea6:5dc5",60088,4,372,0,0,4,372,0,0
"192.168.1.62",60088,4,292,0,0,4,292,0,0
"fe80::f17b:6c72:fea6:5dc5",53293,4,372,0,0,4,372,0,0
"192.168.1.62",53293,4,292,0,0,4,292,0,0
"fe80::f17b:6c72:fea6:5dc5",54756,2,186,0,0,2,186,0,0
"192.168.1.62",54756,2,146,0,0,2,146,0,0
"fe80::f17b:6c72:fea6:5dc5",60081,2,186,0,0,2,186,0,0
"192.168.1.62",60081,2,146,0,0,2,146,0,0
"192.168.1.1",38743,6,2354,0,0,6,2354,0,0
"192.168.1.1",56907,2,884,0,0,2,884,0,0
"fe80::f17b:6c72:fea6:5dc5",50883,2,186,0,0,2,186,0,0
"192.168.1.62",50883,2,146,0,0,2,146,0,0
"fe80::f17b:6c72:fea6:5dc5",63490,2,186,0,0,2,186,0,0
"192.168.1.62",63490,2,146,0,0,2,146,0,0
"fe80::f17b:6c72:fea6:5dc5",59670,2,186,0,0,2,186,0,0
"192.168.1.62",59670,2,146,0,0,2,146,0,0
"fe80::f17b:6c72:fea6:5dc5",59744,2,186,0,0,2,186,0,0
"192.168.1.62",59744,2,146,0,0,2,146,0,0
"fe80::f17b:6c72:fea6:5dc5",53674,6,558,0,0,6,558,0,0
"192.168.1.62",53674,6,438,0,0,6,438,0,0
"fe80::f17b:6c72:fea6:5dc5",59782,2,186,0,0,2,186,0,0
"192.168.1.62",59782,2,146,0,0,2,146,0,0
"fe80::f17b:6c72:fea6:5dc5",58235,6,558,0,0,6,558,0,0
"192.168.1.62",58235,6,438,0,0,6,438,0,0
"fe80::f17b:6c72:fea6:5dc5",55109,2,186,0,0,2,186,0,0
"192.168.1.62",55109,2,146,0,0,2,146,0,0
"192.168.1.1",37792,6,2354,0,0,6,2354,0,0
"192.168.1.1",34499,2,884,0,0,2,884,0,0
"192.168.1.1",49953,1,92,0,0,1,92,0,0
"fe80::f17b:6c72:fea6:5dc5",62479,2,186,0,0,2,186,0,0
"192.168.1.62",62479,2,146,0,0,2,146,0,0
"fe80::f17b:6c72:fea6:5dc5",57024,2,186,0,0,2,186,0,0
"fe80::f17b:6c72:fea6:5dc5",56182,2,186,0,0,2,186,0,0
"192.168.1.62",57024,2,146,0,0,2,146,0,0
"192.168.1.62",56182,2,146,0,0,2,146,0,0
"fe80::f17b:6c72:fea6:5dc5",64348,2,186,0,0,2,186,0,0
"192.168.1.62",64348,2,146,0,0,2,146,0,0
"192.168.1.177",62298,4,848,0,0,4,848,0,0
"fe80::f17b:6c72:fea6:5dc5",61207,2,186,0,0,2,186,0,0
"192.168.1.62",61207,2,146,0,0,2,146,0,0
"fe80::f17b:6c72:fea6:5dc5",54234,2,186,0,0,2,186,0,0
"192.168.1.62",54234,2,146,0,0,2,146,0,0
"fe80::f17b:6c72:fea6:5dc5",53125,2,186,0,0,2,186,0,0
"192.168.1.62",53125,2,146,0,0,2,146,0,0
"fe80::f17b:6c72:fea6:5dc5",56378,2,186,0,0,2,186,0,0
"192.168.1.62",56378,2,146,0,0,2,146,0,0
"192.168.1.1",37944,6,2354,0,0,6,2354,0,0
"fe80::f17b:6c72:fea6:5dc5",61750,2,186,0,0,2,186,0,0
"192.168.1.62",61750,2,146,0,0,2,146,0,0
"192.168.1.1",42928,2,884,0,0,2,884,0,0
"fe80::f17b:6c72:fea6:5dc5",65362,4,372,0,0,4,372,0,0
"192.168.1.62",65362,4,292,0,0,4,292,0,0
"fe80::f17b:6c72:fea6:5dc5",57943,2,186,0,0,2,186,0,0
"192.168.1.62",57943,2,146,0,0,2,146,0,0
"fe80::f17b:6c72:fea6:5dc5",62451,4,372,0,0,4,372,0,0
"192.168.1.62",62451,4,292,0,0,4,292,0,0
"fe80::f17b:6c72:fea6:5dc5",49953,2,186,0,0,2,186,0,0
"192.168.1.62",49953,2,146,0,0,2,146,0,0
"192.168.1.1",58319,6,2354,0,0,6,2354,0,0
"192.168.1.1",43543,2,884,0,0,2,884,0,0
"fe80::f17b:6c72:fea6:5dc5",51952,2,186,0,0,2,186,0,0
"192.168.1.62",51952,2,146,0,0,2,146,0,0
"fe80::f17b:6c72:fea6:5dc5",54216,2,186,0,0,2,186,0,0
"192.168.1.62",54216,2,146,0,0,2,146,0,0
"fe80::f17b:6c72:fea6:5dc5",55102,2,186,0,0,2,186,0,0
"192.168.1.62",55102,2,146,0,0,2,146,0,0
"fe80::f17b:6c72:fea6:5dc5",59963,2,186,0,0,2,186,0,0
"192.168.1.62",59963,2,146,0,0,2,146,0,0
"fe80::f17b:6c72:fea6:5dc5",51004,2,186,0,0,2,186,0,0
"192.168.1.62",51004,2,146,0,0,2,146,0,0
"fe80::f17b:6c72:fea6:5dc5",64131,2,186,0,0,2,186,0,0
"192.168.1.62",64131,2,146,0,0,2,146,0,0
"fe80::f17b:6c72:fea6:5dc5",52142,2,186,0,0,2,186,0,0
"192.168.1.62",52142,2,146,0,0,2,146,0,0
"fe80::f17b:6c72:fea6:5dc5",62620,2,186,0,0,2,186,0,0
"192.168.1.62",62620,2,146,0,0,2,146,0,0
"2001:14ba:a051:8c00:61b5:31a4:d1f8:cc83",55261,1,97,0,0,1,97,0,0
"2001:14ba:a051:8c00:61b5:31a4:d1f8:cc83",59694,1,97,0,0,1,97,0,0
"192.168.1.177",55261,2,193,0,0,1,77,1,116
"192.168.1.177",59694,2,205,0,0,1,77,1,128
"2001:14ba:a051:8c00:61b5:31a4:d1f8:cc83",52951,1,99,0,0,1,99,0,0
"192.168.1.177",52951,6,1042,0,0,5,947,1,95
"2001:14ba:a051:8c00:61b5:31a4:d1f8:cc83",51840,1,99,0,0,1,99,0,0
"192.168.1.177",51840,2,186,0,0,1,79,1,107
"2001:14ba:a051:8c00:61b5:31a4:d1f8:cc83",58086,1,93,0,0,1,93,0,0
"192.168.1.177",58086,2,197,0,0,1,73,1,124
"2001:14ba:a051:8c00:61b5:31a4:d1f8:cc83",52130,1,101,0,0,1,101,0,0
"192.168.1.177",52130,2,178,0,0,1,81,1,97
"2001:14ba:a051:8c00:61b5:31a4:d1f8:cc83",52131,13,18187,0,0,13,18187,0,0
"2a00:1450:4026:802::200e",443,13,18187,0,0,0,0,13,18187
"fe80::f17b:6c72:fea6:5dc5",54670,2,186,0,0,2,186,0,0
"192.168.1.62",54670,2,146,0,0,2,146,0,0
"fe80::f17b:6c72:fea6:5dc5",54133,2,186,0,0,2,186,0,0
"192.168.1.62",54133,2,146,0,0,2,146,0,0
"fe80::f17b:6c72:fea6:5dc5",56014,2,186,0,0,2,186,0,0
"192.168.1.62",56014,2,146,0,0,2,146,0,0
"fe80::f17b:6c72:fea6:5dc5",64274,2,186,0,0,2,186,0,0
"192.168.1.62",64274,2,146,0,0,2,146,0,0
"fe80::f17b:6c72:fea6:5dc5",57434,2,186,0,0,2,186,0,0
"192.168.1.62",57434,2,146,0,0,2,146,0,0
"fe80::f17b:6c72:fea6:5dc5",59115,2,186,0,0,2,186,0,0
"192.168.1.62",59115,2,146,0,0,2,146,0,0
"192.168.1.177",52132,4,868,0,0,4,868,0,0
"192.168.1.62",59116,4,868,0,0,4,868,0,0
"fe80::f17b:6c72:fea6:5dc5",56795,2,186,0,0,2,186,0,0
"192.168.1.62",56795,2,146,0,0,2,146,0,0
"fe80::f17b:6c72:fea6:5dc5",53075,2,186,0,0,2,186,0,0
"192.168.1.62",53075,2,146,0,0,2,146,0,0
"192.168.1.1",48630,6,2354,0,0,6,2354,0,0
"192.168.1.1",59006,2,884,0,0,2,884,0,0
"2001:14ba:a051:8c00:61b5:31a4:d1f8:cc83",52689,1,96,0,0,1,96,0,0
"192.168.1.177",52689,2,186,0,0,1,76,1,110
"2001:14ba:a051:8c00:61b5:31a4:d1f8:cc83",60851,1,96,0,0,1,96,0,0
"192.168.1.177",60851,2,168,0,0,1,76,1,92
"192.168.1.1",56992,12,4708,0,0,12,4708,0,0
"192.168.1.1",39000,2,884,0,0,2,884,0,0
"2001:14ba:a051:8c00:61b5:31a4:d1f8:cc83",55446,1,100,0,0,1,100,0,0
"192.168.1.177",55446,2,176,0,0,1,80,1,96
"2001:14ba:a051:8c00:61b5:31a4:d1f8:cc83",52003,1,107,0,0,1,107,0,0
"192.168.1.177",52003,2,223,0,0,1,87,1,136
"2001:14ba:a051:8c00:61b5:31a4:d1f8:cc83",53352,1,107,0,0,1,107,0,0
"192.168.1.177",53352,2,235,0,0,1,87,1,148
"fe80::f17b:6c72:fea6:5dc5",57804,2,186,0,0,2,186,0,0
"192.168.1.62",57804,2,146,0,0,2,146,0,0
"fe80::f17b:6c72:fea6:5dc5",56954,2,186,0,0,2,186,0,0
"192.168.1.62",56954,2,146,0,0,2,146,0,0
"fe80::f17b:6c72:fea6:5dc5",64421,2,186,0,0,2,186,0,0
"192.168.1.62",64421,2,146,0,0,2,146,0,0
"fe80::f17b:6c72:fea6:5dc5",50284,2,186,0,0,2,186,0,0
"192.168.1.62",50284,2,146,0,0,2,146,0,0
"2001:14ba:a051:8c00:61b5:31a4:d1f8:cc83",59968,1,108,0,0,1,108,0,0
"192.168.1.177",59968,55,43062,0,0,16,4624,39,38438
"fe80::f17b:6c72:fea6:5dc5",62047,2,186,0,0,2,186,0,0
"192.168.1.62",62047,2,146,0,0,2,146,0,0
"fe80::f17b:6c72:fea6:5dc5",61093,2,186,0,0,2,186,0,0
"192.168.1.62",61093,2,146,0,0,2,146,0,0
"fe80::f17b:6c72:fea6:5dc5",54479,2,186,0,0,2,186,0,0
"192.168.1.62",54479,2,146,0,0,2,146,0,0
"fe80::f17b:6c72:fea6:5dc5",60314,2,186,0,0,2,186,0,0
"192.168.1.62",60314,2,146,0,0,2,146,0,0
"fe80::f17b:6c72:fea6:5dc5",54375,2,186,0,0,2,186,0,0
"192.168.1.62",54375,2,146,0,0,2,146,0,0
"fe80::f17b:6c72:fea6:5dc5",50195,2,186,0,0,2,186,0,0
"192.168.1.62",50195,2,146,0,0,2,146,0,0
"2001:14ba:a051:8c00:61b5:31a4:d1f8:cc83",60794,1,108,0,0,1,108,0,0
"192.168.1.177",60794,2,176,0,0,1,88,1,88
"2001:14ba:a051:8c00:61b5:31a4:d1f8:cc83",64682,1,89,0,0,1,89,0,0
"192.168.1.1",47657,6,2354,0,0,6,2354,0,0
"2001:14ba:a051:8c00:61b5:31a4:d1f8:cc83",49638,1,100,0,0,1,100,0,0
"192.168.1.177",49638,2,207,0,0,1,80,1,127
"2001:14ba:a051:8c00:61b5:31a4:d1f8:cc83",50663,1,108,0,0,1,108,0,0
"192.168.1.177",50663,2,192,0,0,1,88,1,104
"2001:14ba:a051:8c00:61b5:31a4:d1f8:cc83",49946,1,108,0,0,1,108,0,0
"192.168.1.177",49946,2,204,0,0,1,88,1,116
"192.168.1.177",64682,2,154,0,0,1,69,1,85
"192.168.1.177",54068,2,154,0,0,1,69,1,85
"192.168.1.177",57420,2,138,0,0,1,69,1,69
"192.168.1.1",35040,2,884,0,0,2,884,0,0
"192.168.1.1",46169,1,92,0,0,1,92,0,0
"fe80::f17b:6c72:fea6:5dc5",55972,2,186,0,0,2,186,0,0
"192.168.1.62",55972,2,146,0,0,2,146,0,0
"fe80::f17b:6c72:fea6:5dc5",61722,2,186,0,0,2,186,0,0
"192.168.1.62",61722,2,146,0,0,2,146,0,0
"fe80::f17b:6c72:fea6:5dc5",56311,2,186,0,0,2,186,0,0
"192.168.1.62",56311,2,146,0,0,2,146,0,0
"fe80::f17b:6c72:fea6:5dc5",49364,2,186,0,0,2,186,0,0
"192.168.1.62",49364,2,146,0,0,2,146,0,0
"192.168.1.1",42556,6,2354,0,0,6,2354,0,0
"fe80::f17b:6c72:fea6:5dc5",62149,2,186,0,0,2,186,0,0
"192.168.1.62",62149,2,146,0,0,2,146,0,0
"fe80::f17b:6c72:fea6:5dc5",55121,2,186,0,0,2,186,0,0
"192.168.1.62",55121,2,146,0,0,2,146,0,0
"fe80::f17b:6c72:fea6:5dc5",64269,2,186,0,0,2,186,0,0
"fe80::f17b:6c72:fea6:5dc5",52417,2,186,0,0,2,186,0,0
"192.168.1.62",64269,2,146,0,0,2,146,0,0
"192.168.1.62",52417,2,146,0,0,2,146,0,0
"192.168.1.1",34637,2,884,0,0,2,884,0,0
"fe80::f17b:6c72:fea6:5dc5",61988,2,186,0,0,2,186,0,0
"192.168.1.62",61988,2,146,0,0,2,146,0,0
"fe80::f17b:6c72:fea6:5dc5",57376,2,186,0,0,2,186,0,0
"fe80::f17b:6c72:fea6:5dc5",61846,4,372,0,0,4,372,0,0
"192.168.1.62",61846,4,292,0,0,4,292,0,0
"192.168.1.62",57376,2,146,0,0,2,146,0,0
"fe80::f17b:6c72:fea6:5dc5",57897,2,186,0,0,2,186,0,0
"192.168.1.62",57897,2,146,0,0,2,146,0,0
"192.168.1.177",52936,2,192,0,0,1,88,1,104
"192.168.1.177",52128,2,257,0,0,1,88,1,169
"192.168.1.177",51554,2,192,0,0,1,88,1,104
"192.168.1.177",52129,12,5497,0,0,6,2848,6,2649
"192.168.1.177",64303,2,176,0,0,1,88,1,88
"fe80::f17b:6c72:fea6:5dc5",52802,2,186,0,0,2,186,0,0
"192.168.1.62",52802,2,146,0,0,2,146,0,0
"fe80::f17b:6c72:fea6:5dc5",60473,4,372,0,0,4,372,0,0
"192.168.1.62",60473,4,292,0,0,4,292,0,0
"fe80::f17b:6c72:fea6:5dc5",55028,2,186,0,0,2,186,0,0
"192.168.1.62",55028,2,146,0,0,2,146,0,0
"fe80::f17b:6c72:fea6:5dc5",58988,2,186,0,0,2,186,0,0
"192.168.1.62",58988,2,146,0,0,2,146,0,0
"192.168.1.253",49552,4,868,0,0,4,868,0,0
"fe80::f17b:6c72:fea6:5dc5",63561,2,186,0,0,2,186,0,0
"192.168.1.62",63561,2,146,0,0,2,146,0,0
"fe80::f17b:6c72:fea6:5dc5",51388,6,558,0,0,6,558,0,0
"192.168.1.62",51388,6,438,0,0,6,438,0,0
"192.168.1.1",44333,6,2354,0,0,6,2354,0,0
"192.168.1.1",40099,2,884,0,0,2,884,0,0
"fe80::f17b:6c72:fea6:5dc5",51745,2,186,0,0,2,186,0,0
"192.168.1.62",51745,2,146,0,0,2,146,0,0
"fe80::f17b:6c72:fea6:5dc5",64965,4,372,0,0,4,372,0,0
"192.168.1.62",64965,4,292,0,0,4,292,0,0
"fe80::f17b:6c72:fea6:5dc5",58691,2,186,0,0,2,186,0,0
"192.168.1.62",58691,2,146,0,0,2,146,0,0
"fe80::f17b:6c72:fea6:5dc5",58037,2,186,0,0,2,186,0,0
"192.168.1.62",58037,2,146,0,0,2,146,0,0
"fe80::f17b:6c72:fea6:5dc5",56777,2,186,0,0,2,186,0,0
"fe80::f17b:6c72:fea6:5dc5",60019,2,186,0,0,2,186,0,0
"192.168.1.62",60019,2,146,0,0,2,146,0,0
"fe80::f17b:6c72:fea6:5dc5",53928,4,372,0,0,4,372,0,0
"192.168.1.62",53928,4,292,0,0,4,292,0,0
"fe80::f17b:6c72:fea6:5dc5",63086,2,186,0,0,2,186,0,0
"192.168.1.62",63086,2,146,0,0,2,146,0,0
"192.168.1.62",56777,1,73,0,0,1,73,0,0
"192.168.1.1",57604,6,2354,0,0,6,2354,0,0
"192.168.1.1",43479,2,884,0,0,2,884,0,0
"fe80::f17b:6c72:fea6:5dc5",57305,2,186,0,0,2,186,0,0
"192.168.1.62",57305,2,146,0,0,2,146,0,0
"fe80::f17b:6c72:fea6:5dc5",50380,4,372,0,0,4,372,0,0
"192.168.1.62",50380,4,292,0,0,4,292,0,0
"fe80::f17b:6c72:fea6:5dc5",57256,2,186,0,0,2,186,0,0
"192.168.1.62",57256,2,146,0,0,2,146,0,0
"fe80::f17b:6c72:fea6:5dc5",52509,2,186,0,0,2,186,0,0
"192.168.1.62",52509,2,146,0,0,2,146,0,0
"fe80::f17b:6c72:fea6:5dc5",63687,4,372,0,0,4,372,0,0
"192.168.1.62",63687,3,219,0,0,3,219,0,0
"fe80::f17b:6c72:fea6:5dc5",56948,2,186,0,0,2,186,0,0
"192.168.1.62",56948,2,146,0,0,2,146,0,0
"fe80::f17b:6c72:fea6:5dc5",57942,2,186,0,0,2,186,0,0
"192.168.1.62",57942,2,146,0,0,2,146,0,0
"fe80::f17b:6c72:fea6:5dc5",62359,2,186,0,0,2,186,0,0
"192.168.1.62",62359,2,146,0,0,2,146,0,0
"fe80::f17b:6c72:fea6:5dc5",64600,2,186,0,0,2,186,0,0
"192.168.1.62",64600,2,146,0,0,2,146,0,0
"fe80::f17b:6c72:fea6:5dc5",58169,2,186,0,0,2,186,0,0
"192.168.1.62",58169,2,146,0,0,2,146,0,0
"fe80::f17b:6c72:fea6:5dc5",57285,2,186,0,0,2,186,0,0
"192.168.1.62",57285,2,146,0,0,2,146,0,0
"fe80::f17b:6c72:fea6:5dc5",59511,2,186,0,0,2,186,0,0
"192.168.1.62",59511,2,146,0,0,2,146,0,0
"192.168.1.1",52333,6,2354,0,0,6,2354,0,0
"192.168.1.1",34288,2,884,0,0,2,884,0,0
"192.168.1.1",45909,6,2354,0,0,6,2354,0,0
"192.168.1.177",65531,2,154,0,0,1,69,1,85
"192.168.1.177",64863,2,138,0,0,1,69,1,69
"192.168.1.1",55597,2,884,0,0,2,884,0,0
"192.168.1.1",60602,1,92,0,0,1,92,0,0
"fe80::f17b:6c72:fea6:5dc5",61641,4,372,0,0,4,372,0,0
"192.168.1.62",61641,4,292,0,0,4,292,0,0
"fe80::f17b:6c72:fea6:5dc5",53822,4,372,0,0,4,372,0,0
"192.168.1.62",53822,4,292,0,0,4,292,0,0
"fe80::f17b:6c72:fea6:5dc5",56218,2,186,0,0,2,186,0,0
"192.168.1.62",56218,2,146,0,0,2,146,0,0
"fe80::f17b:6c72:fea6:5dc5",54482,4,372,0,0,4,372,0,0
"192.168.1.62",54482,4,292,0,0,4,292,0,0
"fe80::f17b:6c72:fea6:5dc5",56819,6,558,0,0,6,558,0,0
"192.168.1.62",56819,6,438,0,0,6,438,0,0
"fe80::f17b:6c72:fea6:5dc5",55111,2,186,0,0,2,186,0,0
"fe80::f17b:6c72:fea6:5dc5",58209,4,372,0,0,4,372,0,0
"192.168.1.62",58209,4,292,0,0,4,292,0,0
"192.168.1.62",55111,2,146,0,0,2,146,0,0
"fe80::f17b:6c72:fea6:5dc5",55473,2,186,0,0,2,186,0,0
"192.168.1.62",55473,2,146,0,0,2,146,0,0
"192.168.1.1",47843,12,4708,0,0,12,4708,0,0
"192.168.1.1",51663,2,884,0,0,2,884,0,0
"fe80::f17b:6c72:fea6:5dc5",50942,3,279,0,0,3,279,0,0
"192.168.1.62",50942,4,292,0,0,4,292,0,0
"fe80::f17b:6c72:fea6:5dc5",52800,3,279,0,0,3,279,0,0
"fe80::f17b:6c72:fea6:5dc5",55474,1,93,0,0,1,93,0,0
"192.168.1.62",55474,2,146,0,0,2,146,0,0
"192.168.1.62",52800,4,292,0,0,4,292,0,0
"192.168.1.1",53372,6,2354,0,0,6,2354,0,0
"192.168.1.1",39154,2,884,0,0,2,884,0,0
"fe80::f17b:6c72:fea6:5dc5",57078,2,186,0,0,2,186,0,0
"192.168.1.62",57078,2,146,0,0,2,146,0,0
"fe80::f17b:6c72:fea6:5dc5",56601,2,186,0,0,2,186,0,0
"192.168.1.62",56601,2,146,0,0,2,146,0,0
"fe80::f17b:6c72:fea6:5dc5",60587,2,186,0,0,2,186,0,0
"192.168.1.62",60587,2,146,0,0,2,146,0,0
"fe80::f17b:6c72:fea6:5dc5",64771,2,186,0,0,2,186,0,0
"192.168.1.62",64771,2,146,0,0,2,146,0,0
"fe80::f17b:6c72:fea6:5dc5",53493,2,186,0,0,2,186,0,0
"fe80::f17b:6c72:fea6:5dc5",62975,2,186,0,0,2,186,0,0
"192.168.1.62",62975,2,146,0,0,2,146,0,0
"192.168.1.62",53493,2,146,0,0,2,146,0,0
"fe80::f17b:6c72:fea6:5dc5",56123,2,186,0,0,2,186,0,0
"192.168.1.62",56123,2,146,0,0,2,146,0,0
"192.168.1.177",50215,4,848,0,0,4,848,0,0
"fe80::f17b:6c72:fea6:5dc5",56897,2,186,0,0,2,186,0,0
"192.168.1.62",56897,2,146,0,0,2,146,0,0
"fe80::f17b:6c72:fea6:5dc5",58786,2,186,0,0,2,186,0,0
"fe80::f17b:6c72:fea6:5dc5",62044,2,186,0,0,2,186,0,0
"192.168.1.62",58786,2,146,0,0,2,146,0,0
"192.168.1.62",62044,2,146,0,0,2,146,0,0
"fe80::f17b:6c72:fea6:5dc5",64952,4,372,0,0,4,372,0,0
"192.168.1.62",64952,4,292,0,0,4,292,0,0
"fe80::f17b:6c72:fea6:5dc5",55697,2,186,0,0,2,186,0,0
"192.168.1.62",55697,2,146,0,0,2,146,0,0
"fe80::f17b:6c72:fea6:5dc5",51365,2,186,0,0,2,186,0,0
"192.168.1.62",51365,2,146,0,0,2,146,0,0
"192.168.1.1",48597,6,2354,0,0,6,2354,0,0
"192.168.1.1",46937,2,884,0,0,2,884,0,0
"fe80::f17b:6c72:fea6:5dc5",63750,2,186,0,0,2,186,0,0
"192.168.1.62",63750,2,146,0,0,2,146,0,0
"fe80::f17b:6c72:fea6:5dc5",50431,2,186,0,0,2,186,0,0
"192.168.1.62",50431,2,146,0,0,2,146,0,0
"fe80::f17b:6c72:fea6:5dc5",52720,2,186,0,0,2,186,0,0
"192.168.1.62",52720,2,146,0,0,2,146,0,0
"fe80::f17b:6c72:fea6:5dc5",52601,4,372,0,0,4,372,0,0
"192.168.1.62",52601,4,292,0,0,4,292,0,0
"192.168.1.1",56967,6,2354,0,0,6,2354,0,0
"192.168.1.1",50140,2,884,0,0,2,884,0,0
"192.168.1.1",47852,1,92,0,0,1,92,0,0
"fe80::f17b:6c72:fea6:5dc5",49677,2,186,0,0,2,186,0,0
"192.168.1.62",49677,2,146,0,0,2,146,0,0
"fe80::f17b:6c72:fea6:5dc5",50705,2,186,0,0,2,186,0,0
"192.168.1.62",50705,2,146,0,0,2,146,0,0
"fe80::f17b:6c72:fea6:5dc5",51003,2,186,0,0,2,186,0,0
"192.168.1.62",51003,2,146,0,0,2,146,0,0
"fe80::f17b:6c72:fea6:5dc5",63497,2,186,0,0,2,186,0,0
"192.168.1.62",63497,2,146,0,0,2,146,0,0
"fe80::f17b:6c72:fea6:5dc5",59885,2,186,0,0,2,186,0,0
"192.168.1.62",59885,2,146,0,0,2,146,0,0
"fe80::f17b:6c72:fea6:5dc5",52535,2,186,0,0,2,186,0,0
"192.168.1.62",52535,2,146,0,0,2,146,0,0
"192.168.1.177",62769,4,868,0,0,4,868,0,0
"fe80::f17b:6c72:fea6:5dc5",53730,2,186,0,0,2,186,0,0
"192.168.1.62",53730,2,146,0,0,2,146,0,0
"fe80::f17b:6c72:fea6:5dc5",52568,4,372,0,0,4,372,0,0
"192.168.1.62",52568,4,292,0,0,4,292,0,0
"192.168.1.1",34027,6,2354,0,0,6,2354,0,0
"192.168.1.1",57360,2,884,0,0,2,884,0,0
"192.168.1.1",33906,6,2354,0,0,6,2354,0,0
"192.168.1.1",57932,2,884,0,0,2,884,0,0
"fe80::f17b:6c72:fea6:5dc5",57316,2,186,0,0,2,186,0,0
"192.168.1.62",57316,2,146,0,0,2,146,0,0
"fe80::f17b:6c72:fea6:5dc5",54240,2,186,0,0,2,186,0,0
"192.168.1.62",54240,2,146,0,0,2,146,0,0
"fe80::f17b:6c72:fea6:5dc5",64585,2,186,0,0,2,186,0,0
"192.168.1.62",64585,2,146,0,0,2,146,0,0
"fe80::f17b:6c72:fea6:5dc5",50150,2,186,0,0,2,186,0,0
"192.168.1.62",50150,2,146,0,0,2,146,0,0
"192.168.1.1",56270,1,92,0,0,1,92,0,0
"fe80::f17b:6c72:fea6:5dc5",55224,2,186,0,0,2,186,0,0
"192.168.1.62",55224,2,146,0,0,2,146,0,0
"fe80::f17b:6c72:fea6:5dc5",53520,2,186,0,0,2,186,0,0
"192.168.1.62",53520,2,146,0,0,2,146,0,0
"fe80::f17b:6c72:fea6:5dc5",52043,2,186,0,0,2,186,0,0
"192.168.1.62",52043,2,146,0,0,2,146,0,0
"fe80::f17b:6c72:fea6:5dc5",55324,2,186,0,0,2,186,0,0
"192.168.1.62",55324,2,146,0,0,2,146,0,0
"192.168.1.1",54195,6,2354,0,0,6,2354,0,0
"192.168.1.1",43278,2,884,0,0,2,884,0,0
"fe80::f17b:6c72:fea6:5dc5",54757,2,186,0,0,2,186,0,0
"192.168.1.62",54757,2,146,0,0,2,146,0,0
"fe80::f17b:6c72:fea6:5dc5",64279,2,186,0,0,2,186,0,0
"fe80::f17b:6c72:fea6:5dc5",63596,4,372,0,0,4,372,0,0
"192.168.1.62",63596,4,292,0,0,4,292,0,0
"192.168.1.62",64279,2,146,0,0,2,146,0,0
"fe80::f17b:6c72:fea6:5dc5",59453,2,186,0,0,2,186,0,0
"192.168.1.62",59453,2,146,0,0,2,146,0,0
"fe80::f17b:6c72:fea6:5dc5",56457,2,186,0,0,2,186,0,0
"192.168.1.62",56457,2,146,0,0,2,146,0,0
"fe80::f17b:6c72:fea6:5dc5",63914,2,186,0,0,2,186,0,0
"192.168.1.62",63914,2,146,0,0,2,146,0,0
"fe80::f17b:6c72:fea6:5dc5",52924,2,186,0,0,2,186,0,0
"192.168.1.62",52924,2,146,0,0,2,146,0,0
"fe80::f17b:6c72:fea6:5dc5",64872,2,186,0,0,2,186,0,0
"192.168.1.62",64872,2,146,0,0,2,146,0,0
"192.168.1.1",53195,6,2354,0,0,6,2354,0,0
"192.168.1.1",57507,2,884,0,0,2,884,0,0
"fe80::f17b:6c72:fea6:5dc5",64918,2,186,0,0,2,186,0,0
"192.168.1.62",64918,2,146,0,0,2,146,0,0
"fe80::f17b:6c72:fea6:5dc5",57641,2,186,0,0,2,186,0,0
"192.168.1.62",57641,2,146,0,0,2,146,0,0
"fe80::f17b:6c72:fea6:5dc5",53457,2,186,0,0,2,186,0,0
"192.168.1.62",53457,2,146,0,0,2,146,0,0
"fe80::f17b:6c72:fea6:5dc5",60326,1,93,0,0,1,93,0,0
"192.168.1.62",60326,2,146,0,0,2,146,0,0
"fe80::f17b:6c72:fea6:5dc5",50462,2,186,0,0,2,186,0,0
"fe80::f17b:6c72:fea6:5dc5",61349,1,93,0,0,1,93,0,0
"192.168.1.62",50462,2,146,0,0,2,146,0,0
"192.168.1.62",61349,2,146,0,0,2,146,0,0
"fe80::f17b:6c72:fea6:5dc5",57023,2,186,0,0,2,186,0,0
"192.168.1.62",57023,2,146,0,0,2,146,0,0
"fe80::f17b:6c72:fea6:5dc5",50742,2,186,0,0,2,186,0,0
"192.168.1.62",50742,2,146,0,0,2,146,0,0
"fe80::f17b:6c72:fea6:5dc5",60584,2,186,0,0,2,186,0,0
"192.168.1.62",60584,2,146,0,0,2,146,0,0
"fe80::f17b:6c72:fea6:5dc5",60278,2,186,0,0,2,186,0,0
"192.168.1.62",60278,2,146,0,0,2,146,0,0
"192.168.1.253",51705,4,868,0,0,4,868,0,0
"fe80::f17b:6c72:fea6:5dc5",53615,2,186,0,0,2,186,0,0
"192.168.1.62",53615,2,146,0,0,2,146,0,0
"fe80::f17b:6c72:fea6:5dc5",63195,2,186,0,0,2,186,0,0
"192.168.1.62",63195,2,146,0,0,2,146,0,0
"192.168.1.1",49610,6,2354,0,0,6,2354,0,0
"192.168.1.1",48126,2,884,0,0,2,884,0,0
"fe80::f17b:6c72:fea6:5dc5",62122,2,186,0,0,2,186,0,0
"192.168.1.62",62122,2,146,0,0,2,146,0,0
"fe80::f17b:6c72:fea6:5dc5",63894,2,186,0,0,2,186,0,0
"192.168.1.62",63894,2,146,0,0,2,146,0,0
"fe80::f17b:6c72:fea6:5dc5",49261,2,186,0,0,2,186,0,0
"192.168.1.62",49261,2,146,0,0,2,146,0,0
"fe80::f17b:6c72:fea6:5dc5",64342,2,186,0,0,2,186,0,0
"192.168.1.62",64342,2,146,0,0,2,146,0,0
"192.168.1.1",55162,6,2354,0,0,6,2354,0,0
"fe80::f17b:6c72:fea6:5dc5",64007,2,186,0,0,2,186,0,0
"192.168.1.62",64007,2,146,0,0,2,146,0,0
"fe80::f17b:6c72:fea6:5dc5",52264,2,186,0,0,2,186,0,0
"192.168.1.62",52264,2,146,0,0,2,146,0,0
"192.168.1.1",43365,2,884,0,0,2,884,0,0
"192.168.1.103",47199,1,167,0,0,1,167,0,0
"fe80::f17b:6c72:fea6:5dc5",52651,4,372,0,0,4,372,0,0
"192.168.1.62",52651,4,292,0,0,4,292,0,0
"fe80::f17b:6c72:fea6:5dc5",63662,2,186,0,0,2,186,0,0
"192.168.1.62",63662,2,146,0,0,2,146,0,0
"fe80::f17b:6c72:fea6:5dc5",62174,2,186,0,0,2,186,0,0
"192.168.1.62",62174,2,146,0,0,2,146,0,0
"192.168.1.1",42872,1,92,0,0,1,92,0,0
"2001:14ba:a051:8c00:61b5:31a4:d1f8:cc83",64526,2,206,0,0,2,206,0,0
"2001:14ba:a051:8c00:61b5:31a4:d1f8:cc83",60481,2,206,0,0,2,206,0,0
"fe80::f17b:6c72:fea6:5dc5",61586,2,186,0,0,2,186,0,0
"192.168.1.62",61586,2,146,0,0,2,146,0,0
"fe80::f17b:6c72:fea6:5dc5",62723,2,186,0,0,2,186,0,0
"192.168.1.62",62723,2,146,0,0,2,146,0,0
"fe80::f17b:6c72:fea6:5dc5",61101,2,186,0,0,2,186,0,0
"192.168.1.62",61101,2,146,0,0,2,146,0,0
"fe80::f17b:6c72:fea6:5dc5",52816,2,186,0,0,2,186,0,0
"192.168.1.62",52816,2,146,0,0,2,146,0,0
"192.168.1.177",64526,2,182,0,0,1,83,1,99
"192.168.1.177",60481,2,194,0,0,1,83,1,111
"2001:14ba:a051:8c00:61b5:31a4:d1f8:cc83",61825,1,103,0,0,1,103,0,0
"192.168.1.177",61825,2,182,0,0,1,83,1,99
"2001:14ba:a051:8c00:61b5:31a4:d1f8:cc83",61363,1,103,0,0,1,103,0,0
"192.168.1.177",61363,2,194,0,0,1,83,1,111
"fe80::f17b:6c72:fea6:5dc5",54373,2,186,0,0,2,186,0,0
"192.168.1.62",54373,2,146,0,0,2,146,0,0
"fe80::f17b:6c72:fea6:5dc5",50966,2,186,0,0,2,186,0,0
"192.168.1.62",50966,2,146,0,0,2,146,0,0
"fe80::f17b:6c72:fea6:5dc5",61379,2,186,0,0,2,186,0,0
"fe80::f17b:6c72:fea6:5dc5",54962,2,186,0,0,2,186,0,0
"192.168.1.62",54962,2,146,0,0,2,146,0,0
"192.168.1.62",61379,1,73,0,0,1,73,0,0
"192.168.1.1",58000,6,2354,0,0,6,2354,0,0
"192.168.1.1",48227,2,884,0,0,2,884,0,0
"2001:14ba:a051:8c00:61b5:31a4:d1f8:cc83",53489,1,108,0,0,1,108,0,0
"192.168.1.177",53489,2,257,0,0,1,88,1,169
"2001:14ba:a051:8c00:61b5:31a4:d1f8:cc83",60578,1,108,0,0,1,108,0,0
"192.168.1.177",53490,12,5499,0,0,6,2850,6,2649
"192.168.1.177",60578,2,176,0,0,1,88,1,88
"192.168.1.1",45803,6,2354,0,0,6,2354,0,0
"192.168.1.1",43604,2,884,0,0,2,884,0,0
"fe80::f17b:6c72:fea6:5dc5",53902,2,186,0,0,2,186,0,0
"192.168.1.62",53902,2,146,0,0,2,146,0,0
"fe80::f17b:6c72:fea6:5dc5",50111,2,186,0,0,2,186,0,0
"192.168.1.62",50111,2,146,0,0,2,146,0,0
"fe80::f17b:6c72:fea6:5dc5",65353,2,186,0,0,2,186,0,0
"192.168.1.62",65353,2,146,0,0,2,146,0,0
"fe80::f17b:6c72:fea6:5dc5",58895,2,186,0,0,2,186,0,0
"192.168.1.62",58895,2,146,0,0,2,146,0,0
"fe80::f17b:6c72:fea6:5dc5",65161,4,372,0,0,4,372,0,0
"192.168.1.62",65161,4,292,0,0,4,292,0,0
"fe80::f17b:6c72:fea6:5dc5",58075,2,186,0,0,2,186,0,0
"192.168.1.62",58075,2,146,0,0,2,146,0,0
"fe80::f17b:6c72:fea6:5dc5",63930,2,186,0,0,2,186,0,0
"192.168.1.62",63930,2,146,0,0,2,146,0,0
"192.168.1.1",45625,6,2354,0,0,6,2354,0,0
"192.168.1.1",34777,2,884,0,0,2,884,0,0
"fe80::f17b:6c72:fea6:5dc5",53453,2,186,0,0,2,186,0,0
"fe80::f17b:6c72:fea6:5dc5",64532,2,186,0,0,2,186,0,0
"192.168.1.62",64532,2,146,0,0,2,146,0,0
"192.168.1.62",53453,2,146,0,0,2,146,0,0
"fe80::f17b:6c72:fea6:5dc5",59895,2,186,0,0,2,186,0,0
"192.168.1.62",59895,2,146,0,0,2,146,0,0
"fe80::f17b:6c72:fea6:5dc5",54209,2,186,0,0,2,186,0,0
"192.168.1.62",54209,2,146,0,0,2,146,0,0
"fe80::f17b:6c72:fea6:5dc5",50562,2,186,0,0,2,186,0,0
"192.168.1.62",50562,2,146,0,0,2,146,0,0
"fe80::f17b:6c72:fea6:5dc5",57724,2,186,0,0,2,186,0,0
"192.168.1.62",57724,2,146,0,0,2,146,0,0
"fe80::f17b:6c72:fea6:5dc5",49884,4,372,0,0,4,372,0,0
"192.168.1.62",49884,4,292,0,0,4,292,0,0
"192.168.1.1",37743,6,2354,0,0,6,2354,0,0
"192.168.1.1",36766,2,884,0,0,2,884,0,0
"192.168.1.62",62201,2,146,0,0,2,146,0,0
"fe80::f17b:6c72:fea6:5dc5",58438,2,186,0,0,2,186,0,0
"192.168.1.62",58438,2,146,0,0,2,146,0,0
"fe80::f17b:6c72:fea6:5dc5",52607,2,186,0,0,2,186,0,0
"192.168.1.62",52607,2,146,0,0,2,146,0,0
"fe80::f17b:6c72:fea6:5dc5",52431,2,186,0,0,2,186,0,0
"192.168.1.62",52431,2,146,0,0,2,146,0,0
"fe80::f17b:6c72:fea6:5dc5",62201,1,93,0,0,1,93,0,0
"fe80::f17b:6c72:fea6:5dc5",60290,2,186,0,0,2,186,0,0
"fe80::f17b:6c72:fea6:5dc5",49406,2,186,0,0,2,186,0,0
"192.168.1.62",49406,2,146,0,0,2,146,0,0
"fe80::f17b:6c72:fea6:5dc5",50730,2,186,0,0,2,186,0,0
"192.168.1.62",50730,2,146,0,0,2,146,0,0
"fe80::f17b:6c72:fea6:5dc5",60026,2,186,0,0,2,186,0,0
"192.168.1.62",60026,2,146,0,0,2,146,0,0
"192.168.1.62",60290,1,73,0,0,1,73,0,0
"2001:14ba:a051:8c00:61b5:31a4:d1f8:cc83",64688,1,96,0,0,1,96,0,0
"192.168.1.177",64688,2,186,0,0,1,76,1,110
"2001:14ba:a051:8c00:61b5:31a4:d1f8:cc83",55951,1,96,0,0,1,96,0,0
"192.168.1.177",55951,6,1016,0,0,5,924,1,92
"192.168.1.177",55952,4,848,0,0,4,848,0,0
"fe80::f17b:6c72:fea6:5dc5",56215,2,186,0,0,2,186,0,0
"192.168.1.62",56215,2,146,0,0,2,146,0,0
"fe80::f17b:6c72:fea6:5dc5",50343,2,186,0,0,2,186,0,0
"192.168.1.62",50343,2,146,0,0,2,146,0,0
"192.168.1.1",47880,1,92,0,0,1,92,0,0
"fe80::f17b:6c72:fea6:5dc5",64158,2,186,0,0,2,186,0,0
"192.168.1.62",64158,2,146,0,0,2,146,0,0
"fe80::f17b:6c72:fea6:5dc5",60262,2,186,0,0,2,186,0,0
"192.168.1.62",60262,2,146,0,0,2,146,0,0
"fe80::f17b:6c72:fea6:5dc5",55569,2,186,0,0,2,186,0,0
"192.168.1.62",55569,2,146,0,0,2,146,0,0
"fe80::f17b:6c72:fea6:5dc5",64968,2,186,0,0,2,186,0,0
"192.168.1.62",64968,2,146,0,0,2,146,0,0
"192.168.1.1",49411,6,2354,0,0,6,2354,0,0
"192.168.1.1",41704,2,884,0,0,2,884,0,0
"2001:14ba:a051:8c00:61b5:31a4:d1f8:cc83",49522,1,112,0,0,1,112,0,0
"192.168.1.177",49522,2,242,0,0,1,92,1,150
"2001:14ba:a051:8c00:61b5:31a4:d1f8:cc83",65292,1,112,0,0,1,112,0,0
"192.168.1.177",49523,170,131372,0,0,43,9252,127,122120
"192.168.1.177",65292,2,200,0,0,1,92,1,108
"2001:14ba:a051:8c00:61b5:31a4:d1f8:cc83",49444,1,112,0,0,1,112,0,0
"192.168.1.177",49444,2,184,0,0,1,92,1,92
"fe80::f17b:6c72:fea6:5dc5",55700,4,372,0,0,4,372,0,0
"192.168.1.62",55700,4,292,0,0,4,292,0,0
"fe80::f17b:6c72:fea6:5dc5",51977,2,186,0,0,2,186,0,0
"192.168.1.62",51977,2,146,0,0,2,146,0,0
"fe80::f17b:6c72:fea6:5dc5",54410,2,186,0,0,2,186,0,0
"192.168.1.62",54410,2,146,0,0,2,146,0,0
"fe80::f17b:6c72:fea6:5dc5",62438,6,558,0,0,6,558,0,0
"192.168.1.62",62438,6,438,0,0,6,438,0,0
"fe80::f17b:6c72:fea6:5dc5",59156,4,372,0,0,4,372,0,0
"192.168.1.62",59156,4,292,0,0,4,292,0,0
"fe80::f17b:6c72:fea6:5dc5",56374,2,186,0,0,2,186,0,0
"192.168.1.62",56374,2,146,0,0,2,146,0,0
"fe80::f17b:6c72:fea6:5dc5",50347,2,186,0,0,2,186,0,0
"192.168.1.62",50347,2,146,0,0,2,146,0,0
"192.168.1.1",53929,6,2354,0,0,6,2354,0,0
"192.168.1.1",55875,2,884,0,0,2,884,0,0
"192.168.1.103",46851,1,167,0,0,1,167,0,0
"fe80::f17b:6c72:fea6:5dc5",59097,2,186,0,0,2,186,0,0
"192.168.1.62",59097,2,146,0,0,2,146,0,0
"fe80::f17b:6c72:fea6:5dc5",61289,2,186,0,0,2,186,0,0
"192.168.1.62",61289,2,146,0,0,2,146,0,0
"fe80::f17b:6c72:fea6:5dc5",55981,2,186,0,0,2,186,0,0
"192.168.1.62",55981,2,146,0,0,2,146,0,0
"fe80::f17b:6c72:fea6:5dc5",62704,2,186,0,0,2,186,0,0
"192.168.1.62",62704,2,146,0,0,2,146,0,0
"fe80::f17b:6c72:fea6:5dc5",58710,4,372,0,0,4,372,0,0
"192.168.1.62",58710,4,292,0,0,4,292,0,0
"fe80::f17b:6c72:fea6:5dc5",54061,2,186,0,0,2,186,0,0
"192.168.1.62",54061,2,146,0,0,2,146,0,0
"fe80::f17b:6c72:fea6:5dc5",54271,2,186,0,0,2,186,0,0
"192.168.1.62",54271,2,146,0,0,2,146,0,0
"fe80::f17b:6c72:fea6:5dc5",62991,2,186,0,0,2,186,0,0
"192.168.1.62",62991,2,146,0,0,2,146,0,0
"fe80::f17b:6c72:fea6:5dc5",62572,2,186,0,0,2,186,0,0
"192.168.1.62",62572,2,146,0,0,2,146,0,0
"192.168.1.177",60723,4,868,0,0,4,868,0,0
"192.168.1.1",33389,6,2354,0,0,6,2354,0,0
"192.168.1.1",57668,4,1768,0,0,4,1768,0,0
"192.168.1.1",53408,6,2354,0,0,6,2354,0,0
"192.168.1.1",53419,2,884,0,0,2,884,0,0
"192.168.1.1",53224,1,92,0,0,1,92,0,0
"fe80::f17b:6c72:fea6:5dc5",49872,4,372,0,0,4,372,0,0
"192.168.1.62",49872,4,292,0,0,4,292,0,0
"fe80::f17b:6c72:fea6:5dc5",64100,2,186,0,0,2,186,0,0
"192.168.1.62",64100,2,146,0,0,2,146,0,0
"fe80::f17b:6c72:fea6:5dc5",57561,2,186,0,0,2,186,0,0
"192.168.1.62",57561,2,146,0,0,2,146,0,0
"fe80::f17b:6c72:fea6:5dc5",54750,2,186,0,0,2,186,0,0
"192.168.1.62",54750,2,146,0,0,2,146,0,0
"fe80::f17b:6c72:fea6:5dc5",57851,2,186,0,0,2,186,0,0
"192.168.1.62",57851,2,146,0,0,2,146,0,0
"fe80::f17b:6c72:fea6:5dc5",49191,4,372,0,0,4,372,0,0
"fe80::f17b:6c72:fea6:5dc5",61029,2,186,0,0,2,186,0,0
"192.168.1.62",61029,2,146,0,0,2,146,0,0
"192.168.1.62",49191,4,292,0,0,4,292,0,0
"fe80::f17b:6c72:fea6:5dc5",52695,2,186,0,0,2,186,0,0
"192.168.1.62",52695,2,146,0,0,2,146,0,0
"fe80::f17b:6c72:fea6:5dc5",59012,4,372,0,0,4,372,0,0
"fe80::f17b:6c72:fea6:5dc5",61187,2,186,0,0,2,186,0,0
"192.168.1.62",59012,4,292,0,0,4,292,0,0
"192.168.1.62",61187,2,146,0,0,2,146,0,0
"fe80::f17b:6c72:fea6:5dc5",54007,2,186,0,0,2,186,0,0
"192.168.1.62",54007,2,146,0,0,2,146,0,0
"192.168.1.1",48247,6,2354,0,0,6,2354,0,0
"192.168.1.1",36092,2,884,0,0,2,884,0,0
"fe80::f17b:6c72:fea6:5dc5",59892,2,186,0,0,2,186,0,0
"192.168.1.62",59892,2,146,0,0,2,146,0,0
"fe80::f17b:6c72:fea6:5dc5",57814,2,186,0,0,2,186,0,0
"192.168.1.62",57814,2,146,0,0,2,146,0,0
"fe80::f17b:6c72:fea6:5dc5",60789,2,186,0,0,2,186,0,0
"192.168.1.62",60789,2,146,0,0,2,146,0,0
"fe80::f17b:6c72:fea6:5dc5",63623,2,186,0,0,2,186,0,0
"192.168.1.62",63623,2,146,0,0,2,146,0,0
"fe80::f17b:6c72:fea6:5dc5",49280,2,186,0,0,2,186,0,0
"192.168.1.62",49280,2,146,0,0,2,146,0,0
"fe80::f17b:6c72:fea6:5dc5",49339,2,186,0,0,2,186,0,0
"fe80::f17b:6c72:fea6:5dc5",56366,2,186,0,0,2,186,0,0
"192.168.1.62",49339,2,146,0,0,2,146,0,0
"192.168.1.62",56366,2,146,0,0,2,146,0,0
"fe80::f17b:6c72:fea6:5dc5",64644,2,186,0,0,2,186,0,0
"192.168.1.62",64644,2,146,0,0,2,146,0,0
"192.168.1.1",42024,6,2354,0,0,6,2354,0,0
"192.168.1.1",60923,2,884,0,0,2,884,0,0
"fe80::f17b:6c72:fea6:5dc5",53993,4,372,0,0,4,372,0,0
"192.168.1.62",53993,4,292,0,0,4,292,0,0
"fe80::f17b:6c72:fea6:5dc5",51636,2,186,0,0,2,186,0,0
"fe80::f17b:6c72:fea6:5dc5",59279,2,186,0,0,2,186,0,0
"192.168.1.62",59279,2,146,0,0,2,146,0,0
"192.168.1.62",51636,2,146,0,0,2,146,0,0
"fe80::f17b:6c72:fea6:5dc5",62577,4,372,0,0,4,372,0,0
"192.168.1.62",62577,4,292,0,0,4,292,0,0
"fe80::f17b:6c72:fea6:5dc5",49732,4,372,0,0,4,372,0,0
"192.168.1.62",49732,4,292,0,0,4,292,0,0
"fe80::f17b:6c72:fea6:5dc5",65237,2,186,0,0,2,186,0,0
"192.168.1.62",65237,2,146,0,0,2,146,0,0
"fe80::f17b:6c72:fea6:5dc5",55749,1,93,0,0,1,93,0,0
"192.168.1.62",55749,1,73,0,0,1,73,0,0
"fe80::f17b:6c72:fea6:5dc5",56581,1,93,0,0,1,93,0,0
"192.168.1.62",56581,1,73,0,0,1,73,0,0
"2001:14ba:a051:8c00:61b5:31a4:d1f8:cc83",51470,2,192,0,0,2,192,0,0
"192.168.1.177",51470,2,168,0,0,1,76,1,92
"192.168.1.253",53937,4,868,0,0,4,868,0,0
"fe80::f17b:6c72:fea6:5dc5",58731,2,186,0,0,2,186,0,0
"192.168.1.62",58731,2,146,0,0,2,146,0,0
"fe80::f17b:6c72:fea6:5dc5",57092,2,186,0,0,2,186,0,0
"192.168.1.62",57092,2,146,0,0,2,146,0,0
"192.168.1.1",41565,6,2354,0,0,6,2354,0,0
"192.168.1.1",34923,2,884,0,0,2,884,0,0
"fe80::f17b:6c72:fea6:5dc5",53081,2,186,0,0,2,186,0,0
"192.168.1.62",53081,2,146,0,0,2,146,0,0
"fe80::f17b:6c72:fea6:5dc5",49205,2,186,0,0,2,186,0,0
"192.168.1.62",49205,2,146,0,0,2,146,0,0
"fe80::f17b:6c72:fea6:5dc5",61034,2,186,0,0,2,186,0,0
"192.168.1.62",61034,2,146,0,0,2,146,0,0
"fe80::f17b:6c72:fea6:5dc5",53941,4,372,0,0,4,372,0,0
"192.168.1.62",53941,4,292,0,0,4,292,0,0
"fe80::f17b:6c72:fea6:5dc5",62517,2,186,0,0,2,186,0,0
"192.168.1.62",62517,2,146,0,0,2,146,0,0
"fe80::f17b:6c72:fea6:5dc5",60612,2,186,0,0,2,186,0,0
"fe80::f17b:6c72:fea6:5dc5",57620,2,186,0,0,2,186,0,0
"192.168.1.62",57620,2,146,0,0,2,146,0,0
"192.168.1.62",60612,2,146,0,0,2,146,0,0
"fe80::f17b:6c72:fea6:5dc5",56790,2,186,0,0,2,186,0,0
"192.168.1.62",56790,2,146,0,0,2,146,0,0
"192.168.1.1",58431,6,2354,0,0,6,2354,0,0
"192.168.1.1",49386,1,92,0,0,1,92,0,0
"192.168.1.1",59171,2,884,0,0,2,884,0,0
"192.168.1.103",46406,1,167,0,0,1,167,0,0
"fe80::f17b:6c72:fea6:5dc5",57066,2,186,0,0,2,186,0,0
"192.168.1.62",57066,2,146,0,0,2,146,0,0
"fe80::f17b:6c72:fea6:5dc5",60897,2,186,0,0,2,186,0,0
"192.168.1.62",60897,2,146,0,0,2,146,0,0
"fe80::f17b:6c72:fea6:5dc5",55682,2,186,0,0,2,186,0,0
"192.168.1.62",55682,2,146,0,0,2,146,0,0
"fe80::f17b:6c72:fea6:5dc5",59940,2,186,0,0,2,186,0,0
"192.168.1.62",59940,2,146,0,0,2,146,0,0
"fe80::f17b:6c72:fea6:5dc5",58899,2,186,0,0,2,186,0,0
"192.168.1.62",58899,2,146,0,0,2,146,0,0
"fe80::f17b:6c72:fea6:5dc5",54248,2,186,0,0,2,186,0,0
"192.168.1.62",54248,2,146,0,0,2,146,0,0
"fe80::f17b:6c72:fea6:5dc5",52300,4,372,0,0,4,372,0,0
"192.168.1.62",52300,4,292,0,0,4,292,0,0
"fe80::f17b:6c72:fea6:5dc5",53942,2,186,0,0,2,186,0,0
"192.168.1.62",53942,2,146,0,0,2,146,0,0
"fe80::f17b:6c72:fea6:5dc5",57552,4,372,0,0,4,372,0,0
"192.168.1.62",57552,4,292,0,0,4,292,0,0
"fe80::f17b:6c72:fea6:5dc5",63458,4,372,0,0,4,372,0,0
"192.168.1.62",63458,4,292,0,0,4,292,0,0
"192.168.1.1",55998,6,2354,0,0,6,2354,0,0
"192.168.1.1",37030,4,1768,0,0,4,1768,0,0
"192.168.1.1",56858,6,2354,0,0,6,2354,0,0
"192.168.1.1",34112,2,884,0,0,2,884,0,0
"fe80::f17b:6c72:fea6:5dc5",58371,2,186,0,0,2,186,0,0
"192.168.1.62",58371,2,146,0,0,2,146,0,0
"fe80::f17b:6c72:fea6:5dc5",57692,4,372,0,0,4,372,0,0
"192.168.1.62",57692,4,292,0,0,4,292,0,0
"fe80::f17b:6c72:fea6:5dc5",56671,2,186,0,0,2,186,0,0
"192.168.1.62",56671,2,146,0,0,2,146,0,0
"fe80::f17b:6c72:fea6:5dc5",55892,2,186,0,0,2,186,0,0
"192.168.1.62",55892,2,146,0,0,2,146,0,0
"fe80::f17b:6c72:fea6:5dc5",52453,2,186,0,0,2,186,0,0
"192.168.1.62",52453,2,146,0,0,2,146,0,0
"fe80::f17b:6c72:fea6:5dc5",50464,2,186,0,0,2,186,0,0
"192.168.1.62",50464,2,146,0,0,2,146,0,0
"fe80::f17b:6c72:fea6:5dc5",61057,2,186,0,0,2,186,0,0
"192.168.1.62",61057,2,146,0,0,2,146,0,0
"fe80::f17b:6c72:fea6:5dc5",54824,4,372,0,0,4,372,0,0
"192.168.1.62",54824,4,292,0,0,4,292,0,0
"192.168.1.1",53826,6,2354,0,0,6,2354,0,0
"192.168.1.1",55043,2,884,0,0,2,884,0,0
"fe80::f17b:6c72:fea6:5dc5",64679,2,186,0,0,2,186,0,0
"192.168.1.62",64679,2,146,0,0,2,146,0,0
"fe80::f17b:6c72:fea6:5dc5",61888,2,186,0,0,2,186,0,0
"192.168.1.62",61888,2,146,0,0,2,146,0,0
"fe80::f17b:6c72:fea6:5dc5",57388,2,186,0,0,2,186,0,0
"fe80::f17b:6c72:fea6:5dc5",51496,2,186,0,0,2,186,0,0
"192.168.1.62",57388,2,146,0,0,2,146,0,0
"192.168.1.62",51496,2,146,0,0,2,146,0,0
"fe80::f17b:6c72:fea6:5dc5",56011,2,186,0,0,2,186,0,0
"192.168.1.62",56011,2,146,0,0,2,146,0,0
"fe80::f17b:6c72:fea6:5dc5",51692,2,186,0,0,2,186,0,0
"192.168.1.62",51692,2,146,0,0,2,146,0,0
"fe80::f17b:6c72:fea6:5dc5",61966,2,186,0,0,2,186,0,0
"192.168.1.62",61966,2,146,0,0,2,146,0,0
"fe80::f17b:6c72:fea6:5dc5",49393,2,186,0,0,2,186,0,0
"192.168.1.62",49393,2,146,0,0,2,146,0,0
"192.168.1.1",58781,6,2354,0,0,6,2354,0,0
"192.168.1.1",33268,2,884,0,0,2,884,0,0
"fe80::f17b:6c72:fea6:5dc5",55187,2,186,0,0,2,186,0,0
"192.168.1.62",55187,2,146,0,0,2,146,0,0
"fe80::f17b:6c72:fea6:5dc5",64286,2,186,0,0,2,186,0,0
"192.168.1.62",64286,2,146,0,0,2,146,0,0
"fe80::f17b:6c72:fea6:5dc5",65506,2,186,0,0,2,186,0,0
"192.168.1.62",65506,2,146,0,0,2,146,0,0
"fe80::f17b:6c72:fea6:5dc5",63909,2,186,0,0,2,186,0,0
"192.168.1.62",63909,6,1014,0,0,6,1014,0,0
"fe80::f17b:6c72:fea6:5dc5",51320,2,186,0,0,2,186,0,0
"192.168.1.62",51320,2,146,0,0,2,146,0,0
"fe80::f17b:6c72:fea6:5dc5",54910,2,186,0,0,2,186,0,0
"fe80::f17b:6c72:fea6:5dc5",65516,4,372,0,0,4,372,0,0
"192.168.1.62",54910,2,146,0,0,2,146,0,0
"192.168.1.62",65516,4,292,0,0,4,292,0,0
"fe80::f17b:6c72:fea6:5dc5",63586,2,186,0,0,2,186,0,0
"192.168.1.62",63586,2,146,0,0,2,146,0,0
"192.168.1.177",58649,4,848,0,0,4,848,0,0
"fe80::f17b:6c72:fea6:5dc5",59620,2,186,0,0,2,186,0,0
"192.168.1.62",59620,2,146,0,0,2,146,0,0
"fe80::f17b:6c72:fea6:5dc5",57090,2,186,0,0,2,186,0,0
"192.168.1.62",57090,2,146,0,0,2,146,0,0
"192.168.1.1",45741,1,92,0,0,1,92,0,0
"fe80::f17b:6c72:fea6:5dc5",54544,2,186,0,0,2,186,0,0
"192.168.1.62",54544,2,146,0,0,2,146,0,0
"192.168.1.1",36541,6,2354,0,0,6,2354,0,0
"192.168.1.1",33786,2,884,0,0,2,884,0,0
"fe80::f17b:6c72:fea6:5dc5",51888,2,186,0,0,2,186,0,0
"192.168.1.62",51888,2,146,0,0,2,146,0,0
"fe80::f17b:6c72:fea6:5dc5",59132,2,186,0,0,2,186,0,0
"192.168.1.62",59132,2,146,0,0,2,146,0,0
"fe80::f17b:6c72:fea6:5dc5",61528,2,186,0,0,2,186,0,0
"192.168.1.62",61528,2,146,0,0,2,146,0,0
"fe80::f17b:6c72:fea6:5dc5",54570,2,186,0,0,2,186,0,0
"192.168.1.62",54570,2,146,0,0,2,146,0,0
"2001:14ba:a051:8c00:61b5:31a4:d1f8:cc83",52283,2,216,0,0,2,216,0,0
"2001:14ba:a051:8c00:61b5:31a4:d1f8:cc83",62592,2,216,0,0,2,216,0,0
"192.168.1.1",40668,6,2354,0,0,6,2354,0,0
"192.168.1.177",52283,2,192,0,0,1,88,1,104
"192.168.1.177",62592,2,176,0,0,1,88,1,88
"2001:14ba:a051:8c00:61b5:31a4:d1f8:cc83",56939,1,108,0,0,1,108,0,0
"192.168.1.177",62593,2,1483,0,0,2,1483,0,0
"192.168.1.177",56939,2,176,0,0,1,88,1,88
"192.168.1.1",48237,2,884,0,0,2,884,0,0
"fe80::f17b:6c72:fea6:5dc5",64717,2,186,0,0,2,186,0,0
"192.168.1.62",64717,2,146,0,0,2,146,0,0
"fe80::f17b:6c72:fea6:5dc5",49823,4,372,0,0,4,372,0,0
"192.168.1.62",49823,4,292,0,0,4,292,0,0
"fe80::f17b:6c72:fea6:5dc5",56210,2,186,0,0,2,186,0,0
"192.168.1.62",56210,2,146,0,0,2,146,0,0
"fe80::f17b:6c72:fea6:5dc5",52574,2,186,0,0,2,186,0,0
"fe80::f17b:6c72:fea6:5dc5",62255,2,186,0,0,2,186,0,0
"192.168.1.62",62255,2,146,0,0,2,146,0,0
"192.168.1.62",52574,2,146,0,0,2,146,0,0
"fe80::f17b:6c72:fea6:5dc5",60191,2,186,0,0,2,186,0,0
"192.168.1.62",60191,2,146,0,0,2,146,0,0
"fe80::f17b:6c72:fea6:5dc5",56606,2,186,0,0,2,186,0,0
"192.168.1.62",56606,2,146,0,0,2,146,0,0
"fe80::f17b:6c72:fea6:5dc5",64622,2,186,0,0,2,186,0,0
"192.168.1.62",64622,2,146,0,0,2,146,0,0
"fe80::f17b:6c72:fea6:5dc5",53813,2,186,0,0,2,186,0,0
"192.168.1.62",53813,2,146,0,0,2,146,0,0
"fe80::f17b:6c72:fea6:5dc5",57209,2,174,0,0,2,174,0,0
"192.168.1.62",57209,2,134,0,0,2,134,0,0
"fe80::f17b:6c72:fea6:5dc5",65394,2,174,0,0,2,174,0,0
"192.168.1.62",65394,2,134,0,0,2,134,0,0
"fe80::f17b:6c72:fea6:5dc5",63007,2,176,0,0,2,176,0,0
"192.168.1.62",63007,2,136,0,0,2,136,0,0
"fe80::f17b:6c72:fea6:5dc5",62900,2,176,0,0,2,176,0,0
"192.168.1.62",62900,2,136,0,0,2,136,0,0
"2001:14ba:a051:8c00:61b5:31a4:d1f8:cc83",56043,1,103,0,0,1,103,0,0
"2001:14ba:a051:8c00:61b5:31a4:d1f8:cc83",64841,1,103,0,0,1,103,0,0
"192.168.1.177",64841,2,194,0,0,1,83,1,111
"192.168.1.177",56043,2,182,0,0,1,83,1,99
"2001:14ba:a051:8c00:61b5:31a4:d1f8:cc83",52833,1,103,0,0,1,103,0,0
"192.168.1.177",52833,2,194,0,0,1,83,1,111
"192.168.1.177",52834,4,868,0,0,4,868,0,0
"fe80::f17b:6c72:fea6:5dc5",50627,2,174,0,0,2,174,0,0
"192.168.1.62",50627,2,134,0,0,2,134,0,0
"fe80::f17b:6c72:fea6:5dc5",59396,2,174,0,0,2,174,0,0
"192.168.1.62",59396,2,134,0,0,2,134,0,0
"fe80::f17b:6c72:fea6:5dc5",61311,4,362,0,0,4,362,0,0
"192.168.1.62",61311,4,282,0,0,4,282,0,0
"fe80::f17b:6c72:fea6:5dc5",64886,4,362,0,0,4,362,0,0
"192.168.1.62",64886,4,282,0,0,4,282,0,0
"192.168.1.62",60064,4,868,0,0,4,868,0,0
"fe80::f17b:6c72:fea6:5dc5",50874,2,186,0,0,2,186,0,0
"192.168.1.62",50874,2,146,0,0,2,146,0,0
"fe80::f17b:6c72:fea6:5dc5",54532,2,186,0,0,2,186,0,0
"192.168.1.62",54532,2,146,0,0,2,146,0,0
"fe80::f17b:6c72:fea6:5dc5",65126,2,186,0,0,2,186,0,0
"192.168.1.62",65126,2,146,0,0,2,146,0,0
"192.168.1.1",44949,6,2354,0,0,6,2354,0,0
"192.168.1.1",48374,2,884,0,0,2,884,0,0
"fe80::f17b:6c72:fea6:5dc5",65404,2,176,0,0,2,176,0,0
"192.168.1.62",65404,2,136,0,0,2,136,0,0
"fe80::f17b:6c72:fea6:5dc5",57375,2,176,0,0,2,176,0,0
"192.168.1.62",57375,2,136,0,0,2,136,0,0
"fe80::f17b:6c72:fea6:5dc5",56116,2,186,0,0,2,186,0,0
"192.168.1.62",56116,2,146,0,0,2,146,0,0
"fe80::f17b:6c72:fea6:5dc5",51566,2,176,0,0,2,176,0,0
"192.168.1.62",51566,2,136,0,0,2,136,0,0
"fe80::f17b:6c72:fea6:5dc5",57012,2,176,0,0,2,176,0,0
"192.168.1.62",57012,2,136,0,0,2,136,0,0
"192.168.1.1",40658,6,2354,0,0,6,2354,0,0
"192.168.1.1",36752,2,884,0,0,2,884,0,0
"fe80::f17b:6c72:fea6:5dc5",54504,2,186,0,0,2,186,0,0
"192.168.1.62",54504,2,146,0,0,2,146,0,0
"fe80::f17b:6c72:fea6:5dc5",61961,2,186,0,0,2,186,0,0
"192.168.1.62",61961,2,146,0,0,2,146,0,0
"fe80::f17b:6c72:fea6:5dc5",54614,4,372,0,0,4,372,0,0
"192.168.1.62",54614,4,292,0,0,4,292,0,0
"fe80::f17b:6c72:fea6:5dc5",57069,2,186,0,0,2,186,0,0
"192.168.1.62",57069,2,146,0,0,2,146,0,0
"fe80::f17b:6c72:fea6:5dc5",54418,1,93,0,0,1,93,0,0
"192.168.1.62",54418,1,73,0,0,1,73,0,0
"fe80::f17b:6c72:fea6:5dc5",54369,1,93,0,0,1,93,0,0
"192.168.1.62",54369,1,73,0,0,1,73,0,0
"fe80::f17b:6c72:fea6:5dc5",49710,1,93,0,0,1,93,0,0
"fe80::f17b:6c72:fea6:5dc5",58452,1,93,0,0,1,93,0,0
"192.168.1.62",49710,2,146,0,0,2,146,0,0
"192.168.1.62",58452,2,146,0,0,2,146,0,0
"fe80::3c64:85d8:f884:544c",52837,14,10052,0,0,14,10052,0,0
"192.168.1.177",52836,14,9772,0,0,14,9772,0,0
"fe80::f17b:6c72:fea6:5dc5",50979,2,186,0,0,2,186,0,0
"192.168.1.62",50979,2,146,0,0,2,146,0,0
"fe80::f17b:6c72:fea6:5dc5",53611,2,186,0,0,2,186,0,0
"192.168.1.62",53611,2,146,0,0,2,146,0,0
"192.168.1.1",42158,1,92,0,0,1,92,0,0
"192.168.1.1",34197,6,2354,0,0,6,2354,0,0
"192.168.1.1",55347,2,884,0,0,2,884,0,0
"2001:14ba:a051:8c00:61b5:31a4:d1f8:cc83",61062,1,92,0,0,1,92,0,0
"2001:14ba:a051:8c00:61b5:31a4:d1f8:cc83",59566,1,92,0,0,1,92,0,0
"192.168.1.177",61062,2,361,0,0,1,72,1,289
"192.168.1.177",59566,2,405,0,0,1,72,1,333
"fe80::f17b:6c72:fea6:5dc5",54134,6,546,0,0,6,546,0,0
"192.168.1.62",54134,6,426,0,0,6,426,0,0
"fe80::f17b:6c72:fea6:5dc5",49178,2,186,0,0,2,186,0,0
"192.168.1.62",49178,2,146,0,0,2,146,0,0
"fe80::f17b:6c72:fea6:5dc5",57162,2,186,0,0,2,186,0,0
"192.168.1.62",57162,2,146,0,0,2,146,0,0
"fe80::f17b:6c72:fea6:5dc5",53317,2,186,0,0,2,186,0,0
"192.168.1.62",53317,2,146,0,0,2,146,0,0
"fe80::f17b:6c72:fea6:5dc5",50642,2,186,0,0,2,186,0,0
"192.168.1.62",50642,2,146,0,0,2,146,0,0
"fe80::f17b:6c72:fea6:5dc5",60938,2,186,0,0,2,186,0,0
"fe80::f17b:6c72:fea6:5dc5",63495,2,186,0,0,2,186,0,0
"192.168.1.62",60938,2,146,0,0,2,146,0,0
"192.168.1.62",63495,2,146,0,0,2,146,0,0
"fe80::f17b:6c72:fea6:5dc5",56485,4,372,0,0,4,372,0,0
"192.168.1.62",56485,4,292,0,0,4,292,0,0
"192.168.1.1",37045,6,2354,0,0,6,2354,0,0
"192.168.1.1",60215,2,884,0,0,2,884,0,0
"fe80::f17b:6c72:fea6:5dc5",52778,4,372,0,0,4,372,0,0
"192.168.1.62",52778,4,292,0,0,4,292,0,0
"fe80::f17b:6c72:fea6:5dc5",57686,2,186,0,0,2,186,0,0
"192.168.1.62",57686,2,146,0,0,2,146,0,0
"fe80::f17b:6c72:fea6:5dc5",56232,2,186,0,0,2,186,0,0
"192.168.1.62",56232,2,146,0,0,2,146,0,0
"fe80::f17b:6c72:fea6:5dc5",58213,4,372,0,0,4,372,0,0
"192.168.1.62",58213,4,292,0,0,4,292,0,0
"fe80::f17b:6c72:fea6:5dc5",50085,2,186,0,0,2,186,0,0
"192.168.1.62",50085,2,146,0,0,2,146,0,0
"fe80::f17b:6c72:fea6:5dc5",60005,2,186,0,0,2,186,0,0
"192.168.1.62",60005,2,146,0,0,2,146,0,0
"192.168.1.253",59382,4,868,0,0,4,868,0,0
"fe80::f17b:6c72:fea6:5dc5",55914,2,186,0,0,2,186,0,0
"192.168.1.62",55914,2,146,0,0,2,146,0,0
"fe80::f17b:6c72:fea6:5dc5",54573,2,186,0,0,2,186,0,0
"192.168.1.62",54573,2,146,0,0,2,146,0,0
"192.168.1.1",45866,1,353,0,0,1,353,0,0
"192.168.1.1",50494,1,425,0,0,1,425,0,0
"192.168.1.1",50188,1,362,0,0,1,362,0,0
"192.168.1.1",48976,1,417,0,0,1,417,0,0
"192.168.1.1",36324,1,349,0,0,1,349,0,0
"192.168.1.1",33170,1,310,0,0,1,310,0,0
"192.168.1.1",46678,1,433,0,0,1,433,0,0
"192.168.1.1",33473,2,802,0,0,2,802,0,0
"192.168.1.1",33640,1,310,0,0,1,310,0,0
"192.168.1.1",52840,1,427,0,0,1,427,0,0
"192.168.1.1",37829,1,415,0,0,1,415,0,0
"192.168.1.1",40756,1,353,0,0,1,353,0,0
"192.168.1.1",59682,1,425,0,0,1,425,0,0
"192.168.1.1",42139,1,362,0,0,1,362,0,0
"192.168.1.1",55061,1,417,0,0,1,417,0,0
"192.168.1.1",59352,1,349,0,0,1,349,0,0
"192.168.1.1",36003,1,310,0,0,1,310,0,0
"192.168.1.1",33579,1,433,0,0,1,433,0,0
"192.168.1.1",55276,1,369,0,0,1,369,0,0
"192.168.1.1",33066,1,310,0,0,1,310,0,0
"192.168.1.1",56883,1,427,0,0,1,427,0,0
"192.168.1.1",53000,1,415,0,0,1,415,0,0
"192.168.1.1",47378,1,353,0,0,1,353,0,0
"192.168.1.1",57919,1,425,0,0,1,425,0,0
"192.168.1.1",58776,1,362,0,0,1,362,0,0
"192.168.1.1",33385,1,417,0,0,1,417,0,0
"192.168.1.1",36630,1,349,0,0,1,349,0,0
"192.168.1.1",40846,1,310,0,0,1,310,0,0
"192.168.1.1",34793,1,433,0,0,1,433,0,0
"192.168.1.1",38084,1,369,0,0,1,369,0,0
"192.168.1.1",42918,1,310,0,0,1,310,0,0
"192.168.1.1",51648,1,427,0,0,1,427,0,0
"192.168.1.1",40380,1,415,0,0,1,415,0,0
"fe80::f17b:6c72:fea6:5dc5",59652,2,186,0,0,2,186,0,0
"192.168.1.62",59652,2,146,0,0,2,146,0,0
"fe80::f17b:6c72:fea6:5dc5",51361,2,186,0,0,2,186,0,0
"192.168.1.62",51361,6,1014,0,0,6,1014,0,0
"192.168.1.1",49964,6,2354,0,0,6,2354,0,0
"192.168.1.1",40363,2,884,0,0,2,884,0,0
"fe80::f17b:6c72:fea6:5dc5",52115,2,186,0,0,2,186,0,0
"192.168.1.62",52115,2,146,0,0,2,146,0,0
"fe80::f17b:6c72:fea6:5dc5",50458,2,186,0,0,2,186,0,0
"192.168.1.62",50458,2,146,0,0,2,146,0,0
"fe80::f17b:6c72:fea6:5dc5",64359,6,548,0,0,6,548,0,0
"192.168.1.62",64359,6,428,0,0,6,428,0,0
"fe80::f17b:6c72:fea6:5dc5",49180,2,186,0,0,2,186,0,0
"192.168.1.62",49180,2,146,0,0,2,146,0,0
"192.168.1.1",57353,6,2354,0,0,6,2354,0,0
"192.168.1.1",52694,2,884,0,0,2,884,0,0
"fe80::f17b:6c72:fea6:5dc5",57334,2,186,0,0,2,186,0,0
"192.168.1.62",57334,2,146,0,0,2,146,0,0
"fe80::f17b:6c72:fea6:5dc5",60192,4,372,0,0,4,372,0,0
"192.168.1.62",60192,4,292,0,0,4,292,0,0
"fe80::f17b:6c72:fea6:5dc5",57234,2,186,0,0,2,186,0,0
"192.168.1.62",57234,2,146,0,0,2,146,0,0
"fe80::f17b:6c72:fea6:5dc5",56981,2,186,0,0,2,186,0,0
"192.168.1.62",56981,2,146,0,0,2,146,0,0
"fe80::f17b:6c72:fea6:5dc5",60082,2,186,0,0,2,186,0,0
"192.168.1.62",60082,2,146,0,0,2,146,0,0
"fe80::f17b:6c72:fea6:5dc5",50393,2,186,0,0,2,186,0,0
"192.168.1.62",50393,2,146,0,0,2,146,0,0
"fe80::f17b:6c72:fea6:5dc5",53736,2,186,0,0,2,186,0,0
"192.168.1.62",53736,2,146,0,0,2,146,0,0
"fe80::f17b:6c72:fea6:5dc5",55534,2,186,0,0,2,186,0,0
"192.168.1.62",55534,2,146,0,0,2,146,0,0
"fe80::f17b:6c72:fea6:5dc5",55031,2,186,0,0,2,186,0,0
"192.168.1.62",55031,2,146,0,0,2,146,0,0
"fe80::f17b:6c72:fea6:5dc5",53106,4,372,0,0,4,372,0,0
"192.168.1.62",53106,4,292,0,0,4,292,0,0
"fe80::f17b:6c72:fea6:5dc5",52459,2,186,0,0,2,186,0,0
"192.168.1.62",52459,2,146,0,0,2,146,0,0
"fe80::f17b:6c72:fea6:5dc5",58517,2,186,0,0,2,186,0,0
"192.168.1.62",58517,2,146,0,0,2,146,0,0
"fe80::f17b:6c72:fea6:5dc5",64577,2,186,0,0,2,186,0,0
"192.168.1.62",64577,2,146,0,0,2,146,0,0
"192.168.1.1",49122,6,2354,0,0,6,2354,0,0
"192.168.1.1",49032,2,884,0,0,2,884,0,0
"fe80::f17b:6c72:fea6:5dc5",55558,2,186,0,0,2,186,0,0
"192.168.1.62",55558,2,146,0,0,2,146,0,0
"fe80::f17b:6c72:fea6:5dc5",53088,2,186,0,0,2,186,0,0
"192.168.1.62",53088,2,146,0,0,2,146,0,0
"192.168.1.1",34223,1,92,0,0,1,92,0,0
"192.168.1.1",60524,8,3238,0,0,8,3238,0,0
"192.168.1.1",33319,2,884,0,0,2,884,0,0
"192.168.1.103",39400,1,167,0,0,1,167,0,0
"fe80::f17b:6c72:fea6:5dc5",61085,2,186,0,0,2,186,0,0
"192.168.1.62",61085,2,146,0,0,2,146,0,0
"fe80::f17b:6c72:fea6:5dc5",60896,2,186,0,0,2,186,0,0
"192.168.1.62",60896,2,146,0,0,2,146,0,0
"fe80::f17b:6c72:fea6:5dc5",64815,4,372,0,0,4,372,0,0
"192.168.1.62",64815,4,292,0,0,4,292,0,0
"fe80::f17b:6c72:fea6:5dc5",55429,2,186,0,0,2,186,0,0
"192.168.1.62",55429,2,146,0,0,2,146,0,0
"fe80::f17b:6c72:fea6:5dc5",65058,4,372,0,0,4,372,0,0
"192.168.1.62",65058,4,292,0,0,4,292,0,0
"fe80::f17b:6c72:fea6:5dc5",60725,2,186,0,0,2,186,0,0
"192.168.1.62",60725,2,146,0,0,2,146,0,0
"fe80::f17b:6c72:fea6:5dc5",63109,2,186,0,0,2,186,0,0
"192.168.1.62",63109,2,146,0,0,2,146,0,0
"192.168.1.1",35301,6,2354,0,0,6,2354,0,0
"192.168.1.1",55011,2,884,0,0,2,884,0,0
"fe80::f17b:6c72:fea6:5dc5",59019,2,186,0,0,2,186,0,0
"192.168.1.62",59019,2,146,0,0,2,146,0,0
"fe80::f17b:6c72:fea6:5dc5",62571,4,372,0,0,4,372,0,0
"192.168.1.62",62571,4,292,0,0,4,292,0,0
"fe80::f17b:6c72:fea6:5dc5",49793,2,186,0,0,2,186,0,0
"192.168.1.62",49793,2,146,0,0,2,146,0,0
"2001:14ba:a051:8c00:61b5:31a4:d1f8:cc83",64405,1,103,0,0,1,103,0,0
"2001:14ba:a051:8c00:61b5:31a4:d1f8:cc83",52719,1,103,0,0,1,103,0,0
"192.168.1.177",64405,2,263,0,0,1,83,1,180
"192.168.1.177",52719,2,275,0,0,1,83,1,192
"fe80::f17b:6c72:fea6:5dc5",50738,2,186,0,0,2,186,0,0
"192.168.1.62",50738,2,146,0,0,2,146,0,0
"fe80::f17b:6c72:fea6:5dc5",56464,2,186,0,0,2,186,0,0
"192.168.1.62",56464,2,146,0,0,2,146,0,0
"fe80::f17b:6c72:fea6:5dc5",64932,4,372,0,0,4,372,0,0
"192.168.1.62",64932,4,292,0,0,4,292,0,0
"192.168.1.1",52601,6,2354,0,0,6,2354,0,0
"fe80::f17b:6c72:fea6:5dc5",60245,2,186,0,0,2,186,0,0
"192.168.1.62",60245,2,146,0,0,2,146,0,0
"fe80::f17b:6c72:fea6:5dc5",62496,2,186,0,0,2,186,0,0
"192.168.1.62",62496,2,146,0,0,2,146,0,0
"fe80::f17b:6c72:fea6:5dc5",49751,2,186,0,0,2,186,0,0
"192.168.1.62",49751,2,146,0,0,2,146,0,0
"fe80::f17b:6c72:fea6:5dc5",53686,2,186,0,0,2,186,0,0
"192.168.1.62",53686,2,146,0,0,2,146,0,0
"192.168.1.1",43858,2,884,0,0,2,884,0,0
"fe80::f17b:6c72:fea6:5dc5",58059,2,186,0,0,2,186,0,0
"192.168.1.62",58059,2,146,0,0,2,146,0,0
"fe80::f17b:6c72:fea6:5dc5",53268,2,186,0,0,2,186,0,0
"192.168.1.62",53268,2,146,0,0,2,146,0,0
"fe80::f17b:6c72:fea6:5dc5",60894,4,372,0,0,4,372,0,0
"192.168.1.62",60894,4,292,0,0,4,292,0,0
"fe80::f17b:6c72:fea6:5dc5",50018,4,372,0,0,4,372,0,0
"192.168.1.62",50018,4,292,0,0,4,292,0,0
"192.168.1.177",52720,4,848,0,0,4,848,0,0
"fe80::f17b:6c72:fea6:5dc5",65299,4,372,0,0,4,372,0,0
"192.168.1.62",65299,4,292,0,0,4,292,0,0
"fe80::f17b:6c72:fea6:5dc5",57743,2,186,0,0,2,186,0,0
"192.168.1.62",57743,2,146,0,0,2,146,0,0
"fe80::f17b:6c72:fea6:5dc5",64418,2,186,0,0,2,186,0,0
"192.168.1.62",64418,2,146,0,0,2,146,0,0
"fe80::f17b:6c72:fea6:5dc5",55286,2,186,0,0,2,186,0,0
"192.168.1.62",55286,2,146,0,0,2,146,0,0
"192.168.1.1",38098,6,2354,0,0,6,2354,0,0
"192.168.1.1",54256,2,884,0,0,2,884,0,0
"fe80::f17b:6c72:fea6:5dc5",58490,2,186,0,0,2,186,0,0
"192.168.1.62",58490,2,146,0,0,2,146,0,0
"fe80::f17b:6c72:fea6:5dc5",64352,2,186,0,0,2,186,0,0
"192.168.1.62",64352,2,146,0,0,2,146,0,0
"fe80::f17b:6c72:fea6:5dc5",52231,4,372,0,0,4,372,0,0
"192.168.1.62",52231,4,292,0,0,4,292,0,0
"fe80::f17b:6c72:fea6:5dc5",51764,2,186,0,0,2,186,0,0
"192.168.1.62",51764,2,146,0,0,2,146,0,0
"fe80::f17b:6c72:fea6:5dc5",61547,4,372,0,0,4,372,0,0
"192.168.1.62",61547,4,292,0,0,4,292,0,0
"fe80::f17b:6c72:fea6:5dc5",63253,2,186,0,0,2,186,0,0
"192.168.1.62",63253,2,146,0,0,2,146,0,0
"fe80::f17b:6c72:fea6:5dc5",57905,4,372,0,0,4,372,0,0
"192.168.1.62",57905,4,292,0,0,4,292,0,0
"192.168.1.1",52659,6,2354,0,0,6,2354,0,0
"192.168.1.1",58504,2,884,0,0,2,884,0,0
"192.168.1.1",34446,1,92,0,0,1,92,0,0
"fe80::f17b:6c72:fea6:5dc5",63560,1,93,0,0,1,93,0,0
"192.168.1.62",63560,2,146,0,0,2,146,0,0
"fe80::f17b:6c72:fea6:5dc5",49987,1,93,0,0,1,93,0,0
"192.168.1.62",49987,2,146,0,0,2,146,0,0
"fe80::f17b:6c72:fea6:5dc5",60256,1,93,0,0,1,93,0,0
"fe80::f17b:6c72:fea6:5dc5",56894,1,93,0,0,1,93,0,0
"192.168.1.62",60256,2,146,0,0,2,146,0,0
"192.168.1.62",56894,2,146,0,0,2,146,0,0
"fe80::f17b:6c72:fea6:5dc5",57648,2,186,0,0,2,186,0,0
"192.168.1.62",57648,2,146,0,0,2,146,0,0
"fe80::f17b:6c72:fea6:5dc5",62473,2,186,0,0,2,186,0,0
"fe80::f17b:6c72:fea6:5dc5",54460,2,186,0,0,2,186,0,0
"192.168.1.62",62473,2,146,0,0,2,146,0,0
"192.168.1.62",54460,2,146,0,0,2,146,0,0
"fe80::f17b:6c72:fea6:5dc5",56245,1,93,0,0,1,93,0,0
"192.168.1.62",56245,1,73,0,0,1,73,0,0
"fe80::f17b:6c72:fea6:5dc5",62450,2,186,0,0,2,186,0,0
"192.168.1.62",62450,1,73,0,0,1,73,0,0
"fe80::f17b:6c72:fea6:5dc5",57510,2,186,0,0,2,186,0,0
"192.168.1.62",57510,1,73,0,0,1,73,0,0
"2001:14ba:a051:8c00:61b5:31a4:d1f8:cc83",52178,1,104,0,0,1,104,0,0
"192.168.1.177",52178,2,215,0,0,1,84,1,131
"2001:14ba:a051:8c00:61b5:31a4:d1f8:cc83",56385,1,111,0,0,1,111,0,0
"192.168.1.177",56385,2,198,0,0,1,91,1,107
"fe80::f17b:6c72:fea6:5dc5",54433,2,186,0,0,2,186,0,0
"192.168.1.62",54433,2,146,0,0,2,146,0,0
"fe80::f17b:6c72:fea6:5dc5",62005,2,186,0,0,2,186,0,0
"192.168.1.62",62005,2,146,0,0,2,146,0,0
"192.168.1.177",56386,4,868,0,0,4,868,0,0
"192.168.1.62",62007,4,868,0,0,4,868,0,0
"192.168.1.1",45188,6,2354,0,0,6,2354,0,0
"192.168.1.1",51779,2,884,0,0,2,884,0,0
"192.168.1.1",34939,6,2354,0,0,6,2354,0,0
"192.168.1.1",47057,2,884,0,0,2,884,0,0
"fe80::f17b:6c72:fea6:5dc5",50985,2,186,0,0,2,186,0,0
"192.168.1.62",50985,2,146,0,0,2,146,0,0
"fe80::f17b:6c72:fea6:5dc5",52971,4,372,0,0,4,372,0,0
"192.168.1.62",52971,4,292,0,0,4,292,0,0
"fe80::f17b:6c72:fea6:5dc5",63036,2,186,0,0,2,186,0,0
"192.168.1.62",63036,2,146,0,0,2,146,0,0
"fe80::f17b:6c72:fea6:5dc5",50440,1,93,0,0,1,93,0,0
"192.168.1.62",50440,1,73,0,0,1,73,0,0
"fe80::f17b:6c72:fea6:5dc5",62733,2,186,0,0,2,186,0,0
"192.168.1.62",62733,2,146,0,0,2,146,0,0
"fe80::f17b:6c72:fea6:5dc5",54185,4,372,0,0,4,372,0,0
"192.168.1.62",54185,4,292,0,0,4,292,0,0
"192.168.1.1",38943,6,2354,0,0,6,2354,0,0
"192.168.1.1",51074,2,884,0,0,2,884,0,0
"fe80::f17b:6c72:fea6:5dc5",60842,4,372,0,0,4,372,0,0
"192.168.1.62",60842,4,292,0,0,4,292,0,0
"fe80::f17b:6c72:fea6:5dc5",60577,2,186,0,0,2,186,0,0
"192.168.1.62",60577,2,146,0,0,2,146,0,0
"fe80::f17b:6c72:fea6:5dc5",57312,2,186,0,0,2,186,0,0
"192.168.1.62",57312,2,146,0,0,2,146,0,0
"fe80::f17b:6c72:fea6:5dc5",52979,2,186,0,0,2,186,0,0
"192.168.1.62",52979,2,146,0,0,2,146,0,0
"2001:14ba:a051:8c00:61b5:31a4:d1f8:cc83",57533,1,107,0,0,1,107,0,0
"192.168.1.177",57533,2,190,0,0,1,87,1,103
"fe80::f17b:6c72:fea6:5dc5",63423,2,186,0,0,2,186,0,0
"192.168.1.62",63423,2,146,0,0,2,146,0,0
"fe80::f17b:6c72:fea6:5dc5",52358,2,186,0,0,2,186,0,0
"192.168.1.62",52358,2,146,0,0,2,146,0,0
"fe80::f17b:6c72:fea6:5dc5",49691,2,186,0,0,2,186,0,0
"192.168.1.62",49691,2,146,0,0,2,146,0,0
"192.168.1.1",36448,6,2354,0,0,6,2354,0,0
"192.168.1.1",40309,2,884,0,0,2,884,0,0
"fe80::f17b:6c72:fea6:5dc5",61986,2,186,0,0,2,186,0,0
"192.168.1.62",61986,2,146,0,0,2,146,0,0
"fe80::f17b:6c72:fea6:5dc5",55545,2,186,0,0,2,186,0,0
"192.168.1.62",55545,2,146,0,0,2,146,0,0
"fe80::f17b:6c72:fea6:5dc5",53777,2,186,0,0,2,186,0,0
"192.168.1.62",53777,2,146,0,0,2,146,0,0
"2001:14ba:a051:8c00:61b5:31a4:d1f8:cc83",62540,2,192,0,0,2,192,0,0
"192.168.1.177",62540,2,186,0,0,1,76,1,110
"2001:14ba:a051:8c00:61b5:31a4:d1f8:cc83",55672,1,96,0,0,1,96,0,0
"192.168.1.177",55672,2,168,0,0,1,76,1,92
"fe80::f17b:6c72:fea6:5dc5",54219,2,186,0,0,2,186,0,0
"192.168.1.62",54219,2,146,0,0,2,146,0,0
"fe80::f17b:6c72:fea6:5dc5",56201,4,372,0,0,4,372,0,0
"192.168.1.62",56201,4,292,0,0,4,292,0,0
"2001:14ba:a051:8c00:61b5:31a4:d1f8:cc83",49890,2,224,0,0,2,224,0,0
"2001:14ba:a051:8c00:61b5:31a4:d1f8:cc83",53987,2,224,0,0,2,224,0,0
"192.168.1.62",59820,1,73,0,0,1,73,0,0
"fe80::f17b:6c72:fea6:5dc5",53038,5,465,0,0,5,465,0,0
"192.168.1.177",49890,2,200,0,0,1,92,1,108
"192.168.1.177",53987,2,184,0,0,1,92,1,92
"2001:14ba:a051:8c00:61b5:31a4:d1f8:cc83",53283,1,112,0,0,1,112,0,0
"192.168.1.177",53988,135,116442,0,0,30,7940,105,108502
"192.168.1.253",59387,4,868,0,0,4,868,0,0
"192.168.1.177",53283,2,200,0,0,1,92,1,108
"2001:14ba:a051:8c00:61b5:31a4:d1f8:cc83",62677,1,112,0,0,1,112,0,0
"192.168.1.177",62677,2,184,0,0,1,92,1,92
"fe80::f17b:6c72:fea6:5dc5",56769,2,186,0,0,2,186,0,0
"192.168.1.62",56769,2,146,0,0,2,146,0,0
"fe80::f17b:6c72:fea6:5dc5",55537,2,186,0,0,2,186,0,0
"192.168.1.62",55537,2,146,0,0,2,146,0,0
"192.168.1.1",44049,6,2354,0,0,6,2354,0,0
"192.168.1.1",36648,2,884,0,0,2,884,0,0
"fe80::f17b:6c72:fea6:5dc5",51712,2,186,0,0,2,186,0,0
"192.168.1.62",51712,2,146,0,0,2,146,0,0
"fe80::f17b:6c72:fea6:5dc5",56563,2,186,0,0,2,186,0,0
"192.168.1.62",56563,2,146,0,0,2,146,0,0
"fe80::f17b:6c72:fea6:5dc5",53518,2,186,0,0,2,186,0,0
"192.168.1.62",53518,2,146,0,0,2,146,0,0
"fe80::f17b:6c72:fea6:5dc5",57673,3,279,0,0,3,279,0,0
"192.168.1.62",57673,3,219,0,0,3,219,0,0
"192.168.1.1",46530,1,92,0,0,1,92,0,0
"192.168.1.1",34115,6,2354,0,0,6,2354,0,0
"fe80::f17b:6c72:fea6:5dc5",54729,2,186,0,0,2,186,0,0
"192.168.1.62",54729,2,146,0,0,2,146,0,0
"192.168.1.1",35692,2,884,0,0,2,884,0,0
"fe80::f17b:6c72:fea6:5dc5",58692,4,372,0,0,4,372,0,0
"192.168.1.62",58692,4,292,0,0,4,292,0,0
"fe80::f17b:6c72:fea6:5dc5",63944,2,186,0,0,2,186,0,0
"192.168.1.62",63944,2,146,0,0,2,146,0,0
"fe80::f17b:6c72:fea6:5dc5",57138,2,186,0,0,2,186,0,0
"192.168.1.62",57138,2,146,0,0,2,146,0,0
"fe80::f17b:6c72:fea6:5dc5",53168,2,186,0,0,2,186,0,0
"192.168.1.62",53168,2,146,0,0,2,146,0,0
"fe80::f17b:6c72:fea6:5dc5",62453,2,186,0,0,2,186,0,0
"192.168.1.62",62453,2,146,0,0,2,146,0,0
"fe80::f17b:6c72:fea6:5dc5",62334,2,186,0,0,2,186,0,0
"192.168.1.62",62334,2,146,0,0,2,146,0,0
"2001:14ba:a051:8c00:61b5:31a4:d1f8:cc83",58046,1,111,0,0,1,111,0,0
"2001:14ba:a051:8c00:61b5:31a4:d1f8:cc83",53974,1,111,0,0,1,111,0,0
"192.168.1.177",58046,2,316,0,0,1,91,1,225
"192.168.1.177",53974,2,361,0,0,1,91,1,270
"fe80::f17b:6c72:fea6:5dc5",51001,2,186,0,0,2,186,0,0
"192.168.1.62",51001,2,146,0,0,2,146,0,0
"fe80::f17b:6c72:fea6:5dc5",53933,2,186,0,0,2,186,0,0
"192.168.1.62",53933,2,146,0,0,2,146,0,0
"fe80::f17b:6c72:fea6:5dc5",60022,2,186,0,0,2,186,0,0
"192.168.1.62",60022,2,146,0,0,2,146,0,0
"fe80::f17b:6c72:fea6:5dc5",57585,4,372,0,0,4,372,0,0
"192.168.1.62",57585,4,292,0,0,4,292,0,0
"fe80::f17b:6c72:fea6:5dc5",60766,2,186,0,0,2,186,0,0
"192.168.1.62",60766,2,146,0,0,2,146,0,0
"fe80::f17b:6c72:fea6:5dc5",63821,2,186,0,0,2,186,0,0
"192.168.1.62",63821,2,146,0,0,2,146,0,0
"192.168.1.1",38475,6,2354,0,0,6,2354,0,0
"2001:14ba:a051:8c00:61b5:31a4:d1f8:cc83",56326,1,103,0,0,1,103,0,0
"2001:14ba:a051:8c00:61b5:31a4:d1f8:cc83",51991,1,103,0,0,1,103,0,0
"192.168.1.177",51991,2,194,0,0,1,83,1,111
"192.168.1.177",56326,2,182,0,0,1,83,1,99
"2001:14ba:a051:8c00:61b5:31a4:d1f8:cc83",62177,1,103,0,0,1,103,0,0
"192.168.1.177",62177,2,182,0,0,1,83,1,99
"2001:14ba:a051:8c00:61b5:31a4:d1f8:cc83",49323,1,103,0,0,1,103,0,0
"192.168.1.177",49323,2,194,0,0,1,83,1,111
"192.168.1.1",39093,2,884,0,0,2,884,0,0
"192.168.1.1",47728,6,2354,0,0,6,2354,0,0
"192.168.1.1",39760,3,1317,0,0,3,1317,0,0
"fe80::f17b:6c72:fea6:5dc5",63328,4,372,0,0,4,372,0,0
"192.168.1.62",63328,4,292,0,0,4,292,0,0
"fe80::f17b:6c72:fea6:5dc5",56624,2,186,0,0,2,186,0,0
"192.168.1.62",56624,2,146,0,0,2,146,0,0
"fe80::f17b:6c72:fea6:5dc5",60433,2,186,0,0,2,186,0,0
"192.168.1.62",60433,2,146,0,0,2,146,0,0
"fe80::f17b:6c72:fea6:5dc5",58406,2,186,0,0,2,186,0,0
"192.168.1.62",58406,2,146,0,0,2,146,0,0
"fe80::f17b:6c72:fea6:5dc5",51264,1,93,0,0,1,93,0,0
"192.168.1.62",51264,1,73,0,0,1,73,0,0
"fe80::f17b:6c72:fea6:5dc5",51023,1,93,0,0,1,93,0,0
"192.168.1.62",51023,1,73,0,0,1,73,0,0
"fe80::f17b:6c72:fea6:5dc5",54357,2,186,0,0,2,186,0,0
"192.168.1.62",54357,1,73,0,0,1,73,0,0
"fe80::f17b:6c72:fea6:5dc5",60121,2,186,0,0,2,186,0,0
"192.168.1.62",60121,2,146,0,0,2,146,0,0
"fe80::f17b:6c72:fea6:5dc5",49353,2,186,0,0,2,186,0,0
"192.168.1.62",49353,2,146,0,0,2,146,0,0
"fe80::f17b:6c72:fea6:5dc5",50414,2,186,0,0,2,186,0,0
"192.168.1.62",50414,2,146,0,0,2,146,0,0
"fe80::f17b:6c72:fea6:5dc5",57614,4,372,0,0,4,372,0,0
"192.168.1.62",57614,3,219,0,0,3,219,0,0
"fe80::f17b:6c72:fea6:5dc5",58917,2,186,0,0,2,186,0,0
"192.168.1.62",58917,2,146,0,0,2,146,0,0
"192.168.1.1",37450,6,2354,0,0,6,2354,0,0
"192.168.1.1",34384,2,884,0,0,2,884,0,0
"fe80::f17b:6c72:fea6:5dc5",54180,2,186,0,0,2,186,0,0
"192.168.1.62",54180,2,146,0,0,2,146,0,0
"fe80::f17b:6c72:fea6:5dc5",50686,2,186,0,0,2,186,0,0
"192.168.1.62",50686,2,146,0,0,2,146,0,0
"fe80::f17b:6c72:fea6:5dc5",61460,2,186,0,0,2,186,0,0
"192.168.1.62",61460,2,146,0,0,2,146,0,0
"fe80::f17b:6c72:fea6:5dc5",51743,2,186,0,0,2,186,0,0
"192.168.1.62",51743,2,146,0,0,2,146,0,0
"fe80::f17b:6c72:fea6:5dc5",50475,4,372,0,0,4,372,0,0
"192.168.1.62",50475,4,292,0,0,4,292,0,0
"fe80::f17b:6c72:fea6:5dc5",58759,2,186,0,0,2,186,0,0
"fe80::f17b:6c72:fea6:5dc5",57488,2,186,0,0,2,186,0,0
"192.168.1.62",58759,2,146,0,0,2,146,0,0
"192.168.1.62",57488,2,146,0,0,2,146,0,0
"fe80::f17b:6c72:fea6:5dc5",65272,4,372,0,0,4,372,0,0
"192.168.1.62",65272,4,292,0,0,4,292,0,0
"192.168.1.1",52104,6,2354,0,0,6,2354,0,0
"192.168.1.1",49729,2,884,0,0,2,884,0,0
"fe80::f17b:6c72:fea6:5dc5",58974,2,186,0,0,2,186,0,0
"192.168.1.62",58974,2,146,0,0,2,146,0,0
"fe80::f17b:6c72:fea6:5dc5",65483,2,186,0,0,2,186,0,0
"192.168.1.62",65483,2,146,0,0,2,146,0,0
"192.168.1.177",49324,4,848,0,0,4,848,0,0
"192.168.1.1",47645,1,92,0,0,1,92,0,0
"fe80::f17b:6c72:fea6:5dc5",60729,2,186,0,0,2,186,0,0
"192.168.1.62",60729,2,146,0,0,2,146,0,0
"fe80::f17b:6c72:fea6:5dc5",51084,2,186,0,0,2,186,0,0
"192.168.1.62",51084,2,146,0,0,2,146,0,0
"fe80::f17b:6c72:fea6:5dc5",54174,2,186,0,0,2,186,0,0
"192.168.1.62",54174,2,146,0,0,2,146,0,0
"fe80::f17b:6c72:fea6:5dc5",51886,2,186,0,0,2,186,0,0
"192.168.1.62",51886,2,146,0,0,2,146,0,0
"fe80::f17b:6c72:fea6:5dc5",55174,2,186,0,0,2,186,0,0
"192.168.1.62",55174,2,146,0,0,2,146,0,0
"fe80::f17b:6c72:fea6:5dc5",58913,1,93,0,0,1,93,0,0
"192.168.1.62",58913,1,73,0,0,1,73,0,0
"192.168.1.1",54606,2,884,0,0,2,884,0,0
"fe80::f17b:6c72:fea6:5dc5",55236,2,186,0,0,2,186,0,0
"192.168.1.62",55236,2,146,0,0,2,146,0,0
"fe80::f17b:6c72:fea6:5dc5",63238,2,186,0,0,2,186,0,0
"192.168.1.62",63238,2,146,0,0,2,146,0,0
"fe80::f17b:6c72:fea6:5dc5",56763,2,186,0,0,2,186,0,0
"192.168.1.62",56763,2,146,0,0,2,146,0,0
"fe80::f17b:6c72:fea6:5dc5",65076,2,186,0,0,2,186,0,0
"192.168.1.62",65076,2,146,0,0,2,146,0,0
"fe80::f17b:6c72:fea6:5dc5",54169,2,186,0,0,2,186,0,0
"192.168.1.62",54169,2,146,0,0,2,146,0,0
"fe80::f17b:6c72:fea6:5dc5",54774,2,186,0,0,2,186,0,0
"192.168.1.62",54774,2,146,0,0,2,146,0,0
"fe80::f17b:6c72:fea6:5dc5",57684,2,186,0,0,2,186,0,0
"192.168.1.62",57684,2,146,0,0,2,146,0,0
"fe80::f17b:6c72:fea6:5dc5",53295,2,186,0,0,2,186,0,0
"192.168.1.62",53295,2,146,0,0,2,146,0,0
"192.168.1.1",42542,6,2354,0,0,6,2354,0,0
"192.168.1.1",35083,2,884,0,0,2,884,0,0
"fe80::f17b:6c72:fea6:5dc5",60819,2,186,0,0,2,186,0,0
"192.168.1.62",60819,2,146,0,0,2,146,0,0
"fe80::f17b:6c72:fea6:5dc5",50232,2,186,0,0,2,186,0,0
"192.168.1.62",50232,2,146,0,0,2,146,0,0
"fe80::f17b:6c72:fea6:5dc5",51436,2,186,0,0,2,186,0,0
"192.168.1.62",51436,2,146,0,0,2,146,0,0
"fe80::f17b:6c72:fea6:5dc5",53086,2,186,0,0,2,186,0,0
"192.168.1.62",53086,2,146,0,0,2,146,0,0
"fe80::f17b:6c72:fea6:5dc5",58926,2,186,0,0,2,186,0,0
"192.168.1.62",58926,2,146,0,0,2,146,0,0
"fe80::f17b:6c72:fea6:5dc5",50260,2,186,0,0,2,186,0,0
"192.168.1.62",50260,2,146,0,0,2,146,0,0
"fe80::f17b:6c72:fea6:5dc5",65221,2,186,0,0,2,186,0,0
"192.168.1.62",65221,2,146,0,0,2,146,0,0
"fe80::f17b:6c72:fea6:5dc5",57444,2,186,0,0,2,186,0,0
"192.168.1.62",57444,2,146,0,0,2,146,0,0
"fe80::f17b:6c72:fea6:5dc5",60102,2,186,0,0,2,186,0,0
"192.168.1.62",60102,2,146,0,0,2,146,0,0
"192.168.1.62",60104,4,868,0,0,4,868,0,0
"fe80::f17b:6c72:fea6:5dc5",51445,2,186,0,0,2,186,0,0
"192.168.1.62",51445,2,146,0,0,2,146,0,0
"fe80::f17b:6c72:fea6:5dc5",64900,2,186,0,0,2,186,0,0
"192.168.1.62",64900,2,146,0,0,2,146,0,0
"192.168.1.1",33292,6,2354,0,0,6,2354,0,0
"192.168.1.1",49695,2,884,0,0,2,884,0,0
"192.168.1.1",40565,6,2354,0,0,6,2354,0,0
"192.168.1.1",45823,2,884,0,0,2,884,0,0
"2001:14ba:a051:8c00:61b5:31a4:d1f8:cc83",57901,1,107,0,0,1,107,0,0
"192.168.1.177",57901,2,223,0,0,1,87,1,136
"2001:14ba:a051:8c00:61b5:31a4:d1f8:cc83",49340,1,107,0,0,1,107,0,0
"192.168.1.177",49340,2,235,0,0,1,87,1,148
"2001:14ba:a051:8c00:61b5:31a4:d1f8:cc83",57804,1,107,0,0,1,107,0,0
"192.168.1.177",57804,2,207,0,0,1,87,1,120
"2001:14ba:a051:8c00:61b5:31a4:d1f8:cc83",62289,1,108,0,0,1,108,0,0
"192.168.1.177",62289,2,176,0,0,1,88,1,88
"fe80::f17b:6c72:fea6:5dc5",51047,4,372,0,0,4,372,0,0
"192.168.1.62",51047,4,292,0,0,4,292,0,0
"fe80::f17b:6c72:fea6:5dc5",56872,2,186,0,0,2,186,0,0
"192.168.1.62",56872,2,146,0,0,2,146,0,0
"fe80::f17b:6c72:fea6:5dc5",58066,2,186,0,0,2,186,0,0
"192.168.1.62",58066,2,146,0,0,2,146,0,0
"2001:14ba:a051:8c00:61b5:31a4:d1f8:cc83",64462,1,97,0,0,1,97,0,0
"2001:14ba:a051:8c00:61b5:31a4:d1f8:cc83",62140,1,97,0,0,1,97,0,0
"192.168.1.177",64462,2,259,0,0,1,77,1,182
"192.168.1.177",62140,2,296,0,0,1,77,1,219
"fe80::f17b:6c72:fea6:5dc5",49824,2,186,0,0,2,186,0,0
"192.168.1.62",49824,2,146,0,0,2,146,0,0
"fe80::f17b:6c72:fea6:5dc5",63125,2,186,0,0,2,186,0,0
"fe80::f17b:6c72:fea6:5dc5",55390,2,186,0,0,2,186,0,0
"192.168.1.62",63125,2,146,0,0,2,146,0,0
"192.168.1.62",55390,2,146,0,0,2,146,0,0
"fe80::f17b:6c72:fea6:5dc5",62297,2,186,0,0,2,186,0,0
"192.168.1.62",62297,2,146,0,0,2,146,0,0
"2001:14ba:a051:8c00:61b5:31a4:d1f8:cc83",56164,1,108,0,0,1,108,0,0
"192.168.1.177",56164,2,176,0,0,1,88,1,88
"192.168.1.1",56000,1,92,0,0,1,92,0,0
"192.168.1.1",51058,6,2354,0,0,6,2354,0,0
"2001:14ba:a051:8c00:61b5:31a4:d1f8:cc83",62380,1,100,0,0,1,100,0,0
"192.168.1.177",62380,2,160,0,0,1,80,1,80
"2001:14ba:a051:8c00:61b5:31a4:d1f8:cc83",54105,1,108,0,0,1,108,0,0
"192.168.1.177",54105,2,192,0,0,1,88,1,104
"2001:14ba:a051:8c00:61b5:31a4:d1f8:cc83",49347,1,108,0,0,1,108,0,0
"192.168.1.177",49347,2,204,0,0,1,88,1,116
"192.168.1.1",54776,2,884,0,0,2,884,0,0
"fe80::f17b:6c72:fea6:5dc5",50010,2,186,0,0,2,186,0,0
"192.168.1.62",50010,2,146,0,0,2,146,0,0
"fe80::f17b:6c72:fea6:5dc5",51512,2,186,0,0,2,186,0,0
"192.168.1.62",51512,2,146,0,0,2,146,0,0
"fe80::f17b:6c72:fea6:5dc5",58750,2,186,0,0,2,186,0,0
"192.168.1.62",58750,2,146,0,0,2,146,0,0
"fe80::f17b:6c72:fea6:5dc5",54569,2,186,0,0,2,186,0,0
"192.168.1.62",54569,2,146,0,0,2,146,0,0
"2001:14ba:a051:8c00:61b5:31a4:d1f8:cc83",53199,1,89,0,0,1,89,0,0
"2001:14ba:a051:8c00:61b5:31a4:d1f8:cc83",62167,1,89,0,0,1,89,0,0
"192.168.1.177",62167,2,138,0,0,1,69,1,69
"192.168.1.177",53199,2,154,0,0,1,69,1,85
"192.168.1.177",58814,2,154,0,0,1,69,1,85
"192.168.1.177",51831,2,138,0,0,1,69,1,69
"fe80::f17b:6c72:fea6:5dc5",50536,2,186,0,0,2,186,0,0
"192.168.1.62",50536,2,146,0,0,2,146,0,0
"fe80::f17b:6c72:fea6:5dc5",62340,2,186,0,0,2,186,0,0
"192.168.1.62",62340,2,146,0,0,2,146,0,0
"192.168.1.1",33933,6,2354,0,0,6,2354,0,0
"fe80::f17b:6c72:fea6:5dc5",55016,2,186,0,0,2,186,0,0
"192.168.1.62",55016,2,146,0,0,2,146,0,0
"fe80::f17b:6c72:fea6:5dc5",61036,2,186,0,0,2,186,0,0
"192.168.1.62",61036,2,146,0,0,2,146,0,0
"fe80::f17b:6c72:fea6:5dc5",50266,2,186,0,0,2,186,0,0
"192.168.1.62",50266,2,146,0,0,2,146,0,0
"fe80::f17b:6c72:fea6:5dc5",65193,2,186,0,0,2,186,0,0
"192.168.1.62",65193,2,146,0,0,2,146,0,0
"192.168.1.1",56826,2,884,0,0,2,884,0,0
"fe80::f17b:6c72:fea6:5dc5",61821,2,186,0,0,2,186,0,0
"192.168.1.62",61821,2,146,0,0,2,146,0,0
"fe80::f17b:6c72:fea6:5dc5",55672,2,186,0,0,2,186,0,0
"192.168.1.62",55672,2,146,0,0,2,146,0,0
"fe80::f17b:6c72:fea6:5dc5",54537,2,186,0,0,2,186,0,0
"192.168.1.62",54537,2,146,0,0,2,146,0,0
"fe80::f17b:6c72:fea6:5dc5",63248,2,186,0,0,2,186,0,0
"192.168.1.62",63248,2,146,0,0,2,146,0,0
"fe80::f17b:6c72:fea6:5dc5",52253,2,186,0,0,2,186,0,0
"192.168.1.62",52253,2,146,0,0,2,146,0,0
"192.168.1.253",58387,4,868,0,0,4,868,0,0
"fe80::f17b:6c72:fea6:5dc5",64096,2,186,0,0,2,186,0,0
"192.168.1.62",64096,2,146,0,0,2,146,0,0
"fe80::f17b:6c72:fea6:5dc5",54558,2,186,0,0,2,186,0,0
"192.168.1.62",54558,2,146,0,0,2,146,0,0
"192.168.1.1",41211,6,2354,0,0,6,2354,0,0
"192.168.1.1",40059,2,884,0,0,2,884,0,0
"fe80::f17b:6c72:fea6:5dc5",57940,4,372,0,0,4,372,0,0
"fe80::f17b:6c72:fea6:5dc5",59253,4,372,0,0,4,372,0,0
"192.168.1.62",59253,4,292,0,0,4,292,0,0
"192.168.1.62",57940,3,219,0,0,3,219,0,0
"fe80::f17b:6c72:fea6:5dc5",55349,4,372,0,0,4,372,0,0
"192.168.1.62",55349,4,292,0,0,4,292,0,0
"fe80::f17b:6c72:fea6:5dc5",55188,4,372,0,0,4,372,0,0
"192.168.1.62",55188,4,292,0,0,4,292,0,0
"fe80::f17b:6c72:fea6:5dc5",55872,2,186,0,0,2,186,0,0
"192.168.1.62",55872,2,146,0,0,2,146,0,0
"fe80::f17b:6c72:fea6:5dc5",57558,2,186,0,0,2,186,0,0
"192.168.1.62",57558,2,146,0,0,2,146,0,0
"fe80::f17b:6c72:fea6:5dc5",62559,2,186,0,0,2,186,0,0
"192.168.1.62",62559,2,146,0,0,2,146,0,0
"fe80::f17b:6c72:fea6:5dc5",57519,2,186,0,0,2,186,0,0
"192.168.1.62",57519,2,146,0,0,2,146,0,0
"192.168.1.1",57472,6,2354,0,0,6,2354,0,0
"192.168.1.1",44328,2,884,0,0,2,884,0,0
"fe80::f17b:6c72:fea6:5dc5",54165,2,186,0,0,2,186,0,0
"192.168.1.62",54165,2,146,0,0,2,146,0,0
"fe80::f17b:6c72:fea6:5dc5",58888,2,186,0,0,2,186,0,0
"192.168.1.62",58888,2,146,0,0,2,146,0,0
"fe80::f17b:6c72:fea6:5dc5",54540,2,186,0,0,2,186,0,0
"192.168.1.62",54540,2,146,0,0,2,146,0,0
"fe80::f17b:6c72:fea6:5dc5",53129,2,186,0,0,2,186,0,0
"192.168.1.62",53129,2,146,0,0,2,146,0,0
"fe80::f17b:6c72:fea6:5dc5",58393,4,372,0,0,4,372,0,0
"fe80::f17b:6c72:fea6:5dc5",56501,2,186,0,0,2,186,0,0
"192.168.1.62",56501,2,146,0,0,2,146,0,0
"192.168.1.62",58393,4,292,0,0,4,292,0,0
"fe80::f17b:6c72:fea6:5dc5",57556,2,186,0,0,2,186,0,0
"192.168.1.62",57556,2,146,0,0,2,146,0,0
"fe80::f17b:6c72:fea6:5dc5",55724,2,186,0,0,2,186,0,0
"192.168.1.62",55724,2,146,0,0,2,146,0,0
"fe80::f17b:6c72:fea6:5dc5",59943,2,186,0,0,2,186,0,0
"192.168.1.62",59943,2,146,0,0,2,146,0,0
"fe80::f17b:6c72:fea6:5dc5",54274,2,186,0,0,2,186,0,0
"192.168.1.62",54274,2,146,0,0,2,146,0,0
"fe80::f17b:6c72:fea6:5dc5",62790,2,186,0,0,2,186,0,0
"192.168.1.62",62790,2,146,0,0,2,146,0,0
"192.168.1.1",44655,6,2354,0,0,6,2354,0,0
"fe80::f17b:6c72:fea6:5dc5",56164,4,372,0,0,4,372,0,0
"192.168.1.62",56164,4,292,0,0,4,292,0,0
"fe80::f17b:6c72:fea6:5dc5",59117,2,186,0,0,2,186,0,0
"192.168.1.62",59117,2,146,0,0,2,146,0,0
"192.168.1.1",42384,2,884,0,0,2,884,0,0
"192.168.1.1",58426,6,2354,0,0,6,2354,0,0
"192.168.1.1",39856,2,884,0,0,2,884,0,0
"192.168.1.103",49548,1,167,0,0,1,167,0,0
"2001:14ba:a051:8c00:61b5:31a4:d1f8:cc83",55883,2,178,0,0,2,178,0,0
"2001:14ba:a051:8c00:61b5:31a4:d1f8:cc83",65500,2,178,0,0,2,178,0,0
"192.168.1.1",36614,1,92,0,0,1,92,0,0
"192.168.1.177",55883,2,154,0,0,1,69,1,85
"192.168.1.177",65500,2,138,0,0,1,69,1,69
"192.168.1.177",65251,2,419,0,0,1,69,1,350
"192.168.1.177",53608,2,395,0,0,1,69,1,326
"192.168.1.177",61483,2,424,0,0,1,69,1,355
"fe80::f17b:6c72:fea6:5dc5",57189,2,186,0,0,2,186,0,0
"192.168.1.62",57189,2,146,0,0,2,146,0,0
"fe80::f17b:6c72:fea6:5dc5",56279,2,186,0,0,2,186,0,0
"192.168.1.62",56279,2,146,0,0,2,146,0,0
"fe80::f17b:6c72:fea6:5dc5",65016,2,186,0,0,2,186,0,0
"192.168.1.62",65016,2,146,0,0,2,146,0,0
"fe80::f17b:6c72:fea6:5dc5",63972,2,186,0,0,2,186,0,0
"192.168.1.62",63972,2,146,0,0,2,146,0,0
"192.168.1.177",49973,2,237,0,0,1,83,1,154
"192.168.1.177",65091,2,225,0,0,1,83,1,142
"192.168.1.177",59829,2,270,0,0,1,83,1,187
"192.168.1.177",64828,2,235,0,0,1,82,1,153
"192.168.1.177",50516,2,223,0,0,1,82,1,141
"192.168.1.177",58529,2,268,0,0,1,82,1,186
"fe80::f17b:6c72:fea6:5dc5",62997,2,186,0,0,2,186,0,0
"192.168.1.62",62997,2,146,0,0,2,146,0,0
"fe80::f17b:6c72:fea6:5dc5",50410,2,186,0,0,2,186,0,0
"fe80::f17b:6c72:fea6:5dc5",58672,2,186,0,0,2,186,0,0
"192.168.1.62",58672,2,146,0,0,2,146,0,0
"192.168.1.62",50410,2,146,0,0,2,146,0,0
"fe80::f17b:6c72:fea6:5dc5",58101,4,372,0,0,4,372,0,0
"192.168.1.62",58101,4,292,0,0,4,292,0,0
"192.168.1.177",63860,2,428,0,0,1,69,1,359
"192.168.1.177",53039,2,404,0,0,1,69,1,335
"192.168.1.177",58204,4,630,0,0,2,158,2,472
"fe80::f17b:6c72:fea6:5dc5",60915,2,186,0,0,2,186,0,0
"fe80::f17b:6c72:fea6:5dc5",56129,2,186,0,0,2,186,0,0
"192.168.1.62",60915,2,146,0,0,2,146,0,0
"192.168.1.62",56129,2,146,0,0,2,146,0,0
"fe80::f17b:6c72:fea6:5dc5",50164,2,186,0,0,2,186,0,0
"192.168.1.62",50164,2,146,0,0,2,146,0,0
"192.168.1.1",51993,6,2354,0,0,6,2354,0,0
"192.168.1.177",60630,2,230,0,0,1,76,1,154
"192.168.1.177",60218,2,218,0,0,1,76,1,142
"192.168.1.177",52552,2,263,0,0,1,76,1,187
"192.168.1.177",65200,2,223,0,0,1,76,1,147
"192.168.1.177",54755,2,256,0,0,1,76,1,180
"192.168.1.1",42566,2,884,0,0,2,884,0,0
"fe80::f17b:6c72:fea6:5dc5",54449,2,186,0,0,2,186,0,0
"192.168.1.62",54449,2,146,0,0,2,146,0,0
"fe80::f17b:6c72:fea6:5dc5",53995,2,186,0,0,2,186,0,0
"192.168.1.62",53995,2,146,0,0,2,146,0,0
"fe80::f17b:6c72:fea6:5dc5",58063,2,186,0,0,2,186,0,0
"192.168.1.62",58063,2,146,0,0,2,146,0,0
"fe80::f17b:6c72:fea6:5dc5",58720,2,186,0,0,2,186,0,0
"192.168.1.62",58720,2,146,0,0,2,146,0,0
"fe80::f17b:6c72:fea6:5dc5",52656,2,186,0,0,2,186,0,0
"fe80::f17b:6c72:fea6:5dc5",59328,4,372,0,0,4,372,0,0
"192.168.1.62",52656,2,146,0,0,2,146,0,0
"192.168.1.62",59328,4,292,0,0,4,292,0,0
"fe80::f17b:6c72:fea6:5dc5",60447,2,186,0,0,2,186,0,0
"192.168.1.62",60447,2,146,0,0,2,146,0,0
"fe80::f17b:6c72:fea6:5dc5",57146,2,186,0,0,2,186,0,0
"192.168.1.62",57146,2,146,0,0,2,146,0,0
"192.168.1.1",36812,6,2354,0,0,6,2354,0,0
"192.168.1.1",58597,2,884,0,0,2,884,0,0
"fe80::f17b:6c72:fea6:5dc5",51832,2,186,0,0,2,186,0,0
"192.168.1.62",51832,2,146,0,0,2,146,0,0
"fe80::f17b:6c72:fea6:5dc5",53517,4,372,0,0,4,372,0,0
"192.168.1.62",53517,4,292,0,0,4,292,0,0
"fe80::f17b:6c72:fea6:5dc5",58068,2,186,0,0,2,186,0,0
"192.168.1.62",58068,2,146,0,0,2,146,0,0
"192.168.1.177",55259,4,848,0,0,4,848,0,0
"fe80::f17b:6c72:fea6:5dc5",62009,2,186,0,0,2,186,0,0
"192.168.1.62",62009,2,146,0,0,2,146,0,0
"fe80::f17b:6c72:fea6:5dc5",55538,4,372,0,0,4,372,0,0
"192.168.1.62",55538,4,292,0,0,4,292,0,0
"fe80::f17b:6c72:fea6:5dc5",57722,6,558,0,0,6,558,0,0
"192.168.1.62",57722,6,438,0,0,6,438,0,0
"fe80::f17b:6c72:fea6:5dc5",60942,2,186,0,0,2,186,0,0
"192.168.1.62",60942,2,146,0,0,2,146,0,0
"192.168.1.1",35553,6,2354,0,0,6,2354,0,0
"192.168.1.1",50919,2,884,0,0,2,884,0,0
"fe80::f17b:6c72:fea6:5dc5",52156,4,372,0,0,4,372,0,0
"192.168.1.62",52156,4,292,0,0,4,292,0,0
"fe80::f17b:6c72:fea6:5dc5",50362,2,186,0,0,2,186,0,0
"192.168.1.62",50362,2,146,0,0,2,146,0,0
"fe80::f17b:6c72:fea6:5dc5",52145,2,186,0,0,2,186,0,0
"192.168.1.62",52145,2,146,0,0,2,146,0,0
"fe80::f17b:6c72:fea6:5dc5",56762,2,186,0,0,2,186,0,0
"192.168.1.62",56762,2,146,0,0,2,146,0,0
"192.168.1.1",58787,6,2354,0,0,6,2354,0,0
"fe80::f17b:6c72:fea6:5dc5",59277,2,186,0,0,2,186,0,0
"192.168.1.62",59277,2,146,0,0,2,146,0,0
"fe80::f17b:6c72:fea6:5dc5",52354,2,186,0,0,2,186,0,0
"fe80::f17b:6c72:fea6:5dc5",61939,2,186,0,0,2,186,0,0
"192.168.1.62",52354,2,146,0,0,2,146,0,0
"192.168.1.62",61939,2,146,0,0,2,146,0,0
"fe80::f17b:6c72:fea6:5dc5",52945,2,186,0,0,2,186,0,0
"192.168.1.62",52945,2,146,0,0,2,146,0,0
"192.168.1.1",54344,2,884,0,0,2,884,0,0
"fe80::f17b:6c72:fea6:5dc5",63677,4,372,0,0,4,372,0,0
"192.168.1.62",63677,4,292,0,0,4,292,0,0
"fe80::f17b:6c72:fea6:5dc5",60139,2,186,0,0,2,186,0,0
"fe80::f17b:6c72:fea6:5dc5",58984,2,186,0,0,2,186,0,0
"192.168.1.62",60139,2,146,0,0,2,146,0,0
"192.168.1.62",58984,2,146,0,0,2,146,0,0
"fe80::f17b:6c72:fea6:5dc5",58331,2,186,0,0,2,186,0,0
"192.168.1.62",58331,2,146,0,0,2,146,0,0
"fe80::f17b:6c72:fea6:5dc5",60264,3,279,0,0,3,279,0,0
"192.168.1.62",60264,4,292,0,0,4,292,0,0
"fe80::f17b:6c72:fea6:5dc5",53140,2,186,0,0,2,186,0,0
"192.168.1.62",53140,2,146,0,0,2,146,0,0
"fe80::f17b:6c72:fea6:5dc5",56016,2,186,0,0,2,186,0,0
"192.168.1.62",56016,2,146,0,0,2,146,0,0
"fe80::f17b:6c72:fea6:5dc5",50968,2,186,0,0,2,186,0,0
"192.168.1.62",50968,2,146,0,0,2,146,0,0
"fe80::f17b:6c72:fea6:5dc5",54087,2,186,0,0,2,186,0,0
"192.168.1.62",54087,2,146,0,0,2,146,0,0
"fe80::f17b:6c72:fea6:5dc5",54605,2,186,0,0,2,186,0,0
"192.168.1.62",54605,2,146,0,0,2,146,0,0
"fe80::f17b:6c72:fea6:5dc5",63426,1,93,0,0,1,93,0,0
"192.168.1.62",63426,1,73,0,0,1,73,0,0
"fe80::f17b:6c72:fea6:5dc5",63620,1,93,0,0,1,93,0,0
"192.168.1.62",63620,1,73,0,0,1,73,0,0
"192.168.1.177",64808,4,868,0,0,4,868,0,0
"192.168.1.1",60767,12,4708,0,0,12,4708,0,0
"192.168.1.1",57154,2,884,0,0,2,884,0,0
"192.168.1.1",42012,1,92,0,0,1,92,0,0
"192.168.1.177",52472,2,182,0,0,1,83,1,99
"192.168.1.177",64578,2,222,0,0,1,83,1,139
"192.168.1.177",60203,4,380,0,0,2,168,2,212
"192.168.1.177",59256,2,222,0,0,1,83,1,139
"192.168.1.1",42676,6,2354,0,0,6,2354,0,0
"192.168.1.1",37921,2,884,0,0,2,884,0,0
"fe80::f17b:6c72:fea6:5dc5",52872,2,186,0,0,2,186,0,0
"192.168.1.62",52872,2,146,0,0,2,146,0,0
"fe80::f17b:6c72:fea6:5dc5",58178,2,186,0,0,2,186,0,0
"192.168.1.62",58178,2,146,0,0,2,146,0,0
"fe80::f17b:6c72:fea6:5dc5",56357,2,186,0,0,2,186,0,0
"192.168.1.62",56357,2,146,0,0,2,146,0,0
"fe80::f17b:6c72:fea6:5dc5",60877,4,372,0,0,4,372,0,0
"192.168.1.62",60877,4,292,0,0,4,292,0,0
"fe80::f17b:6c72:fea6:5dc5",53185,2,186,0,0,2,186,0,0
"192.168.1.62",53185,2,146,0,0,2,146,0,0
"fe80::f17b:6c72:fea6:5dc5",55411,2,186,0,0,2,186,0,0
"fe80::f17b:6c72:fea6:5dc5",50972,4,372,0,0,4,372,0,0
"192.168.1.62",55411,2,146,0,0,2,146,0,0
"192.168.1.62",50972,4,292,0,0,4,292,0,0
"fe80::f17b:6c72:fea6:5dc5",60333,2,186,0,0,2,186,0,0
"192.168.1.62",60333,2,146,0,0,2,146,0,0
"fe80::f17b:6c72:fea6:5dc5",60013,2,186,0,0,2,186,0,0
"192.168.1.62",60013,2,146,0,0,2,146,0,0
"fe80::f17b:6c72:fea6:5dc5",55192,2,186,0,0,2,186,0,0
"192.168.1.62",55192,2,146,0,0,2,146,0,0
"fe80::f17b:6c72:fea6:5dc5",59610,2,186,0,0,2,186,0,0
"192.168.1.62",59610,2,146,0,0,2,146,0,0
"192.168.1.1",60242,6,2354,0,0,6,2354,0,0
"192.168.1.1",47541,2,884,0,0,2,884,0,0
"fe80::f17b:6c72:fea6:5dc5",50075,2,186,0,0,2,186,0,0
"192.168.1.62",50075,2,146,0,0,2,146,0,0
"fe80::f17b:6c72:fea6:5dc5",54459,4,372,0,0,4,372,0,0
"192.168.1.62",54459,4,292,0,0,4,292,0,0
"fe80::f17b:6c72:fea6:5dc5",52640,2,186,0,0,2,186,0,0
"192.168.1.62",52640,2,146,0,0,2,146,0,0
"fe80::f17b:6c72:fea6:5dc5",57131,2,186,0,0,2,186,0,0
"192.168.1.62",57131,2,146,0,0,2,146,0,0
"fe80::f17b:6c72:fea6:5dc5",59999,2,186,0,0,2,186,0,0
"192.168.1.62",59999,2,146,0,0,2,146,0,0
"fe80::f17b:6c72:fea6:5dc5",58208,2,186,0,0,2,186,0,0
"192.168.1.62",58208,2,146,0,0,2,146,0,0
"fe80::f17b:6c72:fea6:5dc5",62634,4,372,0,0,4,372,0,0
"192.168.1.62",62634,4,292,0,0,4,292,0,0
"fe80::f17b:6c72:fea6:5dc5",57771,2,186,0,0,2,186,0,0
"192.168.1.62",57771,2,146,0,0,2,146,0,0
"192.168.1.1",56059,6,2354,0,0,6,2354,0,0
"192.168.1.1",41833,2,884,0,0,2,884,0,0
"fe80::f17b:6c72:fea6:5dc5",64060,2,186,0,0,2,186,0,0
"192.168.1.62",64060,2,146,0,0,2,146,0,0
"fe80::f17b:6c72:fea6:5dc5",49685,2,186,0,0,2,186,0,0
"192.168.1.62",49685,2,146,0,0,2,146,0,0
"fe80::f17b:6c72:fea6:5dc5",60258,2,186,0,0,2,186,0,0
"192.168.1.62",60258,2,146,0,0,2,146,0,0
"fe80::f17b:6c72:fea6:5dc5",56043,2,186,0,0,2,186,0,0
"192.168.1.62",56043,2,146,0,0,2,146,0,0
"fe80::f17b:6c72:fea6:5dc5",55454,2,186,0,0,2,186,0,0
"192.168.1.62",55454,2,146,0,0,2,146,0,0
"fe80::f17b:6c72:fea6:5dc5",57644,2,186,0,0,2,186,0,0
"192.168.1.62",57644,2,146,0,0,2,146,0,0
"fe80::f17b:6c72:fea6:5dc5",59346,2,186,0,0,2,186,0,0
"192.168.1.62",59346,2,146,0,0,2,146,0,0
"fe80::f17b:6c72:fea6:5dc5",49164,2,186,0,0,2,186,0,0
"192.168.1.62",49164,2,146,0,0,2,146,0,0
"192.168.1.253",63189,4,868,0,0,4,868,0,0
"192.168.1.1",48264,6,2354,0,0,6,2354,0,0
"192.168.1.1",51944,2,884,0,0,2,884,0,0
"fe80::f17b:6c72:fea6:5dc5",63991,2,186,0,0,2,186,0,0
"192.168.1.62",63991,2,146,0,0,2,146,0,0
"fe80::f17b:6c72:fea6:5dc5",56973,2,186,0,0,2,186,0,0
"192.168.1.62",56973,2,146,0,0,2,146,0,0
"fe80::f17b:6c72:fea6:5dc5",65117,2,186,0,0,2,186,0,0
"192.168.1.62",65117,2,146,0,0,2,146,0,0
"fe80::f17b:6c72:fea6:5dc5",51754,2,186,0,0,2,186,0,0
"192.168.1.62",51754,2,146,0,0,2,146,0,0
"fe80::f17b:6c72:fea6:5dc5",58236,2,186,0,0,2,186,0,0
"192.168.1.62",58236,2,146,0,0,2,146,0,0
"192.168.1.1",59570,6,2354,0,0,6,2354,0,0
"fe80::f17b:6c72:fea6:5dc5",61155,2,186,0,0,2,186,0,0
"192.168.1.62",61155,2,146,0,0,2,146,0,0
"fe80::f17b:6c72:fea6:5dc5",58323,2,186,0,0,2,186,0,0
"192.168.1.62",58323,2,146,0,0,2,146,0,0
"192.168.1.1",45561,2,884,0,0,2,884,0,0
"fe80::f17b:6c72:fea6:5dc5",58194,2,186,0,0,2,186,0,0
"192.168.1.62",58194,2,146,0,0,2,146,0,0
"fe80::f17b:6c72:fea6:5dc5",64106,2,186,0,0,2,186,0,0
"192.168.1.62",64106,2,146,0,0,2,146,0,0
"fe80::f17b:6c72:fea6:5dc5",54108,2,186,0,0,2,186,0,0
"192.168.1.62",54108,2,146,0,0,2,146,0,0
"fe80::f17b:6c72:fea6:5dc5",59216,4,372,0,0,4,372,0,0
"192.168.1.62",59216,4,292,0,0,4,292,0,0
"fe80::f17b:6c72:fea6:5dc5",58954,2,186,0,0,2,186,0,0
"192.168.1.62",58954,2,146,0,0,2,146,0,0
"fe80::f17b:6c72:fea6:5dc5",52258,2,186,0,0,2,186,0,0
"192.168.1.62",52258,2,146,0,0,2,146,0,0
"fe80::f17b:6c72:fea6:5dc5",56847,2,186,0,0,2,186,0,0
"192.168.1.62",56847,2,146,0,0,2,146,0,0
"fe80::f17b:6c72:fea6:5dc5",52636,2,186,0,0,2,186,0,0
"192.168.1.62",52636,2,146,0,0,2,146,0,0
"fe80::f17b:6c72:fea6:5dc5",55708,2,186,0,0,2,186,0,0
"192.168.1.62",55708,2,146,0,0,2,146,0,0
"fe80::f17b:6c72:fea6:5dc5",55306,2,186,0,0,2,186,0,0
"192.168.1.62",55306,2,146,0,0,2,146,0,0
"192.168.1.177",61677,2,200,0,0,1,92,1,108
"192.168.1.177",53260,2,242,0,0,1,92,1,150
"192.168.1.177",60349,2,200,0,0,1,92,1,108
"192.168.1.177",53261,159,118579,0,0,37,8449,122,110130
"192.168.1.177",53394,2,184,0,0,1,92,1,92
"fe80::f17b:6c72:fea6:5dc5",54469,2,186,0,0,2,186,0,0
"192.168.1.62",54469,2,146,0,0,2,146,0,0
"192.168.1.1",43014,6,2354,0,0,6,2354,0,0
"192.168.1.1",50344,2,884,0,0,2,884,0,0
"fe80::f17b:6c72:fea6:5dc5",50831,2,174,0,0,2,174,0,0
"192.168.1.62",50831,2,134,0,0,2,134,0,0
"fe80::f17b:6c72:fea6:5dc5",55719,2,174,0,0,2,174,0,0
"192.168.1.62",55719,2,134,0,0,2,134,0,0
"fe80::f17b:6c72:fea6:5dc5",52045,2,176,0,0,2,176,0,0
"192.168.1.62",52045,2,136,0,0,2,136,0,0
"fe80::f17b:6c72:fea6:5dc5",62803,2,176,0,0,2,176,0,0
"192.168.1.62",62803,2,136,0,0,2,136,0,0
"192.168.1.1",40985,1,92,0,0,1,92,0,0
"fe80::f17b:6c72:fea6:5dc5",58670,2,174,0,0,2,174,0,0
"192.168.1.62",58670,2,134,0,0,2,134,0,0
"fe80::f17b:6c72:fea6:5dc5",60571,2,176,0,0,2,176,0,0
"192.168.1.62",60571,2,136,0,0,2,136,0,0
"fe80::f17b:6c72:fea6:5dc5",64296,2,176,0,0,2,176,0,0
"192.168.1.62",64296,2,136,0,0,2,136,0,0
"192.168.1.1",58108,6,2354,0,0,6,2354,0,0
"192.168.1.1",54445,2,884,0,0,2,884,0,0
"192.168.1.177",51663,2,182,0,0,1,83,1,99
"192.168.1.177",57528,2,194,0,0,1,83,1,111
"192.168.1.177",61869,2,182,0,0,1,83,1,99
"192.168.1.177",51463,2,194,0,0,1,83,1,111
"fe80::f17b:6c72:fea6:5dc5",61749,2,186,0,0,2,186,0,0
"192.168.1.62",61749,2,146,0,0,2,146,0,0
"fe80::f17b:6c72:fea6:5dc5",53265,2,186,0,0,2,186,0,0
"192.168.1.62",53265,2,146,0,0,2,146,0,0
"fe80::f17b:6c72:fea6:5dc5",49722,2,186,0,0,2,186,0,0
"192.168.1.62",49722,2,146,0,0,2,146,0,0
"fe80::f17b:6c72:fea6:5dc5",63300,2,186,0,0,2,186,0,0
"192.168.1.62",63300,2,146,0,0,2,146,0,0
"fe80::f17b:6c72:fea6:5dc5",59571,2,186,0,0,2,186,0,0
"192.168.1.62",59571,2,146,0,0,2,146,0,0
"192.168.1.1",55940,6,2354,0,0,6,2354,0,0
"fe80::f17b:6c72:fea6:5dc5",55363,4,372,0,0,4,372,0,0
"192.168.1.62",55363,4,292,0,0,4,292,0,0
"fe80::f17b:6c72:fea6:5dc5",51291,2,186,0,0,2,186,0,0
"192.168.1.62",51291,2,146,0,0,2,146,0,0
"192.168.1.1",48366,2,884,0,0,2,884,0,0
"fe80::f17b:6c72:fea6:5dc5",52903,2,186,0,0,2,186,0,0
"192.168.1.62",52903,2,146,0,0,2,146,0,0
"fe80::f17b:6c72:fea6:5dc5",52173,2,186,0,0,2,186,0,0
"192.168.1.62",52173,2,146,0,0,2,146,0,0
"fe80::f17b:6c72:fea6:5dc5",62413,2,186,0,0,2,186,0,0
"192.168.1.62",62413,2,146,0,0,2,146,0,0
"fe80::f17b:6c72:fea6:5dc5",62632,2,186,0,0,2,186,0,0
"192.168.1.62",62632,2,146,0,0,2,146,0,0
"192.168.1.1",44645,6,2354,0,0,6,2354,0,0
"192.168.1.1",57665,2,884,0,0,2,884,0,0
"192.168.1.177",49970,4,848,0,0,4,848,0,0
"fe80::f17b:6c72:fea6:5dc5",54458,4,372,0,0,4,372,0,0
"192.168.1.62",54458,4,292,0,0,4,292,0,0
"192.168.1.1",57593,6,2354,0,0,6,2354,0,0
"192.168.1.1",47083,3,976,0,0,3,976,0,0
"fe80::f17b:6c72:fea6:5dc5",58260,2,186,0,0,2,186,0,0
"192.168.1.62",58260,2,146,0,0,2,146,0,0
"fe80::f17b:6c72:fea6:5dc5",55251,2,186,0,0,2,186,0,0
"192.168.1.62",55251,2,146,0,0,2,146,0,0
"fe80::f17b:6c72:fea6:5dc5",53344,2,186,0,0,2,186,0,0
"192.168.1.62",53344,2,146,0,0,2,146,0,0
"fe80::f17b:6c72:fea6:5dc5",59712,2,186,0,0,2,186,0,0
"192.168.1.62",59712,2,146,0,0,2,146,0,0
"192.168.1.1",55582,6,2354,0,0,6,2354,0,0
"fe80::f17b:6c72:fea6:5dc5",56388,2,186,0,0,2,186,0,0
"192.168.1.62",56388,2,146,0,0,2,146,0,0
"fe80::f17b:6c72:fea6:5dc5",58715,2,186,0,0,2,186,0,0
"192.168.1.62",58715,2,146,0,0,2,146,0,0
"fe80::f17b:6c72:fea6:5dc5",62368,4,372,0,0,4,372,0,0
"192.168.1.62",62368,4,292,0,0,4,292,0,0
"fe80::f17b:6c72:fea6:5dc5",55282,2,186,0,0,2,186,0,0
"192.168.1.62",55282,2,146,0,0,2,146,0,0
"192.168.1.1",48809,2,884,0,0,2,884,0,0
"fe80::f17b:6c72:fea6:5dc5",50691,2,186,0,0,2,186,0,0
"192.168.1.62",50691,2,146,0,0,2,146,0,0
"fe80::f17b:6c72:fea6:5dc5",64944,2,186,0,0,2,186,0,0
"fe80::f17b:6c72:fea6:5dc5",51141,2,186,0,0,2,186,0,0
"192.168.1.62",64944,2,146,0,0,2,146,0,0
"192.168.1.62",51141,2,146,0,0,2,146,0,0
"fe80::f17b:6c72:fea6:5dc5",60261,4,372,0,0,4,372,0,0
"192.168.1.62",60261,4,292,0,0,4,292,0,0
"fe80::f17b:6c72:fea6:5dc5",62070,2,186,0,0,2,186,0,0
"192.168.1.62",62070,2,146,0,0,2,146,0,0
"fe80::f17b:6c72:fea6:5dc5",61354,2,186,0,0,2,186,0,0
"192.168.1.62",61354,2,146,0,0,2,146,0,0
"fe80::f17b:6c72:fea6:5dc5",62447,2,186,0,0,2,186,0,0
"192.168.1.62",62447,2,146,0,0,2,146,0,0
"fe80::f17b:6c72:fea6:5dc5",62885,2,186,0,0,2,186,0,0
"192.168.1.62",62885,2,146,0,0,2,146,0,0
"fe80::f17b:6c72:fea6:5dc5",57994,2,186,0,0,2,186,0,0
"192.168.1.62",57994,2,146,0,0,2,146,0,0
"fe80::f17b:6c72:fea6:5dc5",53380,2,186,0,0,2,186,0,0
"192.168.1.62",53380,2,146,0,0,2,146,0,0
"fe80::f17b:6c72:fea6:5dc5",52915,2,186,0,0,2,186,0,0
"192.168.1.62",52915,2,146,0,0,2,146,0,0
"fe80::f17b:6c72:fea6:5dc5",50095,2,186,0,0,2,186,0,0
"192.168.1.62",50095,2,146,0,0,2,146,0,0
"fe80::f17b:6c72:fea6:5dc5",53839,2,186,0,0,2,186,0,0
"192.168.1.62",53839,2,146,0,0,2,146,0,0
"192.168.1.177",58874,4,868,0,0,4,868,0,0
"192.168.1.62",61485,4,868,0,0,4,868,0,0
"192.168.1.1",51096,1,92,0,0,1,92,0,0
"192.168.1.1",49639,6,2354,0,0,6,2354,0,0
"192.168.1.1",35158,2,884,0,0,2,884,0,0
"fe80::f17b:6c72:fea6:5dc5",53334,2,186,0,0,2,186,0,0
"192.168.1.62",53334,2,146,0,0,2,146,0,0
"fe80::f17b:6c72:fea6:5dc5",55832,2,186,0,0,2,186,0,0
"192.168.1.62",55832,2,146,0,0,2,146,0,0
"192.168.1.1",35759,6,2354,0,0,6,2354,0,0
"fe80::f17b:6c72:fea6:5dc5",55453,2,186,0,0,2,186,0,0
"192.168.1.62",55453,2,146,0,0,2,146,0,0
"fe80::f17b:6c72:fea6:5dc5",64016,2,186,0,0,2,186,0,0
"192.168.1.62",64016,2,146,0,0,2,146,0,0
"192.168.1.1",57794,2,884,0,0,2,884,0,0
"fe80::f17b:6c72:fea6:5dc5",53381,1,93,0,0,1,93,0,0
"192.168.1.62",53381,2,146,0,0,2,146,0,0
"fe80::f17b:6c72:fea6:5dc5",49157,1,93,0,0,1,93,0,0
"192.168.1.62",49157,1,73,0,0,1,73,0,0
"fe80::f17b:6c72:fea6:5dc5",61667,2,186,0,0,2,186,0,0
"192.168.1.62",61667,2,146,0,0,2,146,0,0
"fe80::f17b:6c72:fea6:5dc5",64494,2,186,0,0,2,186,0,0
"192.168.1.62",64494,2,146,0,0,2,146,0,0
"fe80::f17b:6c72:fea6:5dc5",54656,2,186,0,0,2,186,0,0
"192.168.1.62",54656,2,146,0,0,2,146,0,0
"fe80::f17b:6c72:fea6:5dc5",61944,2,186,0,0,2,186,0,0
"192.168.1.62",61944,2,146,0,0,2,146,0,0
"fe80::f17b:6c72:fea6:5dc5",59211,2,186,0,0,2,186,0,0
"192.168.1.62",59211,2,146,0,0,2,146,0,0
"fe80::f17b:6c72:fea6:5dc5",59823,2,186,0,0,2,186,0,0
"192.168.1.62",59823,2,146,0,0,2,146,0,0
"fe80::f17b:6c72:fea6:5dc5",51951,2,186,0,0,2,186,0,0
"192.168.1.62",51951,2,146,0,0,2,146,0,0
"fe80::f17b:6c72:fea6:5dc5",60349,2,186,0,0,2,186,0,0
"192.168.1.62",60349,2,146,0,0,2,146,0,0
"fe80::f17b:6c72:fea6:5dc5",51818,2,186,0,0,2,186,0,0
"192.168.1.62",51818,2,146,0,0,2,146,0,0
"fe80::f17b:6c72:fea6:5dc5",54370,2,186,0,0,2,186,0,0
"192.168.1.62",54370,2,146,0,0,2,146,0,0
"fe80::f17b:6c72:fea6:5dc5",65370,2,186,0,0,2,186,0,0
"192.168.1.62",65370,2,146,0,0,2,146,0,0
"fe80::f17b:6c72:fea6:5dc5",55314,2,186,0,0,2,186,0,0
"192.168.1.62",55314,2,146,0,0,2,146,0,0
"192.168.1.1",55944,6,2354,0,0,6,2354,0,0
"fe80::f17b:6c72:fea6:5dc5",58634,2,186,0,0,2,186,0,0
"192.168.1.62",58634,2,146,0,0,2,146,0,0
"192.168.1.1",41432,2,884,0,0,2,884,0,0
"fe80::f17b:6c72:fea6:5dc5",58958,2,186,0,0,2,186,0,0
"192.168.1.62",58958,2,146,0,0,2,146,0,0
"fe80::f17b:6c72:fea6:5dc5",59324,2,186,0,0,2,186,0,0
"192.168.1.62",59324,2,146,0,0,2,146,0,0
"fe80::f17b:6c72:fea6:5dc5",58187,2,186,0,0,2,186,0,0
"192.168.1.62",58187,2,146,0,0,2,146,0,0
"fe80::f17b:6c72:fea6:5dc5",61931,2,186,0,0,2,186,0,0
"192.168.1.62",61931,2,146,0,0,2,146,0,0
"192.168.1.1",39220,6,2354,0,0,6,2354,0,0
"192.168.1.1",35864,2,884,0,0,2,884,0,0
"192.168.1.1",43084,1,92,0,0,1,92,0,0
"192.168.1.177",58382,2,419,0,0,1,69,1,350
"192.168.1.177",49290,2,395,0,0,1,69,1,326
"192.168.1.177",63806,2,424,0,0,1,69,1,355
"192.168.1.177",52319,2,428,0,0,1,69,1,359
"192.168.1.177",54708,2,404,0,0,1,69,1,335
"192.168.1.177",52271,2,424,0,0,1,69,1,355
"192.168.1.253",61082,4,868,0,0,4,868,0,0
"192.168.1.1",39025,6,2354,0,0,6,2354,0,0
"192.168.1.1",44352,2,884,0,0,2,884,0,0
"fe80::f17b:6c72:fea6:5dc5",52030,2,186,0,0,2,186,0,0
"192.168.1.62",52030,2,146,0,0,2,146,0,0
"fe80::f17b:6c72:fea6:5dc5",57735,2,186,0,0,2,186,0,0
"192.168.1.62",57735,2,146,0,0,2,146,0,0
"fe80::f17b:6c72:fea6:5dc5",51835,2,186,0,0,2,186,0,0
"192.168.1.62",51835,2,146,0,0,2,146,0,0
"192.168.1.1",58220,6,2354,0,0,6,2354,0,0
"fe80::f17b:6c72:fea6:5dc5",64379,2,186,0,0,2,186,0,0
"192.168.1.62",64379,2,146,0,0,2,146,0,0
"fe80::f17b:6c72:fea6:5dc5",50402,2,186,0,0,2,186,0,0
"fe80::f17b:6c72:fea6:5dc5",52940,4,372,0,0,4,372,0,0
"192.168.1.62",52940,4,292,0,0,4,292,0,0
"192.168.1.62",50402,2,146,0,0,2,146,0,0
"fe80::f17b:6c72:fea6:5dc5",60865,2,186,0,0,2,186,0,0
"192.168.1.62",60865,2,146,0,0,2,146,0,0
"192.168.1.1",37693,2,884,0,0,2,884,0,0
"fe80::f17b:6c72:fea6:5dc5",51749,4,372,0,0,4,372,0,0
"192.168.1.62",51749,4,292,0,0,4,292,0,0
"fe80::f17b:6c72:fea6:5dc5",61612,2,186,0,0,2,186,0,0
"192.168.1.62",61612,2,146,0,0,2,146,0,0
"fe80::f17b:6c72:fea6:5dc5",62529,2,186,0,0,2,186,0,0
"192.168.1.62",62529,2,146,0,0,2,146,0,0
"fe80::f17b:6c72:fea6:5dc5",62101,4,372,0,0,4,372,0,0
"192.168.1.62",62101,4,292,0,0,4,292,0,0
"fe80::f17b:6c72:fea6:5dc5",56651,2,186,0,0,2,186,0,0
"192.168.1.62",56651,2,146,0,0,2,146,0,0
"fe80::f17b:6c72:fea6:5dc5",54718,2,186,0,0,2,186,0,0
"192.168.1.62",54718,2,146,0,0,2,146,0,0
"fe80::f17b:6c72:fea6:5dc5",65177,2,186,0,0,2,186,0,0
"192.168.1.62",65177,2,146,0,0,2,146,0,0
"fe80::f17b:6c72:fea6:5dc5",50128,2,186,0,0,2,186,0,0
"192.168.1.62",50128,2,146,0,0,2,146,0,0
"fe80::f17b:6c72:fea6:5dc5",54836,2,186,0,0,2,186,0,0
"192.168.1.62",54836,2,146,0,0,2,146,0,0
"fe80::f17b:6c72:fea6:5dc5",50824,2,186,0,0,2,186,0,0
"192.168.1.62",50824,2,146,0,0,2,146,0,0
"fe80::f17b:6c72:fea6:5dc5",60665,2,186,0,0,2,186,0,0
"192.168.1.62",60665,2,146,0,0,2,146,0,0
"fe80::f17b:6c72:fea6:5dc5",60890,2,186,0,0,2,186,0,0
"192.168.1.62",60890,2,146,0,0,2,146,0,0
"fe80::f17b:6c72:fea6:5dc5",59661,2,186,0,0,2,186,0,0
"192.168.1.62",59661,2,146,0,0,2,146,0,0
"fe80::f17b:6c72:fea6:5dc5",51062,2,186,0,0,2,186,0,0
"192.168.1.62",51062,2,146,0,0,2,146,0,0
"192.168.1.1",47139,6,2354,0,0,6,2354,0,0
"192.168.1.1",46256,2,884,0,0,2,884,0,0
"fe80::f17b:6c72:fea6:5dc5",64459,2,186,0,0,2,186,0,0
"192.168.1.62",64459,2,146,0,0,2,146,0,0
"fe80::f17b:6c72:fea6:5dc5",53666,4,372,0,0,4,372,0,0
"192.168.1.62",53666,4,292,0,0,4,292,0,0
"192.168.1.1",38694,6,2354,0,0,6,2354,0,0
"fe80::f17b:6c72:fea6:5dc5",62960,2,186,0,0,2,186,0,0
"192.168.1.62",62960,2,146,0,0,2,146,0,0
"fe80::f17b:6c72:fea6:5dc5",62823,2,186,0,0,2,186,0,0
"192.168.1.62",62823,2,146,0,0,2,146,0,0
"192.168.1.1",36673,2,884,0,0,2,884,0,0
"fe80::f17b:6c72:fea6:5dc5",57973,2,186,0,0,2,186,0,0
"192.168.1.62",57973,2,146,0,0,2,146,0,0
"fe80::f17b:6c72:fea6:5dc5",52546,2,186,0,0,2,186,0,0
"192.168.1.62",52546,2,146,0,0,2,146,0,0
"fe80::f17b:6c72:fea6:5dc5",57426,2,186,0,0,2,186,0,0
"192.168.1.62",57426,2,146,0,0,2,146,0,0
"fe80::f17b:6c72:fea6:5dc5",57440,2,186,0,0,2,186,0,0
"192.168.1.62",57440,2,146,0,0,2,146,0,0
"fe80::f17b:6c72:fea6:5dc5",56666,2,186,0,0,2,186,0,0
"192.168.1.62",56666,2,146,0,0,2,146,0,0
"fe80::f17b:6c72:fea6:5dc5",59468,2,186,0,0,2,186,0,0
"192.168.1.62",59468,2,146,0,0,2,146,0,0
"fe80::f17b:6c72:fea6:5dc5",51520,2,186,0,0,2,186,0,0
"192.168.1.62",51520,2,146,0,0,2,146,0,0
"fe80::f17b:6c72:fea6:5dc5",50140,2,186,0,0,2,186,0,0
"192.168.1.62",50140,2,146,0,0,2,146,0,0
"fe80::f17b:6c72:fea6:5dc5",59194,2,186,0,0,2,186,0,0
"192.168.1.62",59194,2,146,0,0,2,146,0,0
"fe80::f17b:6c72:fea6:5dc5",51839,2,186,0,0,2,186,0,0
"192.168.1.62",51839,2,146,0,0,2,146,0,0
"fe80::f17b:6c72:fea6:5dc5",60027,2,186,0,0,2,186,0,0
"192.168.1.62",60027,2,146,0,0,2,146,0,0
"fe80::f17b:6c72:fea6:5dc5",51198,2,186,0,0,2,186,0,0
"192.168.1.62",51198,2,146,0,0,2,146,0,0
"fe80::f17b:6c72:fea6:5dc5",65122,2,186,0,0,2,186,0,0
"192.168.1.62",65122,2,146,0,0,2,146,0,0
"192.168.1.1",47056,6,2354,0,0,6,2354,0,0
"192.168.1.1",51767,2,884,0,0,2,884,0,0
"fe80::f17b:6c72:fea6:5dc5",49376,2,186,0,0,2,186,0,0
"192.168.1.62",49376,2,146,0,0,2,146,0,0
"fe80::f17b:6c72:fea6:5dc5",52713,2,186,0,0,2,186,0,0
"192.168.1.62",52713,2,146,0,0,2,146,0,0
"fe80::f17b:6c72:fea6:5dc5",63360,2,186,0,0,2,186,0,0
"192.168.1.62",63360,2,146,0,0,2,146,0,0
"fe80::f17b:6c72:fea6:5dc5",62778,2,186,0,0,2,186,0,0
"192.168.1.62",62778,2,146,0,0,2,146,0,0
"192.168.1.1",50960,1,92,0,0,1,92,0,0
"fe80::f17b:6c72:fea6:5dc5",62363,4,372,0,0,4,372,0,0
"192.168.1.62",62363,4,292,0,0,4,292,0,0
"fe80::f17b:6c72:fea6:5dc5",58486,2,186,0,0,2,186,0,0
"192.168.1.62",58486,2,146,0,0,2,146,0,0
"192.168.1.1",43821,6,2354,0,0,6,2354,0,0
"192.168.1.1",58169,4,1768,0,0,4,1768,0,0
"fe80::f17b:6c72:fea6:5dc5",56368,4,372,0,0,4,372,0,0
"192.168.1.62",56368,4,292,0,0,4,292,0,0
"fe80::f17b:6c72:fea6:5dc5",54618,2,186,0,0,2,186,0,0
"192.168.1.62",54618,2,146,0,0,2,146,0,0
"192.168.1.177",50178,6,1040,0,0,5,936,1,104
"192.168.1.1",34639,6,2354,0,0,6,2354,0,0
"192.168.1.1",60461,2,884,0,0,2,884,0,0
"192.168.1.177",50499,160,142915,0,0,27,8390,133,134525
"fe80::f17b:6c72:fea6:5dc5",62035,2,186,0,0,2,186,0,0
"192.168.1.62",62035,2,146,0,0,2,146,0,0
"fe80::f17b:6c72:fea6:5dc5",51185,2,186,0,0,2,186,0,0
"192.168.1.62",51185,2,146,0,0,2,146,0,0
"fe80::f17b:6c72:fea6:5dc5",58343,4,372,0,0,4,372,0,0
"192.168.1.62",58343,4,292,0,0,4,292,0,0
"fe80::f17b:6c72:fea6:5dc5",60188,2,186,0,0,2,186,0,0
"192.168.1.62",60188,2,146,0,0,2,146,0,0
"192.168.1.1",37621,6,2354,0,0,6,2354,0,0
"192.168.1.1",37410,2,884,0,0,2,884,0,0
"fe80::f17b:6c72:fea6:5dc5",55644,2,186,0,0,2,186,0,0
"192.168.1.62",55644,2,146,0,0,2,146,0,0
"fe80::f17b:6c72:fea6:5dc5",54009,2,186,0,0,2,186,0,0
"fe80::f17b:6c72:fea6:5dc5",50165,2,186,0,0,2,186,0,0
"192.168.1.62",50165,2,146,0,0,2,146,0,0
"192.168.1.62",54009,2,146,0,0,2,146,0,0
"fe80::f17b:6c72:fea6:5dc5",59163,2,186,0,0,2,186,0,0
"192.168.1.62",59163,2,146,0,0,2,146,0,0
"fe80::f17b:6c72:fea6:5dc5",49172,3,279,0,0,3,279,0,0
"192.168.1.62",49172,4,292,0,0,4,292,0,0
"fe80::f17b:6c72:fea6:5dc5",64710,2,186,0,0,2,186,0,0
"192.168.1.62",64710,2,146,0,0,2,146,0,0
"fe80::f17b:6c72:fea6:5dc5",55551,2,186,0,0,2,186,0,0
"192.168.1.62",55551,2,146,0,0,2,146,0,0
"fe80::f17b:6c72:fea6:5dc5",62839,2,186,0,0,2,186,0,0
"192.168.1.62",62839,2,146,0,0,2,146,0,0
"fe80::f17b:6c72:fea6:5dc5",58949,2,186,0,0,2,186,0,0
"192.168.1.62",58949,2,146,0,0,2,146,0,0
"fe80::f17b:6c72:fea6:5dc5",59397,2,186,0,0,2,186,0,0
"192.168.1.62",59397,2,146,0,0,2,146,0,0
"192.168.1.177",58495,4,868,0,0,4,868,0,0
"fe80::f17b:6c72:fea6:5dc5",53365,2,186,0,0,2,186,0,0
"192.168.1.62",53365,1,73,0,0,1,73,0,0
"fe80::f17b:6c72:fea6:5dc5",53403,1,93,0,0,1,93,0,0
"192.168.1.62",53403,2,146,0,0,2,146,0,0
"fe80::f17b:6c72:fea6:5dc5",57489,1,93,0,0,1,93,0,0
"192.168.1.62",57489,2,146,0,0,2,146,0,0
"fe80::f17b:6c72:fea6:5dc5",49703,1,93,0,0,1,93,0,0
"192.168.1.62",49703,2,146,0,0,2,146,0,0
"192.168.1.62",49705,4,868,0,0,4,868,0,0
"2001:14ba:a051:8c00:61b5:31a4:d1f8:cc83",54964,1,123,0,0,1,123,0,0
"192.168.1.177",54964,2,222,0,0,1,103,1,119
"192.168.1.1",34679,6,2354,0,0,6,2354,0,0
"192.168.1.1",52006,2,884,0,0,2,884,0,0
"fe80::f17b:6c72:fea6:5dc5",59081,2,186,0,0,2,186,0,0
"192.168.1.62",59081,2,146,0,0,2,146,0,0
"fe80::f17b:6c72:fea6:5dc5",64042,4,372,0,0,4,372,0,0
"fe80::f17b:6c72:fea6:5dc5",62755,2,186,0,0,2,186,0,0
"192.168.1.62",62755,2,146,0,0,2,146,0,0
"192.168.1.62",64042,4,292,0,0,4,292,0,0
"fe80::f17b:6c72:fea6:5dc5",56090,2,186,0,0,2,186,0,0
"192.168.1.62",56090,2,146,0,0,2,146,0,0
"fe80::f17b:6c72:fea6:5dc5",49283,2,186,0,0,2,186,0,0
"192.168.1.62",49283,2,146,0,0,2,146,0,0
"fe80::f17b:6c72:fea6:5dc5",55511,2,186,0,0,2,186,0,0
"192.168.1.62",55511,2,146,0,0,2,146,0,0
"192.168.1.1",55339,6,2354,0,0,6,2354,0,0
"192.168.1.1",34927,2,884,0,0,2,884,0,0
"192.168.1.62",53038,4,292,0,0,4,292,0,0
"fe80::f17b:6c72:fea6:5dc5",53694,2,186,0,0,2,186,0,0
"192.168.1.62",53694,2,146,0,0,2,146,0,0
"fe80::f17b:6c72:fea6:5dc5",59703,2,186,0,0,2,186,0,0
"192.168.1.62",59703,2,146,0,0,2,146,0,0
"fe80::f17b:6c72:fea6:5dc5",57646,2,186,0,0,2,186,0,0
"192.168.1.62",57646,2,146,0,0,2,146,0,0
"fe80::f17b:6c72:fea6:5dc5",55670,2,186,0,0,2,186,0,0
"192.168.1.62",55670,2,146,0,0,2,146,0,0
"fe80::f17b:6c72:fea6:5dc5",50349,2,186,0,0,2,186,0,0
"192.168.1.62",50349,2,146,0,0,2,146,0,0
"fe80::f17b:6c72:fea6:5dc5",58196,4,372,0,0,4,372,0,0
"192.168.1.62",58196,4,292,0,0,4,292,0,0
"fe80::f17b:6c72:fea6:5dc5",62648,2,186,0,0,2,186,0,0
"192.168.1.62",62648,2,146,0,0,2,146,0,0
"fe80::f17b:6c72:fea6:5dc5",49810,2,186,0,0,2,186,0,0
"192.168.1.62",49810,2,146,0,0,2,146,0,0
"fe80::f17b:6c72:fea6:5dc5",52870,5,465,0,0,5,465,0,0
"192.168.1.62",52870,5,365,0,0,5,365,0,0
"fe80::3c64:85d8:f884:544c",56822,14,10052,0,0,14,10052,0,0
"192.168.1.177",56821,14,9772,0,0,14,9772,0,0
"fe80::f17b:6c72:fea6:5dc5",56632,2,186,0,0,2,186,0,0
"192.168.1.62",56632,2,146,0,0,2,146,0,0
"fe80::f17b:6c72:fea6:5dc5",58526,2,186,0,0,2,186,0,0
"192.168.1.62",58526,2,146,0,0,2,146,0,0
"192.168.1.1",35303,6,2354,0,0,6,2354,0,0
"fe80::f17b:6c72:fea6:5dc5",53298,2,186,0,0,2,186,0,0
"192.168.1.62",53298,2,146,0,0,2,146,0,0
"fe80::f17b:6c72:fea6:5dc5",56185,2,186,0,0,2,186,0,0
"192.168.1.62",56185,2,146,0,0,2,146,0,0
"192.168.1.1",59391,2,884,0,0,2,884,0,0
"fe80::f17b:6c72:fea6:5dc5",62482,2,186,0,0,2,186,0,0
"192.168.1.62",62482,2,146,0,0,2,146,0,0
"fe80::f17b:6c72:fea6:5dc5",62214,4,372,0,0,4,372,0,0
"192.168.1.62",62214,4,292,0,0,4,292,0,0
"192.168.1.1",45865,1,92,0,0,1,92,0,0
"192.168.1.62",58184,2,146,0,0,2,146,0,0
"fe80::f17b:6c72:fea6:5dc5",63800,2,186,0,0,2,186,0,0
"192.168.1.62",63800,2,146,0,0,2,146,0,0
"fe80::f17b:6c72:fea6:5dc5",58184,1,93,0,0,1,93,0,0
"192.168.1.1",41116,6,2354,0,0,6,2354,0,0
"192.168.1.1",49256,2,884,0,0,2,884,0,0
"fe80::f17b:6c72:fea6:5dc5",60704,2,186,0,0,2,186,0,0
"192.168.1.62",60704,2,146,0,0,2,146,0,0
"2001:14ba:a051:8c00:61b5:31a4:d1f8:cc83",64774,1,103,0,0,1,103,0,0
"2001:14ba:a051:8c00:61b5:31a4:d1f8:cc83",65438,1,103,0,0,1,103,0,0
"192.168.1.177",64774,2,182,0,0,1,83,1,99
"192.168.1.177",65438,2,222,0,0,1,83,1,139
"2001:14ba:a051:8c00:61b5:31a4:d1f8:cc83",55464,1,103,0,0,1,103,0,0
"192.168.1.177",55464,2,182,0,0,1,83,1,99
"2001:14ba:a051:8c00:61b5:31a4:d1f8:cc83",49492,1,103,0,0,1,103,0,0
"192.168.1.177",49492,2,222,0,0,1,83,1,139
"192.168.1.253",65320,4,868,0,0,4,868,0,0
"192.168.1.1",54932,6,2354,0,0,6,2354,0,0
"192.168.1.1",42331,2,884,0,0,2,884,0,0
"fe80::f17b:6c72:fea6:5dc5",53156,2,186,0,0,2,186,0,0
"192.168.1.62",53156,2,146,0,0,2,146,0,0
"fe80::f17b:6c72:fea6:5dc5",49181,2,186,0,0,2,186,0,0
"192.168.1.62",49181,2,146,0,0,2,146,0,0
"fe80::f17b:6c72:fea6:5dc5",64885,2,186,0,0,2,186,0,0
"192.168.1.62",64885,2,146,0,0,2,146,0,0
"192.168.1.177",56377,2,236,0,0,1,85,1,151
"192.168.1.177",56321,2,224,0,0,1,85,1,139
"192.168.1.177",62954,2,298,0,0,1,85,1,213
"192.168.1.1",45680,1,353,0,0,1,353,0,0
"192.168.1.1",47477,1,425,0,0,1,425,0,0
"192.168.1.1",41769,1,362,0,0,1,362,0,0
"192.168.1.1",38274,1,417,0,0,1,417,0,0
"192.168.1.1",58007,1,349,0,0,1,349,0,0
"192.168.1.1",46502,1,310,0,0,1,310,0,0
"192.168.1.1",44789,1,433,0,0,1,433,0,0
"192.168.1.1",38935,1,369,0,0,1,369,0,0
"192.168.1.1",37733,1,310,0,0,1,310,0,0
"192.168.1.1",42339,1,427,0,0,1,427,0,0
"192.168.1.1",51332,1,415,0,0,1,415,0,0
"192.168.1.1",34125,1,353,0,0,1,353,0,0
"192.168.1.1",40464,1,425,0,0,1,425,0,0
"192.168.1.1",36937,1,362,0,0,1,362,0,0
"192.168.1.1",37371,7,2771,0,0,7,2771,0,0
"192.168.1.1",47112,1,349,0,0,1,349,0,0
"192.168.1.1",48167,1,310,0,0,1,310,0,0
"192.168.1.1",56847,1,433,0,0,1,433,0,0
"192.168.1.1",39109,7,2723,0,0,7,2723,0,0
"192.168.1.1",42305,1,310,0,0,1,310,0,0
"192.168.1.1",48124,1,427,0,0,1,427,0,0
"192.168.1.1",43629,1,415,0,0,1,415,0,0
"192.168.1.1",50923,1,353,0,0,1,353,0,0
"192.168.1.1",39293,3,1309,0,0,3,1309,0,0
"192.168.1.1",54669,1,362,0,0,1,362,0,0
"192.168.1.1",60795,3,1301,0,0,3,1301,0,0
"192.168.1.1",55170,1,349,0,0,1,349,0,0
"192.168.1.1",48957,1,310,0,0,1,310,0,0
"192.168.1.1",33796,1,433,0,0,1,433,0,0
"192.168.1.1",33097,1,369,0,0,1,369,0,0
"192.168.1.1",44877,1,310,0,0,1,310,0,0
"192.168.1.1",37054,1,427,0,0,1,427,0,0
"192.168.1.1",42480,1,415,0,0,1,415,0,0
"192.168.1.1",57697,6,2354,0,0,6,2354,0,0
"fe80::f17b:6c72:fea6:5dc5",62729,2,186,0,0,2,186,0,0
"192.168.1.62",62729,2,146,0,0,2,146,0,0
"fe80::f17b:6c72:fea6:5dc5",62441,2,186,0,0,2,186,0,0
"192.168.1.62",62441,2,146,0,0,2,146,0,0
"192.168.1.1",53888,8,3238,0,0,8,3238,0,0
"fe80::f17b:6c72:fea6:5dc5",61218,2,186,0,0,2,186,0,0
"192.168.1.62",61218,2,146,0,0,2,146,0,0
"fe80::f17b:6c72:fea6:5dc5",60945,2,186,0,0,2,186,0,0
"192.168.1.62",60945,2,146,0,0,2,146,0,0
"fe80::f17b:6c72:fea6:5dc5",53988,2,186,0,0,2,186,0,0
"192.168.1.62",53988,2,146,0,0,2,146,0,0
"fe80::f17b:6c72:fea6:5dc5",59381,2,186,0,0,2,186,0,0
"192.168.1.62",59381,2,146,0,0,2,146,0,0
"fe80::f17b:6c72:fea6:5dc5",55568,2,186,0,0,2,186,0,0
"192.168.1.62",55568,2,146,0,0,2,146,0,0
"fe80::f17b:6c72:fea6:5dc5",59672,2,186,0,0,2,186,0,0
"192.168.1.62",59672,2,146,0,0,2,146,0,0
"fe80::f17b:6c72:fea6:5dc5",61538,2,186,0,0,2,186,0,0
"192.168.1.62",61538,2,146,0,0,2,146,0,0
"fe80::f17b:6c72:fea6:5dc5",57615,2,186,0,0,2,186,0,0
"192.168.1.62",57615,2,146,0,0,2,146,0,0
"fe80::f17b:6c72:fea6:5dc5",61127,1,93,0,0,1,93,0,0
"192.168.1.62",61127,1,73,0,0,1,73,0,0
"fe80::f17b:6c72:fea6:5dc5",49899,4,372,0,0,4,372,0,0
"192.168.1.62",49899,4,292,0,0,4,292,0,0
"fe80::f17b:6c72:fea6:5dc5",55336,1,93,0,0,1,93,0,0
"192.168.1.62",55336,2,146,0,0,2,146,0,0
"2001:14ba:a051:8c00:61b5:31a4:d1f8:cc83",58717,1,103,0,0,1,103,0,0
"2001:14ba:a051:8c00:61b5:31a4:d1f8:cc83",65146,1,103,0,0,1,103,0,0
"192.168.1.177",65146,2,194,0,0,1,83,1,111
"192.168.1.177",58717,2,182,0,0,1,83,1,99
"2001:14ba:a051:8c00:61b5:31a4:d1f8:cc83",49294,1,103,0,0,1,103,0,0
"192.168.1.177",49294,2,182,0,0,1,83,1,99
"fe80::f17b:6c72:fea6:5dc5",61858,2,186,0,0,2,186,0,0
"192.168.1.62",61858,2,146,0,0,2,146,0,0
"fe80::f17b:6c72:fea6:5dc5",50921,2,186,0,0,2,186,0,0
"fe80::f17b:6c72:fea6:5dc5",61666,2,186,0,0,2,186,0,0
"192.168.1.62",50921,2,146,0,0,2,146,0,0
"192.168.1.62",61666,2,146,0,0,2,146,0,0
"fe80::f17b:6c72:fea6:5dc5",61684,4,372,0,0,4,372,0,0
"192.168.1.62",61684,4,292,0,0,4,292,0,0
"192.168.1.1",33999,6,2354,0,0,6,2354,0,0
"192.168.1.1",49747,2,884,0,0,2,884,0,0
"fe80::f17b:6c72:fea6:5dc5",59170,2,174,0,0,2,174,0,0
"192.168.1.62",59170,2,134,0,0,2,134,0,0
"fe80::f17b:6c72:fea6:5dc5",64458,2,174,0,0,2,174,0,0
"192.168.1.62",64458,2,134,0,0,2,134,0,0
"fe80::f17b:6c72:fea6:5dc5",58858,2,176,0,0,2,176,0,0
"192.168.1.62",58858,2,136,0,0,2,136,0,0
"fe80::f17b:6c72:fea6:5dc5",64738,2,176,0,0,2,176,0,0
"192.168.1.62",64738,2,136,0,0,2,136,0,0
"fe80::f17b:6c72:fea6:5dc5",59365,1,93,0,0,1,93,0,0
"192.168.1.62",59365,1,73,0,0,1,73,0,0
"fe80::f17b:6c72:fea6:5dc5",61566,3,279,0,0,3,279,0,0
"192.168.1.62",61566,3,219,0,0,3,219,0,0
"fe80::f17b:6c72:fea6:5dc5",62890,2,174,0,0,2,174,0,0
"192.168.1.62",62890,2,134,0,0,2,134,0,0
"fe80::f17b:6c72:fea6:5dc5",60596,2,174,0,0,2,174,0,0
"192.168.1.62",60596,2,134,0,0,2,134,0,0
"fe80::f17b:6c72:fea6:5dc5",49942,2,176,0,0,2,176,0,0
"192.168.1.62",49942,2,136,0,0,2,136,0,0
"192.168.1.1",58599,6,2354,0,0,6,2354,0,0
"192.168.1.1",58679,2,884,0,0,2,884,0,0
"fe80::f17b:6c72:fea6:5dc5",60401,2,186,0,0,2,186,0,0
"192.168.1.62",60401,2,146,0,0,2,146,0,0
"fe80::f17b:6c72:fea6:5dc5",51946,2,186,0,0,2,186,0,0
"192.168.1.62",51946,2,146,0,0,2,146,0,0
"fe80::f17b:6c72:fea6:5dc5",59850,2,186,0,0,2,186,0,0
"192.168.1.62",59850,2,146,0,0,2,146,0,0
"fe80::f17b:6c72:fea6:5dc5",63978,2,186,0,0,2,186,0,0
"192.168.1.62",63978,2,146,0,0,2,146,0,0
"fe80::f17b:6c72:fea6:5dc5",51841,2,186,0,0,2,186,0,0
"192.168.1.62",51841,2,146,0,0,2,146,0,0
"fe80::f17b:6c72:fea6:5dc5",63327,2,186,0,0,2,186,0,0
"192.168.1.62",63327,2,146,0,0,2,146,0,0
"192.168.1.1",50184,1,92,0,0,1,92,0,0
"fe80::f17b:6c72:fea6:5dc5",54982,2,186,0,0,2,186,0,0
"192.168.1.62",54982,2,146,0,0,2,146,0,0
"fe80::f17b:6c72:fea6:5dc5",49889,2,186,0,0,2,186,0,0
"192.168.1.62",49889,2,146,0,0,2,146,0,0
"fe80::f17b:6c72:fea6:5dc5",51568,2,186,0,0,2,186,0,0
"192.168.1.62",51568,2,146,0,0,2,146,0,0
"fe80::f17b:6c72:fea6:5dc5",53876,2,186,0,0,2,186,0,0
"192.168.1.62",53876,2,146,0,0,2,146,0,0
"fe80::f17b:6c72:fea6:5dc5",62541,2,186,0,0,2,186,0,0
"192.168.1.62",62541,2,146,0,0,2,146,0,0
"fe80::f17b:6c72:fea6:5dc5",63501,2,186,0,0,2,186,0,0
"fe80::f17b:6c72:fea6:5dc5",50931,2,186,0,0,2,186,0,0
"192.168.1.62",63501,2,146,0,0,2,146,0,0
"192.168.1.62",50931,2,146,0,0,2,146,0,0
"192.168.1.1",51042,6,2354,0,0,6,2354,0,0
"192.168.1.1",40838,2,884,0,0,2,884,0,0
"fe80::f17b:6c72:fea6:5dc5",52822,2,186,0,0,2,186,0,0
"192.168.1.62",52822,2,146,0,0,2,146,0,0
"fe80::f17b:6c72:fea6:5dc5",57480,2,186,0,0,2,186,0,0
"192.168.1.62",57480,2,146,0,0,2,146,0,0
"fe80::f17b:6c72:fea6:5dc5",57255,2,186,0,0,2,186,0,0
"fe80::f17b:6c72:fea6:5dc5",57745,2,186,0,0,2,186,0,0
"192.168.1.62",57255,2,146,0,0,2,146,0,0
"192.168.1.62",57745,2,146,0,0,2,146,0,0
"2001:14ba:a051:8c00:61b5:31a4:d1f8:cc83",58390,1,100,0,0,1,100,0,0
"192.168.1.177",58390,8,1219,0,0,6,1000,2,219
"fe80::f17b:6c72:fea6:5dc5",52060,2,186,0,0,2,186,0,0
"192.168.1.62",52060,2,146,0,0,2,146,0,0
"fe80::f17b:6c72:fea6:5dc5",56138,2,186,0,0,2,186,0,0
"192.168.1.62",56138,2,146,0,0,2,146,0,0
"fe80::f17b:6c72:fea6:5dc5",58939,2,186,0,0,2,186,0,0
"192.168.1.62",58939,2,146,0,0,2,146,0,0
"fe80::f17b:6c72:fea6:5dc5",53647,2,186,0,0,2,186,0,0
"192.168.1.62",53647,2,146,0,0,2,146,0,0
"192.168.1.1",53524,2,884,0,0,2,884,0,0
"fe80::f17b:6c72:fea6:5dc5",65297,1,93,0,0,1,93,0,0
"192.168.1.62",65297,1,73,0,0,1,73,0,0
"fe80::f17b:6c72:fea6:5dc5",54976,1,93,0,0,1,93,0,0
"192.168.1.62",54976,1,73,0,0,1,73,0,0
"192.168.1.177",58391,4,848,0,0,4,848,0,0
"192.168.1.1",34628,6,2354,0,0,6,2354,0,0
"192.168.1.1",54329,2,884,0,0,2,884,0,0
"fe80::f17b:6c72:fea6:5dc5",51947,2,186,0,0,2,186,0,0
"192.168.1.62",51947,2,146,0,0,2,146,0,0
"fe80::f17b:6c72:fea6:5dc5",60718,2,186,0,0,2,186,0,0
"192.168.1.62",60718,2,146,0,0,2,146,0,0
"fe80::f17b:6c72:fea6:5dc5",53980,2,186,0,0,2,186,0,0
"192.168.1.62",53980,2,146,0,0,2,146,0,0
"192.168.1.1",57395,8,3238,0,0,8,3238,0,0
"fe80::f17b:6c72:fea6:5dc5",51989,2,186,0,0,2,186,0,0
"192.168.1.62",51989,2,146,0,0,2,146,0,0
"fe80::f17b:6c72:fea6:5dc5",52157,2,186,0,0,2,186,0,0
"192.168.1.62",52157,6,1014,0,0,6,1014,0,0
"fe80::f17b:6c72:fea6:5dc5",58961,4,372,0,0,4,372,0,0
"192.168.1.62",58961,4,292,0,0,4,292,0,0
"fe80::f17b:6c72:fea6:5dc5",49819,2,186,0,0,2,186,0,0
"192.168.1.62",49819,2,146,0,0,2,146,0,0
"192.168.1.1",59907,2,884,0,0,2,884,0,0
"fe80::f17b:6c72:fea6:5dc5",61394,2,186,0,0,2,186,0,0
"192.168.1.62",61394,2,146,0,0,2,146,0,0
"fe80::f17b:6c72:fea6:5dc5",62897,2,186,0,0,2,186,0,0
"fe80::f17b:6c72:fea6:5dc5",54847,2,186,0,0,2,186,0,0
"192.168.1.62",62897,2,146,0,0,2,146,0,0
"192.168.1.62",54847,2,146,0,0,2,146,0,0
"fe80::f17b:6c72:fea6:5dc5",58822,2,186,0,0,2,186,0,0
"192.168.1.62",58822,2,146,0,0,2,146,0,0
"192.168.1.177",51018,4,654,0,0,2,156,2,498
"192.168.1.177",51026,2,395,0,0,1,69,1,326
"192.168.1.177",52857,2,424,0,0,1,69,1,355
"192.168.1.177",49458,2,428,0,0,1,69,1,359
"192.168.1.177",49245,2,404,0,0,1,69,1,335
"192.168.1.177",54357,2,424,0,0,1,69,1,355
"fe80::f17b:6c72:fea6:5dc5",58656,4,372,0,0,4,372,0,0
"192.168.1.62",58656,4,292,0,0,4,292,0,0
"fe80::f17b:6c72:fea6:5dc5",60214,2,186,0,0,2,186,0,0
"192.168.1.62",60214,2,146,0,0,2,146,0,0
"fe80::f17b:6c72:fea6:5dc5",65226,2,186,0,0,2,186,0,0
"192.168.1.62",65226,2,146,0,0,2,146,0,0
"fe80::f17b:6c72:fea6:5dc5",65534,2,186,0,0,2,186,0,0
"192.168.1.62",65534,2,146,0,0,2,146,0,0
"fe80::f17b:6c72:fea6:5dc5",57704,2,186,0,0,2,186,0,0
"fe80::f17b:6c72:fea6:5dc5",63330,2,186,0,0,2,186,0,0
"fe80::f17b:6c72:fea6:5dc5",65083,2,186,0,0,2,186,0,0
"192.168.1.62",65083,2,146,0,0,2,146,0,0
"192.168.1.62",63330,2,146,0,0,2,146,0,0
"192.168.1.62",57704,1,73,0,0,1,73,0,0
"fe80::f17b:6c72:fea6:5dc5",60573,2,186,0,0,2,186,0,0
"192.168.1.62",60573,2,146,0,0,2,146,0,0
"fe80::f17b:6c72:fea6:5dc5",52883,2,186,0,0,2,186,0,0
"192.168.1.62",52883,2,146,0,0,2,146,0,0
"fe80::f17b:6c72:fea6:5dc5",59749,4,372,0,0,4,372,0,0
"192.168.1.62",59749,4,292,0,0,4,292,0,0
"192.168.1.177",62193,4,868,0,0,4,868,0,0
"192.168.1.62",63968,6,1014,0,0,6,1014,0,0
"192.168.1.1",59060,6,2354,0,0,6,2354,0,0
"fe80::f17b:6c72:fea6:5dc5",54987,2,186,0,0,2,186,0,0
"192.168.1.62",54987,2,146,0,0,2,146,0,0
"fe80::f17b:6c72:fea6:5dc5",64613,2,186,0,0,2,186,0,0
"192.168.1.62",64613,2,146,0,0,2,146,0,0
"192.168.1.1",37171,2,884,0,0,2,884,0,0
"192.168.1.1",38206,1,92,0,0,1,92,0,0
"fe80::f17b:6c72:fea6:5dc5",57252,2,186,0,0,2,186,0,0
"192.168.1.62",57252,2,146,0,0,2,146,0,0
"2001:14ba:a051:8c00:61b5:31a4:d1f8:cc83",49782,1,112,0,0,1,112,0,0
"2001:14ba:a051:8c00:61b5:31a4:d1f8:cc83",62153,1,112,0,0,1,112,0,0
"192.168.1.177",49782,4,542,0,0,2,178,2,364
"192.168.1.177",62153,2,184,0,0,1,92,1,92
"2001:14ba:a051:8c00:61b5:31a4:d1f8:cc83",52031,1,112,0,0,1,112,0,0
"192.168.1.177",62154,1180,872742,0,0,280,49777,900,822965
"192.168.1.177",52031,2,200,0,0,1,92,1,108
"2001:14ba:a051:8c00:61b5:31a4:d1f8:cc83",58388,1,112,0,0,1,112,0,0
"192.168.1.177",58388,2,184,0,0,1,92,1,92
"fe80::f17b:6c72:fea6:5dc5",59222,4,372,0,0,4,372,0,0
"192.168.1.62",59222,4,292,0,0,4,292,0,0
"fe80::f17b:6c72:fea6:5dc5",60265,2,186,0,0,2,186,0,0
"192.168.1.62",60265,2,146,0,0,2,146,0,0
"192.168.1.1",47084,6,2354,0,0,6,2354,0,0
"192.168.1.1",58682,2,884,0,0,2,884,0,0
"2001:14ba:a051:8c00:61b5:31a4:d1f8:cc83",56503,1,108,0,0,1,108,0,0
"192.168.1.177",56503,2,192,0,0,1,88,1,104
"fe80::f17b:6c72:fea6:5dc5",63345,2,186,0,0,2,186,0,0
"192.168.1.62",63345,2,146,0,0,2,146,0,0
"fe80::f17b:6c72:fea6:5dc5",52580,2,186,0,0,2,186,0,0
"192.168.1.62",52580,2,146,0,0,2,146,0,0
"fe80::f17b:6c72:fea6:5dc5",60706,2,186,0,0,2,186,0,0
"192.168.1.62",60706,2,146,0,0,2,146,0,0
"fe80::f17b:6c72:fea6:5dc5",56351,2,186,0,0,2,186,0,0
"192.168.1.62",56351,2,146,0,0,2,146,0,0
"fe80::f17b:6c72:fea6:5dc5",57954,4,372,0,0,4,372,0,0
"192.168.1.62",57954,4,292,0,0,4,292,0,0
"fe80::f17b:6c72:fea6:5dc5",59724,2,186,0,0,2,186,0,0
"192.168.1.62",59724,2,146,0,0,2,146,0,0
"fe80::f17b:6c72:fea6:5dc5",61116,2,186,0,0,2,186,0,0
"192.168.1.62",61116,2,146,0,0,2,146,0,0
"fe80::f17b:6c72:fea6:5dc5",65094,2,186,0,0,2,186,0,0
"192.168.1.62",65094,2,146,0,0,2,146,0,0
"fe80::f17b:6c72:fea6:5dc5",54795,2,186,0,0,2,186,0,0
"192.168.1.62",54795,2,146,0,0,2,146,0,0
"fe80::f17b:6c72:fea6:5dc5",64805,2,186,0,0,2,186,0,0
"192.168.1.62",64805,2,146,0,0,2,146,0,0
"fe80::f17b:6c72:fea6:5dc5",51377,2,186,0,0,2,186,0,0
"192.168.1.62",51377,2,146,0,0,2,146,0,0
"fe80::f17b:6c72:fea6:5dc5",59066,2,186,0,0,2,186,0,0
"192.168.1.62",59066,2,146,0,0,2,146,0,0
"192.168.1.1",48639,6,2354,0,0,6,2354,0,0
"192.168.1.1",41941,2,884,0,0,2,884,0,0
"fe80::f17b:6c72:fea6:5dc5",57778,2,186,0,0,2,186,0,0
"192.168.1.62",57778,2,146,0,0,2,146,0,0
"fe80::f17b:6c72:fea6:5dc5",58384,2,186,0,0,2,186,0,0
"192.168.1.62",58384,2,146,0,0,2,146,0,0
"2001:14ba:a051:8c00:61b5:31a4:d1f8:cc83",61402,1,103,0,0,1,103,0,0
"2001:14ba:a051:8c00:61b5:31a4:d1f8:cc83",52530,1,103,0,0,1,103,0,0
"192.168.1.177",61402,2,182,0,0,1,83,1,99
"192.168.1.177",52530,2,194,0,0,1,83,1,111
"2001:14ba:a051:8c00:61b5:31a4:d1f8:cc83",62010,1,103,0,0,1,103,0,0
"192.168.1.177",62010,2,182,0,0,1,83,1,99
"2001:14ba:a051:8c00:61b5:31a4:d1f8:cc83",61604,1,103,0,0,1,103,0,0
"192.168.1.177",61604,2,194,0,0,1,83,1,111
"fe80::f17b:6c72:fea6:5dc5",50285,2,186,0,0,2,186,0,0
"192.168.1.62",50285,2,146,0,0,2,146,0,0
"fe80::f17b:6c72:fea6:5dc5",58651,2,186,0,0,2,186,0,0
"192.168.1.62",58651,2,146,0,0,2,146,0,0
"192.168.1.1",36153,6,2354,0,0,6,2354,0,0
"192.168.1.1",52786,2,884,0,0,2,884,0,0
"fe80::f17b:6c72:fea6:5dc5",56543,4,372,0,0,4,372,0,0
"192.168.1.62",56543,4,292,0,0,4,292,0,0
"fe80::f17b:6c72:fea6:5dc5",62131,2,186,0,0,2,186,0,0
"192.168.1.62",62131,2,146,0,0,2,146,0,0
"fe80::f17b:6c72:fea6:5dc5",64293,2,186,0,0,2,186,0,0
"192.168.1.62",64293,2,146,0,0,2,146,0,0
"fe80::f17b:6c72:fea6:5dc5",64526,2,186,0,0,2,186,0,0
"192.168.1.62",64526,2,146,0,0,2,146,0,0
"192.168.1.253",58226,4,868,0,0,4,868,0,0
"192.168.1.1",57522,6,2354,0,0,6,2354,0,0
"192.168.1.1",48844,2,884,0,0,2,884,0,0
"fe80::f17b:6c72:fea6:5dc5",58514,2,186,0,0,2,186,0,0
"192.168.1.62",58514,2,146,0,0,2,146,0,0
"fe80::f17b:6c72:fea6:5dc5",61401,2,186,0,0,2,186,0,0
"192.168.1.62",61401,2,146,0,0,2,146,0,0
"fe80::f17b:6c72:fea6:5dc5",65505,2,186,0,0,2,186,0,0
"192.168.1.62",65505,2,146,0,0,2,146,0,0
"fe80::f17b:6c72:fea6:5dc5",50193,2,186,0,0,2,186,0,0
"192.168.1.62",50193,2,146,0,0,2,146,0,0
"192.168.1.1",43100,6,2354,0,0,6,2354,0,0
"192.168.1.1",44858,2,884,0,0,2,884,0,0
"fe80::f17b:6c72:fea6:5dc5",57154,2,186,0,0,2,186,0,0
"192.168.1.62",57154,2,146,0,0,2,146,0,0
"fe80::f17b:6c72:fea6:5dc5",61277,2,186,0,0,2,186,0,0
"192.168.1.62",61277,2,146,0,0,2,146,0,0
"fe80::f17b:6c72:fea6:5dc5",50580,2,186,0,0,2,186,0,0
"192.168.1.62",50580,2,146,0,0,2,146,0,0
"fe80::f17b:6c72:fea6:5dc5",55609,2,186,0,0,2,186,0,0
"192.168.1.62",55609,2,146,0,0,2,146,0,0
"192.168.1.1",50054,1,92,0,0,1,92,0,0
"fe80::f17b:6c72:fea6:5dc5",54204,2,186,0,0,2,186,0,0
"192.168.1.62",54204,2,146,0,0,2,146,0,0
"fe80::f17b:6c72:fea6:5dc5",50856,2,186,0,0,2,186,0,0
"192.168.1.62",50856,2,146,0,0,2,146,0,0
"fe80::f17b:6c72:fea6:5dc5",55450,2,186,0,0,2,186,0,0
"192.168.1.62",55450,2,146,0,0,2,146,0,0
"fe80::f17b:6c72:fea6:5dc5",51927,2,186,0,0,2,186,0,0
"192.168.1.62",51927,2,146,0,0,2,146,0,0
"fe80::f17b:6c72:fea6:5dc5",50495,2,186,0,0,2,186,0,0
"192.168.1.62",50495,2,146,0,0,2,146,0,0
"fe80::f17b:6c72:fea6:5dc5",61849,2,186,0,0,2,186,0,0
"192.168.1.62",61849,2,146,0,0,2,146,0,0
"fe80::f17b:6c72:fea6:5dc5",51409,2,186,0,0,2,186,0,0
"192.168.1.62",51409,2,146,0,0,2,146,0,0
"fe80::f17b:6c72:fea6:5dc5",62282,2,186,0,0,2,186,0,0
"192.168.1.62",62282,2,146,0,0,2,146,0,0
"fe80::f17b:6c72:fea6:5dc5",64115,2,186,0,0,2,186,0,0
"192.168.1.62",64115,2,146,0,0,2,146,0,0
"fe80::f17b:6c72:fea6:5dc5",59870,2,186,0,0,2,186,0,0
"192.168.1.62",59870,2,146,0,0,2,146,0,0
"192.168.1.1",60131,6,2354,0,0,6,2354,0,0
"192.168.1.1",43229,2,884,0,0,2,884,0,0
"fe80::f17b:6c72:fea6:5dc5",53901,2,186,0,0,2,186,0,0
"fe80::f17b:6c72:fea6:5dc5",53623,2,186,0,0,2,186,0,0
"192.168.1.62",53901,2,146,0,0,2,146,0,0
"192.168.1.62",53623,2,146,0,0,2,146,0,0
"fe80::f17b:6c72:fea6:5dc5",52873,2,186,0,0,2,186,0,0
"192.168.1.62",52873,2,146,0,0,2,146,0,0
"192.168.1.1",37916,6,2354,0,0,6,2354,0,0
"fe80::f17b:6c72:fea6:5dc5",50329,2,186,0,0,2,186,0,0
"192.168.1.62",50329,2,146,0,0,2,146,0,0
"2001:14ba:a051:8c00:61b5:31a4:d1f8:cc83",52851,1,100,0,0,1,100,0,0
"2001:14ba:a051:8c00:61b5:31a4:d1f8:cc83",55564,1,100,0,0,1,100,0,0
"192.168.1.177",52851,2,221,0,0,1,80,1,141
"192.168.1.177",55564,2,263,0,0,1,80,1,183
"192.168.1.62",64473,2,146,0,0,2,146,0,0
"fe80::f17b:6c72:fea6:5dc5",53001,2,186,0,0,2,186,0,0
"192.168.1.62",53001,2,146,0,0,2,146,0,0
"fe80::f17b:6c72:fea6:5dc5",64473,1,93,0,0,1,93,0,0
"fe80::f17b:6c72:fea6:5dc5",60049,2,186,0,0,2,186,0,0
"192.168.1.62",60049,2,146,0,0,2,146,0,0
"fe80::f17b:6c72:fea6:5dc5",51215,2,186,0,0,2,186,0,0
"192.168.1.62",51215,2,146,0,0,2,146,0,0
"fe80::f17b:6c72:fea6:5dc5",59713,4,372,0,0,4,372,0,0
"192.168.1.62",59713,4,292,0,0,4,292,0,0
"fe80::f17b:6c72:fea6:5dc5",59728,2,186,0,0,2,186,0,0
"192.168.1.62",59728,2,146,0,0,2,146,0,0
"fe80::f17b:6c72:fea6:5dc5",57236,2,186,0,0,2,186,0,0
"192.168.1.62",57236,2,146,0,0,2,146,0,0
"fe80::f17b:6c72:fea6:5dc5",51139,2,186,0,0,2,186,0,0
"192.168.1.62",51139,2,146,0,0,2,146,0,0
"fe80::f17b:6c72:fea6:5dc5",55165,2,186,0,0,2,186,0,0
"192.168.1.62",55165,2,146,0,0,2,146,0,0
"fe80::f17b:6c72:fea6:5dc5",57564,4,372,0,0,4,372,0,0
"192.168.1.62",57564,4,292,0,0,4,292,0,0
"fe80::f17b:6c72:fea6:5dc5",59619,2,186,0,0,2,186,0,0
"192.168.1.62",59619,2,146,0,0,2,146,0,0
"192.168.1.1",38189,6,2354,0,0,6,2354,0,0
"fe80::f17b:6c72:fea6:5dc5",50656,4,372,0,0,4,372,0,0
"192.168.1.62",50656,4,292,0,0,4,292,0,0
"fe80::f17b:6c72:fea6:5dc5",54904,4,372,0,0,4,372,0,0
"192.168.1.62",54904,4,292,0,0,4,292,0,0
"fe80::f17b:6c72:fea6:5dc5",63798,4,372,0,0,4,372,0,0
"192.168.1.62",63798,4,292,0,0,4,292,0,0
"192.168.1.1",55780,2,884,0,0,2,884,0,0
"2001:14ba:a051:8c00:61b5:31a4:d1f8:cc83",61061,2,206,0,0,2,206,0,0
"fe80::f17b:6c72:fea6:5dc5",59410,2,186,0,0,2,186,0,0
"192.168.1.62",59410,2,146,0,0,2,146,0,0
"fe80::f17b:6c72:fea6:5dc5",51550,4,372,0,0,4,372,0,0
"192.168.1.62",51550,4,292,0,0,4,292,0,0
"fe80::f17b:6c72:fea6:5dc5",50512,4,372,0,0,4,372,0,0
"192.168.1.62",50512,4,292,0,0,4,292,0,0
"fe80::f17b:6c72:fea6:5dc5",54398,2,186,0,0,2,186,0,0
"192.168.1.62",54398,2,146,0,0,2,146,0,0
"192.168.1.177",61061,2,182,0,0,1,83,1,99
"192.168.1.1",55987,1,92,0,0,1,92,0,0
"fe80::f17b:6c72:fea6:5dc5",58616,2,186,0,0,2,186,0,0
"192.168.1.62",58616,2,146,0,0,2,146,0,0
"fe80::f17b:6c72:fea6:5dc5",65396,2,186,0,0,2,186,0,0
"192.168.1.62",65396,2,146,0,0,2,146,0,0
"fe80::f17b:6c72:fea6:5dc5",52658,2,186,0,0,2,186,0,0
"192.168.1.62",52658,2,146,0,0,2,146,0,0
"fe80::f17b:6c72:fea6:5dc5",52409,2,186,0,0,2,186,0,0
"192.168.1.62",52409,2,146,0,0,2,146,0,0
"192.168.1.1",55246,7,2779,0,0,7,2779,0,0
"192.168.1.1",60396,2,884,0,0,2,884,0,0
"192.168.1.177",55544,4,848,0,0,4,848,0,0
"2001:14ba:a051:8c00:61b5:31a4:d1f8:cc83",58189,1,96,0,0,1,96,0,0
"192.168.1.177",58189,2,205,0,0,1,76,1,129
"2001:14ba:a051:8c00:61b5:31a4:d1f8:cc83",54781,1,103,0,0,1,103,0,0
"192.168.1.177",54781,2,182,0,0,1,83,1,99
"192.168.1.1",51290,6,2354,0,0,6,2354,0,0
"2001:14ba:a051:8c00:61b5:31a4:d1f8:cc83",59176,1,110,0,0,1,110,0,0
"2001:14ba:a051:8c00:61b5:31a4:d1f8:cc83",55814,1,110,0,0,1,110,0,0
"192.168.1.177",59176,2,196,0,0,1,90,1,106
"192.168.1.177",55814,2,241,0,0,1,90,1,151
"2001:14ba:a051:8c00:61b5:31a4:d1f8:cc83",57017,1,110,0,0,1,110,0,0
"192.168.1.177",57017,3,247,0,0,2,157,1,90
"2001:14ba:a051:8c00:61b5:31a4:d1f8:cc83",61028,1,94,0,0,1,94,0,0
"192.168.1.177",61028,2,247,0,0,1,74,1,173
"2001:14ba:a051:8c00:61b5:31a4:d1f8:cc83",58096,1,101,0,0,1,101,0,0
"192.168.1.177",58096,2,194,0,0,1,81,1,113
"192.168.1.1",55799,2,884,0,0,2,884,0,0
"2001:14ba:a051:8c00:61b5:31a4:d1f8:cc83",60214,1,96,0,0,1,96,0,0
"2001:14ba:a051:8c00:61b5:31a4:d1f8:cc83",62858,1,96,0,0,1,96,0,0
"192.168.1.177",60214,2,184,0,0,1,76,1,108
"192.168.1.177",62858,2,208,0,0,1,76,1,132
"2001:14ba:a051:8c00:61b5:31a4:d1f8:cc83",55432,1,96,0,0,1,96,0,0
"192.168.1.177",55432,2,184,0,0,1,76,1,108
"2001:14ba:a051:8c00:61b5:31a4:d1f8:cc83",52899,1,96,0,0,1,96,0,0
"192.168.1.177",52899,2,208,0,0,1,76,1,132
"2001:14ba:a051:8c00:61b5:31a4:d1f8:cc83",52900,13,18187,0,0,13,18187,0,0
"2606:4700:4400::6812:2439",443,13,18187,0,0,0,0,13,18187
"fe80::f17b:6c72:fea6:5dc5",50322,2,186,0,0,2,186,0,0
"192.168.1.62",50322,2,146,0,0,2,146,0,0
"fe80::f17b:6c72:fea6:5dc5",57901,4,372,0,0,4,372,0,0
"192.168.1.62",57901,4,292,0,0,4,292,0,0
"fe80::f17b:6c72:fea6:5dc5",57539,2,186,0,0,2,186,0,0
"192.168.1.62",57539,2,146,0,0,2,146,0,0
"fe80::f17b:6c72:fea6:5dc5",65207,2,186,0,0,2,186,0,0
"192.168.1.62",65207,2,146,0,0,2,146,0,0
"192.168.1.1",48132,6,2354,0,0,6,2354,0,0
"fe80::f17b:6c72:fea6:5dc5",49745,2,186,0,0,2,186,0,0
"192.168.1.62",49745,2,146,0,0,2,146,0,0
"fe80::f17b:6c72:fea6:5dc5",64438,2,186,0,0,2,186,0,0
"192.168.1.62",64438,2,146,0,0,2,146,0,0
"fe80::f17b:6c72:fea6:5dc5",49932,2,186,0,0,2,186,0,0
"192.168.1.62",49932,2,146,0,0,2,146,0,0
"192.168.1.1",57363,2,884,0,0,2,884,0,0
"2001:14ba:a051:8c00:61b5:31a4:d1f8:cc83",49905,1,104,0,0,1,104,0,0
"2001:14ba:a051:8c00:61b5:31a4:d1f8:cc83",55628,1,104,0,0,1,104,0,0
"192.168.1.177",49905,4,444,0,0,2,174,2,270
"192.168.1.177",55628,2,308,0,0,1,84,1,224
"2001:14ba:a051:8c00:61b5:31a4:d1f8:cc83",50883,1,104,0,0,1,104,0,0
"192.168.1.177",50883,2,248,0,0,1,84,1,164
"2001:14ba:a051:8c00:61b5:31a4:d1f8:cc83",54788,1,104,0,0,1,104,0,0
"192.168.1.177",54788,2,308,0,0,1,84,1,224
"fe80::f17b:6c72:fea6:5dc5",60676,2,186,0,0,2,186,0,0
"fe80::f17b:6c72:fea6:5dc5",59459,2,186,0,0,2,186,0,0
"192.168.1.62",60676,2,146,0,0,2,146,0,0
"192.168.1.62",59459,2,146,0,0,2,146,0,0
"fe80::f17b:6c72:fea6:5dc5",56916,2,186,0,0,2,186,0,0
"192.168.1.62",56916,2,146,0,0,2,146,0,0
"fe80::f17b:6c72:fea6:5dc5",54353,2,186,0,0,2,186,0,0
"192.168.1.62",54353,2,146,0,0,2,146,0,0
"fe80::f17b:6c72:fea6:5dc5",58696,2,186,0,0,2,186,0,0
"192.168.1.62",58696,2,146,0,0,2,146,0,0
"fe80::f17b:6c72:fea6:5dc5",51323,2,186,0,0,2,186,0,0
"192.168.1.62",51323,2,146,0,0,2,146,0,0
"2001:14ba:a051:8c00:61b5:31a4:d1f8:cc83",56978,2,188,0,0,2,188,0,0
"fe80::f17b:6c72:fea6:5dc5",64174,2,186,0,0,2,186,0,0
"192.168.1.62",64174,2,146,0,0,2,146,0,0
"fe80::f17b:6c72:fea6:5dc5",55373,2,186,0,0,2,186,0,0
"192.168.1.62",55373,2,146,0,0,2,146,0,0
"fe80::f17b:6c72:fea6:5dc5",49326,2,186,0,0,2,186,0,0
"192.168.1.62",49326,2,146,0,0,2,146,0,0
"fe80::f17b:6c72:fea6:5dc5",55944,4,372,0,0,4,372,0,0
"192.168.1.62",55944,4,292,0,0,4,292,0,0
"192.168.1.177",56978,2,164,0,0,1,74,1,90
"2001:14ba:a051:8c00:61b5:31a4:d1f8:cc83",62676,1,94,0,0,1,94,0,0
"2001:14ba:a051:8c00:61b5:31a4:d1f8:cc83",58313,1,94,0,0,1,94,0,0
"192.168.1.177",62676,2,164,0,0,1,74,1,90
"192.168.1.177",58313,2,213,0,0,1,74,1,139
"2001:14ba:a051:8c00:61b5:31a4:d1f8:cc83",56535,1,94,0,0,1,94,0,0
"192.168.1.177",56535,2,148,0,0,1,74,1,74
"192.168.1.177",56536,4,868,0,0,4,868,0,0
"2001:14ba:a051:8c00:61b5:31a4:d1f8:cc83",53730,2,200,0,0,2,200,0,0
"2001:14ba:a051:8c00:61b5:31a4:d1f8:cc83",57201,2,200,0,0,2,200,0,0
"192.168.1.62",55946,4,868,0,0,4,868,0,0
"fe80::f17b:6c72:fea6:5dc5",55926,2,186,0,0,2,186,0,0
"192.168.1.62",55926,2,146,0,0,2,146,0,0
"fe80::f17b:6c72:fea6:5dc5",53055,2,186,0,0,2,186,0,0
"192.168.1.62",53055,2,146,0,0,2,146,0,0
"fe80::f17b:6c72:fea6:5dc5",57072,2,186,0,0,2,186,0,0
"192.168.1.62",57072,2,146,0,0,2,146,0,0
"fe80::f17b:6c72:fea6:5dc5",58254,4,372,0,0,4,372,0,0
"192.168.1.62",58254,4,292,0,0,4,292,0,0
"192.168.1.177",53730,2,176,0,0,1,80,1,96
"192.168.1.177",57201,2,225,0,0,1,80,1,145
"2001:14ba:a051:8c00:61b5:31a4:d1f8:cc83",64685,1,100,0,0,1,100,0,0
"192.168.1.177",64685,2,176,0,0,1,80,1,96
"2001:14ba:a051:8c00:61b5:31a4:d1f8:cc83",52378,1,100,0,0,1,100,0,0
"2001:14ba:a051:8c00:61b5:31a4:d1f8:cc83",62041,1,111,0,0,1,111,0,0
"2001:14ba:a051:8c00:61b5:31a4:d1f8:cc83",61290,1,111,0,0,1,111,0,0
"192.168.1.177",61290,2,247,0,0,1,91,1,156
"192.168.1.177",62041,2,198,0,0,1,91,1,107
"2001:14ba:a051:8c00:61b5:31a4:d1f8:cc83",59287,1,111,0,0,1,111,0,0
"192.168.1.177",59287,4,406,0,0,2,167,2,239
"2001:14ba:a051:8c00:61b5:31a4:d1f8:cc83",61365,1,111,0,0,1,111,0,0
"192.168.1.177",61365,2,182,0,0,1,91,1,91
"192.168.1.1",47160,8,3238,0,0,8,3238,0,0
"192.168.1.1",41900,2,884,0,0,2,884,0,0
"fe80::f17b:6c72:fea6:5dc5",62289,2,186,0,0,2,186,0,0
"192.168.1.62",62289,2,146,0,0,2,146,0,0
"fe80::f17b:6c72:fea6:5dc5",58291,2,186,0,0,2,186,0,0
"192.168.1.62",58291,2,146,0,0,2,146,0,0
"fe80::f17b:6c72:fea6:5dc5",53213,2,186,0,0,2,186,0,0
"192.168.1.62",53213,2,146,0,0,2,146,0,0
"fe80::f17b:6c72:fea6:5dc5",64639,2,186,0,0,2,186,0,0
"192.168.1.62",64639,2,146,0,0,2,146,0,0
"192.168.1.1",50348,2,884,0,0,2,884,0,0
"fe80::f17b:6c72:fea6:5dc5",61732,2,186,0,0,2,186,0,0
"192.168.1.62",61732,2,146,0,0,2,146,0,0
"fe80::f17b:6c72:fea6:5dc5",49308,2,186,0,0,2,186,0,0
"192.168.1.62",49308,2,146,0,0,2,146,0,0
"2001:14ba:a051:8c00:61b5:31a4:d1f8:cc83",65488,1,91,0,0,1,91,0,0
"192.168.1.177",65488,2,158,0,0,1,71,1,87
"2001:14ba:a051:8c00:61b5:31a4:d1f8:cc83",58362,1,91,0,0,1,91,0,0
"192.168.1.177",58362,2,158,0,0,1,71,1,87
"2001:14ba:a051:8c00:61b5:31a4:d1f8:cc83",63599,1,91,0,0,1,91,0,0
"192.168.1.177",63599,2,142,0,0,1,71,1,71
"2001:14ba:a051:8c00:61b5:31a4:d1f8:cc83",51509,1,99,0,0,1,99,0,0
"2001:14ba:a051:8c00:61b5:31a4:d1f8:cc83",62507,1,99,0,0,1,99,0,0
"192.168.1.177",62507,2,186,0,0,1,79,1,107
"192.168.1.177",51509,2,174,0,0,1,79,1,95
"2001:14ba:a051:8c00:61b5:31a4:d1f8:cc83",60926,1,99,0,0,1,99,0,0
"192.168.1.177",60926,2,174,0,0,1,79,1,95
"2001:14ba:a051:8c00:61b5:31a4:d1f8:cc83",64035,1,99,0,0,1,99,0,0
"192.168.1.177",64035,2,186,0,0,1,79,1,107
"2001:14ba:a051:8c00:61b5:31a4:d1f8:cc83",56687,1,93,0,0,1,93,0,0
"2001:14ba:a051:8c00:61b5:31a4:d1f8:cc83",49334,1,107,0,0,1,107,0,0
"192.168.1.177",56687,2,197,0,0,1,73,1,124
"192.168.1.177",49334,2,223,0,0,1,87,1,136
"2001:14ba:a051:8c00:61b5:31a4:d1f8:cc83",63535,13,18187,0,0,13,18187,0,0
"2a00:1450:4026:804::200a",443,26,36374,0,0,0,0,26,36374
"2001:14ba:a051:8c00:61b5:31a4:d1f8:cc83",51018,1,107,0,0,1,107,0,0
"192.168.1.1",46472,1,92,0,0,1,92,0,0
"fe80::f17b:6c72:fea6:5dc5",54682,1,93,0,0,1,93,0,0
"192.168.1.62",54682,2,146,0,0,2,146,0,0
"fe80::f17b:6c72:fea6:5dc5",53205,1,93,0,0,1,93,0,0
"192.168.1.62",53205,1,73,0,0,1,73,0,0
"fe80::f17b:6c72:fea6:5dc5",51681,1,93,0,0,1,93,0,0
"192.168.1.62",51681,1,73,0,0,1,73,0,0
"fe80::f17b:6c72:fea6:5dc5",52750,3,279,0,0,3,279,0,0
"192.168.1.62",52750,4,292,0,0,4,292,0,0
"2001:14ba:a051:8c00:61b5:31a4:d1f8:cc83",52503,1,108,0,0,1,108,0,0
"192.168.1.177",52503,2,243,0,0,1,88,1,155
"fe80::f17b:6c72:fea6:5dc5",57484,2,186,0,0,2,186,0,0
"192.168.1.62",57484,2,146,0,0,2,146,0,0
"fe80::f17b:6c72:fea6:5dc5",59426,2,186,0,0,2,186,0,0
"192.168.1.62",59426,1,73,0,0,1,73,0,0
"fe80::f17b:6c72:fea6:5dc5",64116,1,93,0,0,1,93,0,0
"192.168.1.62",64116,1,73,0,0,1,73,0,0
"fe80::f17b:6c72:fea6:5dc5",52126,1,93,0,0,1,93,0,0
"192.168.1.62",52126,1,73,0,0,1,73,0,0
"fe80::f17b:6c72:fea6:5dc5",58499,2,186,0,0,2,186,0,0
"fe80::f17b:6c72:fea6:5dc5",61112,2,186,0,0,2,186,0,0
"192.168.1.62",61112,2,146,0,0,2,146,0,0
"192.168.1.62",58499,2,146,0,0,2,146,0,0
"fe80::f17b:6c72:fea6:5dc5",62381,2,186,0,0,2,186,0,0
"fe80::f17b:6c72:fea6:5dc5",58966,2,186,0,0,2,186,0,0
"192.168.1.62",58966,2,146,0,0,2,146,0,0
"192.168.1.62",62381,2,146,0,0,2,146,0,0
"2001:14ba:a051:8c00:61b5:31a4:d1f8:cc83",50175,1,100,0,0,1,100,0,0
"192.168.1.177",50175,2,207,0,0,1,80,1,127
"2001:14ba:a051:8c00:61b5:31a4:d1f8:cc83",50616,1,108,0,0,1,108,0,0
"192.168.1.177",50616,2,176,0,0,1,88,1,88
"192.168.1.1",58958,6,2354,0,0,6,2354,0,0
"2001:14ba:a051:8c00:61b5:31a4:d1f8:cc83",60418,1,108,0,0,1,108,0,0
"192.168.1.177",60418,2,192,0,0,1,88,1,104
"192.168.1.1",37643,2,884,0,0,2,884,0,0
"fe80::f17b:6c72:fea6:5dc5",61724,2,186,0,0,2,186,0,0
"192.168.1.62",61724,2,146,0,0,2,146,0,0
"fe80::f17b:6c72:fea6:5dc5",63866,4,372,0,0,4,372,0,0
"192.168.1.62",63866,4,292,0,0,4,292,0,0
"fe80::f17b:6c72:fea6:5dc5",54202,2,186,0,0,2,186,0,0
"192.168.1.62",54202,2,146,0,0,2,146,0,0
"2001:14ba:a051:8c00:61b5:31a4:d1f8:cc83",50432,1,89,0,0,1,89,0,0
"2001:14ba:a051:8c00:61b5:31a4:d1f8:cc83",59975,1,89,0,0,1,89,0,0
"fe80::f17b:6c72:fea6:5dc5",51574,4,372,0,0,4,372,0,0
"192.168.1.62",51574,4,292,0,0,4,292,0,0
"fe80::f17b:6c72:fea6:5dc5",56483,2,186,0,0,2,186,0,0
"192.168.1.62",56483,2,146,0,0,2,146,0,0
"192.168.1.177",52739,4,628,0,0,2,154,2,474
"192.168.1.177",63184,2,395,0,0,1,69,1,326
"192.168.1.177",54908,2,424,0,0,1,69,1,355
"192.168.1.177",49616,2,428,0,0,1,69,1,359
"192.168.1.177",50911,2,404,0,0,1,69,1,335
"192.168.1.177",55275,2,424,0,0,1,69,1,355
"192.168.1.1",46148,6,2354,0,0,6,2354,0,0
"192.168.1.177",59975,2,138,0,0,1,69,1,69
"192.168.1.177",50432,2,154,0,0,1,69,1,85
"192.168.1.177",63162,2,154,0,0,1,69,1,85
"192.168.1.177",56911,2,138,0,0,1,69,1,69
"192.168.1.1",33630,2,884,0,0,2,884,0,0
"fe80::f17b:6c72:fea6:5dc5",51144,2,186,0,0,2,186,0,0
"192.168.1.62",51144,2,146,0,0,2,146,0,0
"fe80::f17b:6c72:fea6:5dc5",58488,2,186,0,0,2,186,0,0
"192.168.1.62",58488,2,146,0,0,2,146,0,0
"192.168.1.253",64294,4,868,0,0,4,868,0,0
"192.168.1.1",40110,6,2354,0,0,6,2354,0,0
"192.168.1.1",56879,2,884,0,0,2,884,0,0
"fe80::f17b:6c72:fea6:5dc5",51250,2,186,0,0,2,186,0,0
"192.168.1.62",51250,2,146,0,0,2,146,0,0
"fe80::f17b:6c72:fea6:5dc5",59248,2,186,0,0,2,186,0,0
"192.168.1.62",59248,2,146,0,0,2,146,0,0
"fe80::f17b:6c72:fea6:5dc5",50167,2,186,0,0,2,186,0,0
"192.168.1.62",50167,2,146,0,0,2,146,0,0
"192.168.1.1",59119,6,2354,0,0,6,2354,0,0
"192.168.1.1",42233,2,884,0,0,2,884,0,0
"fe80::f17b:6c72:fea6:5dc5",56857,2,186,0,0,2,186,0,0
"192.168.1.62",56857,2,146,0,0,2,146,0,0
"fe80::f17b:6c72:fea6:5dc5",62631,4,372,0,0,4,372,0,0
"192.168.1.62",62631,4,292,0,0,4,292,0,0
"fe80::f17b:6c72:fea6:5dc5",56321,2,186,0,0,2,186,0,0
"192.168.1.62",56321,2,146,0,0,2,146,0,0
"fe80::f17b:6c72:fea6:5dc5",58722,2,186,0,0,2,186,0,0
"192.168.1.62",58722,2,146,0,0,2,146,0,0
"fe80::f17b:6c72:fea6:5dc5",50089,4,372,0,0,4,372,0,0
"192.168.1.62",50089,4,292,0,0,4,292,0,0
"fe80::f17b:6c72:fea6:5dc5",60696,2,186,0,0,2,186,0,0
"192.168.1.62",60696,2,146,0,0,2,146,0,0
"fe80::f17b:6c72:fea6:5dc5",53695,2,186,0,0,2,186,0,0
"192.168.1.62",53695,2,146,0,0,2,146,0,0
"fe80::f17b:6c72:fea6:5dc5",61623,2,186,0,0,2,186,0,0
"192.168.1.62",61623,2,146,0,0,2,146,0,0
"fe80::f17b:6c72:fea6:5dc5",59284,2,186,0,0,2,186,0,0
"192.168.1.62",59284,2,146,0,0,2,146,0,0
"fe80::f17b:6c72:fea6:5dc5",53898,2,186,0,0,2,186,0,0
"192.168.1.62",53898,2,146,0,0,2,146,0,0
"fe80::f17b:6c72:fea6:5dc5",51795,2,186,0,0,2,186,0,0
"192.168.1.62",51795,2,146,0,0,2,146,0,0
"fe80::f17b:6c72:fea6:5dc5",59690,2,186,0,0,2,186,0,0
"192.168.1.62",59690,2,146,0,0,2,146,0,0
"fe80::f17b:6c72:fea6:5dc5",61625,2,186,0,0,2,186,0,0
"192.168.1.62",61625,2,146,0,0,2,146,0,0
"fe80::f17b:6c72:fea6:5dc5",58048,2,186,0,0,2,186,0,0
"192.168.1.62",58048,2,146,0,0,2,146,0,0
"fe80::f17b:6c72:fea6:5dc5",61812,2,186,0,0,2,186,0,0
"192.168.1.62",61812,2,146,0,0,2,146,0,0
"fe80::f17b:6c72:fea6:5dc5",63527,2,186,0,0,2,186,0,0
"192.168.1.62",63527,2,146,0,0,2,146,0,0
"fe80::f17b:6c72:fea6:5dc5",62205,4,372,0,0,4,372,0,0
"192.168.1.62",62205,4,292,0,0,4,292,0,0
"fe80::f17b:6c72:fea6:5dc5",56913,2,186,0,0,2,186,0,0
"192.168.1.62",56913,2,146,0,0,2,146,0,0
"fe80::f17b:6c72:fea6:5dc5",58270,4,372,0,0,4,372,0,0
"192.168.1.62",58270,4,292,0,0,4,292,0,0
"192.168.1.1",52411,6,2354,0,0,6,2354,0,0
"192.168.1.1",38672,2,884,0,0,2,884,0,0
"192.168.1.1",56336,1,92,0,0,1,92,0,0
"fe80::f17b:6c72:fea6:5dc5",59236,2,186,0,0,2,186,0,0
"192.168.1.62",59236,2,146,0,0,2,146,0,0
"fe80::f17b:6c72:fea6:5dc5",60152,2,186,0,0,2,186,0,0
"192.168.1.62",60152,2,146,0,0,2,146,0,0
"fe80::f17b:6c72:fea6:5dc5",65409,2,186,0,0,2,186,0,0
"192.168.1.62",65409,2,146,0,0,2,146,0,0
"192.168.1.1",46007,6,2354,0,0,6,2354,0,0
"192.168.1.1",35076,2,884,0,0,2,884,0,0
"fe80::f17b:6c72:fea6:5dc5",54935,2,186,0,0,2,186,0,0
"192.168.1.62",54935,2,146,0,0,2,146,0,0
"fe80::f17b:6c72:fea6:5dc5",60103,2,186,0,0,2,186,0,0
"192.168.1.62",60103,2,146,0,0,2,146,0,0
"192.168.1.62",53509,3,537,0,0,3,537,0,0
"192.168.1.177",58058,2,154,0,0,1,69,1,85
"192.168.1.177",51415,2,138,0,0,1,69,1,69
"fe80::f17b:6c72:fea6:5dc5",50777,2,186,0,0,2,186,0,0
"192.168.1.62",50777,2,146,0,0,2,146,0,0
"fe80::f17b:6c72:fea6:5dc5",52282,2,186,0,0,2,186,0,0
"192.168.1.62",52282,2,146,0,0,2,146,0,0
"fe80::f17b:6c72:fea6:5dc5",62751,2,186,0,0,2,186,0,0
"192.168.1.62",62751,2,146,0,0,2,146,0,0
"fe80::f17b:6c72:fea6:5dc5",56994,2,186,0,0,2,186,0,0
"192.168.1.62",56994,2,146,0,0,2,146,0,0
"fe80::f17b:6c72:fea6:5dc5",61241,2,186,0,0,2,186,0,0
"192.168.1.62",61241,2,146,0,0,2,146,0,0
"fe80::f17b:6c72:fea6:5dc5",54661,2,186,0,0,2,186,0,0
"192.168.1.62",54661,2,146,0,0,2,146,0,0
"192.168.1.1",56213,6,2354,0,0,6,2354,0,0
"fe80::f17b:6c72:fea6:5dc5",56003,6,558,0,0,6,558,0,0
"fe80::f17b:6c72:fea6:5dc5",64470,2,186,0,0,2,186,0,0
"192.168.1.62",64470,2,146,0,0,2,146,0,0
"fe80::f17b:6c72:fea6:5dc5",53299,2,186,0,0,2,186,0,0
"192.168.1.62",53299,2,146,0,0,2,146,0,0
"192.168.1.62",56003,5,365,0,0,5,365,0,0
"192.168.1.1",45804,2,884,0,0,2,884,0,0
"192.168.1.177",56183,4,588,0,0,2,168,2,420
"192.168.1.177",49184,2,222,0,0,1,103,1,119
"fe80::f17b:6c72:fea6:5dc5",53744,2,186,0,0,2,186,0,0
"192.168.1.62",53744,2,146,0,0,2,146,0,0
"fe80::f17b:6c72:fea6:5dc5",51372,2,186,0,0,2,186,0,0
"192.168.1.62",51372,2,146,0,0,2,146,0,0
"fe80::f17b:6c72:fea6:5dc5",60510,2,186,0,0,2,186,0,0
"192.168.1.62",60510,2,146,0,0,2,146,0,0
"fe80::f17b:6c72:fea6:5dc5",63672,2,186,0,0,2,186,0,0
"192.168.1.62",63672,2,146,0,0,2,146,0,0
"192.168.1.1",52852,6,2354,0,0,6,2354,0,0
"fe80::f17b:6c72:fea6:5dc5",52674,1,93,0,0,1,93,0,0
"192.168.1.62",52674,2,146,0,0,2,146,0,0
"fe80::f17b:6c72:fea6:5dc5",64207,1,93,0,0,1,93,0,0
"192.168.1.62",64207,1,73,0,0,1,73,0,0
"192.168.1.1",33973,2,884,0,0,2,884,0,0
"192.168.1.177",57866,2,193,0,0,1,77,1,116
"192.168.1.177",50772,2,174,0,0,1,79,1,95
"fe80::f17b:6c72:fea6:5dc5",61580,1,93,0,0,1,93,0,0
"192.168.1.62",61580,1,73,0,0,1,73,0,0
"fe80::f17b:6c72:fea6:5dc5",57149,3,279,0,0,3,279,0,0
"192.168.1.62",57149,3,219,0,0,3,219,0,0
"192.168.1.177",54956,4,848,0,0,4,848,0,0
"192.168.1.1",47424,6,2354,0,0,6,2354,0,0
"192.168.1.1",39814,8,3238,0,0,8,3238,0,0
"192.168.1.177",65366,2,180,0,0,1,74,1,106
"192.168.1.177",65381,2,204,0,0,1,74,1,130
"2001:14ba:a051:8c00:61b5:31a4:d1f8:cc83",65381,1,94,0,0,1,94,0,0
"2001:14ba:a051:8c00:61b5:31a4:d1f8:cc83",65366,1,94,0,0,1,94,0,0
"fe80::f17b:6c72:fea6:5dc5",65249,2,186,0,0,2,186,0,0
"192.168.1.62",65249,2,146,0,0,2,146,0,0
"fe80::f17b:6c72:fea6:5dc5",53962,2,186,0,0,2,186,0,0
"192.168.1.62",53962,2,146,0,0,2,146,0,0
"fe80::f17b:6c72:fea6:5dc5",56505,2,186,0,0,2,186,0,0
"192.168.1.62",56505,2,146,0,0,2,146,0,0
"192.168.1.1",47619,6,2354,0,0,6,2354,0,0
"192.168.1.1",40619,2,884,0,0,2,884,0,0
"192.168.1.1",48649,1,92,0,0,1,92,0,0
"fe80::f17b:6c72:fea6:5dc5",56158,4,372,0,0,4,372,0,0
"192.168.1.62",56158,4,292,0,0,4,292,0,0
"fe80::f17b:6c72:fea6:5dc5",58993,2,186,0,0,2,186,0,0
"192.168.1.62",58993,2,146,0,0,2,146,0,0
"fe80::f17b:6c72:fea6:5dc5",58806,2,186,0,0,2,186,0,0
"192.168.1.62",58806,2,146,0,0,2,146,0,0
"192.168.1.177",60099,2,182,0,0,1,83,1,99
"192.168.1.177",64178,2,194,0,0,1,83,1,111
"192.168.1.177",61199,4,376,0,0,2,166,2,210
"192.168.1.177",50778,2,194,0,0,1,83,1,111
"fe80::f17b:6c72:fea6:5dc5",62980,2,186,0,0,2,186,0,0
"192.168.1.62",62980,2,146,0,0,2,146,0,0
"fe80::f17b:6c72:fea6:5dc5",63112,2,186,0,0,2,186,0,0
"192.168.1.62",63112,2,146,0,0,2,146,0,0
"fe80::f17b:6c72:fea6:5dc5",51722,2,186,0,0,2,186,0,0
"192.168.1.62",51722,2,146,0,0,2,146,0,0
"fe80::f17b:6c72:fea6:5dc5",56401,4,372,0,0,4,372,0,0
"192.168.1.62",56401,4,292,0,0,4,292,0,0
"fe80::f17b:6c72:fea6:5dc5",55655,2,186,0,0,2,186,0,0
"192.168.1.62",55655,2,146,0,0,2,146,0,0
"fe80::f17b:6c72:fea6:5dc5",53564,2,186,0,0,2,186,0,0
"192.168.1.62",53564,2,146,0,0,2,146,0,0
"fe80::f17b:6c72:fea6:5dc5",64298,2,186,0,0,2,186,0,0
"192.168.1.62",64298,2,146,0,0,2,146,0,0
"192.168.1.177",61961,4,868,0,0,4,868,0,0
"fe80::f17b:6c72:fea6:5dc5",65331,2,186,0,0,2,186,0,0
"192.168.1.62",65331,2,146,0,0,2,146,0,0
"fe80::f17b:6c72:fea6:5dc5",60281,2,186,0,0,2,186,0,0
"192.168.1.62",60281,2,146,0,0,2,146,0,0
"fe80::f17b:6c72:fea6:5dc5",64425,2,186,0,0,2,186,0,0
"192.168.1.62",64425,2,146,0,0,2,146,0,0
"192.168.1.62",64427,6,1014,0,0,6,1014,0,0
"192.168.1.1",50366,6,2354,0,0,6,2354,0,0
"192.168.1.1",43140,2,884,0,0,2,884,0,0
"fe80::f17b:6c72:fea6:5dc5",54688,2,186,0,0,2,186,0,0
"192.168.1.62",54688,2,146,0,0,2,146,0,0
"fe80::f17b:6c72:fea6:5dc5",54194,2,186,0,0,2,186,0,0
"fe80::f17b:6c72:fea6:5dc5",61587,2,186,0,0,2,186,0,0
"192.168.1.62",61587,2,146,0,0,2,146,0,0
"192.168.1.62",54194,2,146,0,0,2,146,0,0
"fe80::f17b:6c72:fea6:5dc5",52196,4,372,0,0,4,372,0,0
"192.168.1.62",52196,4,292,0,0,4,292,0,0
"fe80::f17b:6c72:fea6:5dc5",63962,2,186,0,0,2,186,0,0
"192.168.1.62",63962,2,146,0,0,2,146,0,0
"fe80::f17b:6c72:fea6:5dc5",52208,2,186,0,0,2,186,0,0
"192.168.1.62",52208,2,146,0,0,2,146,0,0
"192.168.1.1",36136,6,2354,0,0,6,2354,0,0
"192.168.1.1",45194,2,884,0,0,2,884,0,0
"fe80::f17b:6c72:fea6:5dc5",55647,2,186,0,0,2,186,0,0
"192.168.1.62",55647,2,146,0,0,2,146,0,0
"fe80::f17b:6c72:fea6:5dc5",62274,2,186,0,0,2,186,0,0
"192.168.1.62",62274,2,146,0,0,2,146,0,0
"fe80::f17b:6c72:fea6:5dc5",52379,2,186,0,0,2,186,0,0
"192.168.1.62",52379,2,146,0,0,2,146,0,0
"fe80::f17b:6c72:fea6:5dc5",56661,2,186,0,0,2,186,0,0
"192.168.1.62",56661,2,146,0,0,2,146,0,0
"192.168.1.62",59842,2,146,0,0,2,146,0,0
"fe80::f17b:6c72:fea6:5dc5",59842,1,93,0,0,1,93,0,0
"fe80::f17b:6c72:fea6:5dc5",55097,2,186,0,0,2,186,0,0
"192.168.1.62",55097,2,146,0,0,2,146,0,0
"fe80::f17b:6c72:fea6:5dc5",58306,4,372,0,0,4,372,0,0
"192.168.1.62",58306,4,292,0,0,4,292,0,0
"fe80::f17b:6c72:fea6:5dc5",56248,2,186,0,0,2,186,0,0
"192.168.1.62",56248,2,146,0,0,2,146,0,0
"fe80::f17b:6c72:fea6:5dc5",61082,2,186,0,0,2,186,0,0
"192.168.1.62",61082,2,146,0,0,2,146,0,0
"fe80::f17b:6c72:fea6:5dc5",58485,2,186,0,0,2,186,0,0
"192.168.1.62",58485,2,146,0,0,2,146,0,0
"fe80::f17b:6c72:fea6:5dc5",59686,2,186,0,0,2,186,0,0
"192.168.1.62",59686,2,146,0,0,2,146,0,0
"fe80::f17b:6c72:fea6:5dc5",61723,1,93,0,0,1,93,0,0
"192.168.1.62",61723,1,73,0,0,1,73,0,0
"fe80::f17b:6c72:fea6:5dc5",57338,2,186,0,0,2,186,0,0
"192.168.1.62",57338,2,146,0,0,2,146,0,0
"192.168.1.62",51740,2,146,0,0,2,146,0,0
"fe80::f17b:6c72:fea6:5dc5",55137,2,186,0,0,2,186,0,0
"192.168.1.62",55137,2,146,0,0,2,146,0,0
"fe80::f17b:6c72:fea6:5dc5",58847,2,186,0,0,2,186,0,0
"192.168.1.62",58847,2,146,0,0,2,146,0,0
"fe80::f17b:6c72:fea6:5dc5",51740,1,93,0,0,1,93,0,0
"192.168.1.1",50509,6,2354,0,0,6,2354,0,0
"192.168.1.1",49927,2,884,0,0,2,884,0,0
"fe80::f17b:6c72:fea6:5dc5",60775,2,186,0,0,2,186,0,0
"192.168.1.62",60775,2,146,0,0,2,146,0,0
"fe80::f17b:6c72:fea6:5dc5",54120,2,186,0,0,2,186,0,0
"192.168.1.62",54120,2,146,0,0,2,146,0,0
"fe80::f17b:6c72:fea6:5dc5",61008,6,558,0,0,6,558,0,0
"192.168.1.62",61008,6,438,0,0,6,438,0,0
"fe80::f17b:6c72:fea6:5dc5",60799,2,186,0,0,2,186,0,0
"192.168.1.62",60799,2,146,0,0,2,146,0,0
"192.168.1.177",52752,2,176,0,0,1,80,1,96
"192.168.1.1",40779,6,2354,0,0,6,2354,0,0
"fe80::f17b:6c72:fea6:5dc5",60307,2,186,0,0,2,186,0,0
"192.168.1.62",60307,2,146,0,0,2,146,0,0
"fe80::f17b:6c72:fea6:5dc5",51824,2,186,0,0,2,186,0,0
"192.168.1.62",51824,2,146,0,0,2,146,0,0
"192.168.1.1",39013,2,884,0,0,2,884,0,0
"192.168.1.177",62582,2,194,0,0,1,83,1,111
"192.168.1.177",65134,2,194,0,0,1,83,1,111
"192.168.1.1",41295,1,92,0,0,1,92,0,0
"192.168.1.177",53768,2,419,0,0,1,69,1,350
"192.168.1.177",51110,2,395,0,0,1,69,1,326
"192.168.1.177",58370,2,424,0,0,1,69,1,355
"192.168.1.253",60904,4,868,0,0,4,868,0,0
"192.168.1.177",54213,2,428,0,0,1,69,1,359
"192.168.1.177",62120,2,404,0,0,1,69,1,335
"192.168.1.177",55826,2,424,0,0,1,69,1,355
"192.168.1.1",37392,6,2354,0,0,6,2354,0,0
"192.168.1.1",59975,2,884,0,0,2,884,0,0
"fe80::f17b:6c72:fea6:5dc5",61946,2,186,0,0,2,186,0,0
"192.168.1.62",61946,2,146,0,0,2,146,0,0
"fe80::f17b:6c72:fea6:5dc5",53258,2,186,0,0,2,186,0,0
"192.168.1.62",53258,2,146,0,0,2,146,0,0
"192.168.1.1",35573,6,2354,0,0,6,2354,0,0
"fe80::f17b:6c72:fea6:5dc5",63212,2,186,0,0,2,186,0,0
"192.168.1.62",63212,2,146,0,0,2,146,0,0
"192.168.1.1",33936,2,884,0,0,2,884,0,0
"fe80::f17b:6c72:fea6:5dc5",52488,4,372,0,0,4,372,0,0
"192.168.1.62",52488,4,292,0,0,4,292,0,0
"fe80::f17b:6c72:fea6:5dc5",49892,2,186,0,0,2,186,0,0
"192.168.1.62",49892,2,146,0,0,2,146,0,0
"fe80::f17b:6c72:fea6:5dc5",60866,2,186,0,0,2,186,0,0
"192.168.1.62",60866,2,146,0,0,2,146,0,0
"fe80::f17b:6c72:fea6:5dc5",61087,2,186,0,0,2,186,0,0
"192.168.1.62",61087,2,146,0,0,2,146,0,0
"fe80::f17b:6c72:fea6:5dc5",61571,2,186,0,0,2,186,0,0
"192.168.1.62",61571,2,146,0,0,2,146,0,0
"fe80::f17b:6c72:fea6:5dc5",63777,3,279,0,0,3,279,0,0
"192.168.1.62",63777,3,219,0,0,3,219,0,0
"fe80::f17b:6c72:fea6:5dc5",64419,1,93,0,0,1,93,0,0
"192.168.1.62",64419,1,73,0,0,1,73,0,0
"192.168.1.1",57011,6,2354,0,0,6,2354,0,0
"fe80::f17b:6c72:fea6:5dc5",63418,2,186,0,0,2,186,0,0
"192.168.1.62",63418,2,146,0,0,2,146,0,0
"192.168.1.1",53383,6,2354,0,0,6,2354,0,0
"192.168.1.1",52534,2,884,0,0,2,884,0,0
"fe80::f17b:6c72:fea6:5dc5",51868,2,186,0,0,2,186,0,0
"192.168.1.62",51868,2,146,0,0,2,146,0,0
"fe80::f17b:6c72:fea6:5dc5",64947,2,186,0,0,2,186,0,0
"192.168.1.62",64947,2,146,0,0,2,146,0,0
"fe80::f17b:6c72:fea6:5dc5",64784,2,186,0,0,2,186,0,0
"192.168.1.62",64784,2,146,0,0,2,146,0,0
"fe80::f17b:6c72:fea6:5dc5",53479,2,186,0,0,2,186,0,0
"192.168.1.62",53479,2,146,0,0,2,146,0,0
"fe80::f17b:6c72:fea6:5dc5",50516,2,186,0,0,2,186,0,0
"192.168.1.62",50516,2,146,0,0,2,146,0,0
"fe80::f17b:6c72:fea6:5dc5",49318,2,186,0,0,2,186,0,0
"192.168.1.62",49318,2,146,0,0,2,146,0,0
"fe80::f17b:6c72:fea6:5dc5",55684,2,186,0,0,2,186,0,0
"192.168.1.62",55684,2,146,0,0,2,146,0,0
"fe80::f17b:6c72:fea6:5dc5",64361,2,186,0,0,2,186,0,0
"192.168.1.62",64361,2,146,0,0,2,146,0,0
"fe80::f17b:6c72:fea6:5dc5",62147,2,186,0,0,2,186,0,0
"192.168.1.62",62147,2,146,0,0,2,146,0,0
"192.168.1.1",44815,1,92,0,0,1,92,0,0
"192.168.1.1",58221,6,2354,0,0,6,2354,0,0
"192.168.1.1",42052,4,1768,0,0,4,1768,0,0
"fe80::f17b:6c72:fea6:5dc5",61149,2,186,0,0,2,186,0,0
"192.168.1.62",61149,2,146,0,0,2,146,0,0
"fe80::f17b:6c72:fea6:5dc5",52402,2,186,0,0,2,186,0,0
"192.168.1.62",52402,2,146,0,0,2,146,0,0
"fe80::f17b:6c72:fea6:5dc5",50628,4,372,0,0,4,372,0,0
"192.168.1.62",50628,4,292,0,0,4,292,0,0
"fe80::f17b:6c72:fea6:5dc5",56209,2,186,0,0,2,186,0,0
"fe80::f17b:6c72:fea6:5dc5",64889,2,186,0,0,2,186,0,0
"192.168.1.62",56209,2,146,0,0,2,146,0,0
"192.168.1.62",64889,2,146,0,0,2,146,0,0
"fe80::f17b:6c72:fea6:5dc5",56956,2,186,0,0,2,186,0,0
"192.168.1.62",56956,2,146,0,0,2,146,0,0
"192.168.1.1",46601,6,2354,0,0,6,2354,0,0
"192.168.1.1",49463,2,884,0,0,2,884,0,0
"fe80::f17b:6c72:fea6:5dc5",57465,2,186,0,0,2,186,0,0
"192.168.1.62",57465,2,146,0,0,2,146,0,0
"fe80::f17b:6c72:fea6:5dc5",51877,2,186,0,0,2,186,0,0
"fe80::f17b:6c72:fea6:5dc5",52600,2,186,0,0,2,186,0,0
"192.168.1.62",52600,2,146,0,0,2,146,0,0
"192.168.1.62",51877,2,146,0,0,2,146,0,0
"192.168.1.177",63960,2,210,0,0,1,97,1,113
"192.168.1.177",58389,2,267,0,0,1,97,1,170
"fe80::f17b:6c72:fea6:5dc5",54434,2,186,0,0,2,186,0,0
"192.168.1.62",54434,2,146,0,0,2,146,0,0
"fe80::f17b:6c72:fea6:5dc5",60311,2,186,0,0,2,186,0,0
"192.168.1.62",60311,2,146,0,0,2,146,0,0
"fe80::f17b:6c72:fea6:5dc5",53297,2,186,0,0,2,186,0,0
"192.168.1.62",53297,2,146,0,0,2,146,0,0
"fe80::f17b:6c72:fea6:5dc5",52054,2,186,0,0,2,186,0,0
"192.168.1.62",52054,2,146,0,0,2,146,0,0
"fe80::f17b:6c72:fea6:5dc5",63901,2,186,0,0,2,186,0,0
"192.168.1.62",63901,2,146,0,0,2,146,0,0
"192.168.1.1",40750,6,2354,0,0,6,2354,0,0
"192.168.1.1",43191,2,884,0,0,2,884,0,0
"fe80::f17b:6c72:fea6:5dc5",58267,2,186,0,0,2,186,0,0
"192.168.1.62",58267,2,146,0,0,2,146,0,0
"fe80::f17b:6c72:fea6:5dc5",50448,2,186,0,0,2,186,0,0
"192.168.1.62",50448,2,146,0,0,2,146,0,0
"fe80::f17b:6c72:fea6:5dc5",55766,2,186,0,0,2,186,0,0
"192.168.1.62",55766,2,146,0,0,2,146,0,0
"fe80::f17b:6c72:fea6:5dc5",54127,2,186,0,0,2,186,0,0
"192.168.1.62",54127,2,146,0,0,2,146,0,0
"fe80::f17b:6c72:fea6:5dc5",61819,2,186,0,0,2,186,0,0
"192.168.1.62",61819,2,146,0,0,2,146,0,0
"fe80::f17b:6c72:fea6:5dc5",64615,2,186,0,0,2,186,0,0
"192.168.1.62",64615,2,146,0,0,2,146,0,0
"fe80::f17b:6c72:fea6:5dc5",50367,2,186,0,0,2,186,0,0
"192.168.1.62",50367,2,146,0,0,2,146,0,0
"192.168.1.1",51754,6,2354,0,0,6,2354,0,0
"fe80::f17b:6c72:fea6:5dc5",57199,2,186,0,0,2,186,0,0
"192.168.1.62",57199,2,146,0,0,2,146,0,0
"fe80::f17b:6c72:fea6:5dc5",62637,4,372,0,0,4,372,0,0
"192.168.1.62",62637,4,292,0,0,4,292,0,0
"192.168.1.1",35322,2,884,0,0,2,884,0,0
"fe80::f17b:6c72:fea6:5dc5",60867,4,372,0,0,4,372,0,0
"192.168.1.62",60867,4,292,0,0,4,292,0,0
"fe80::f17b:6c72:fea6:5dc5",60086,2,186,0,0,2,186,0,0
"192.168.1.62",60086,2,146,0,0,2,146,0,0
"fe80::f17b:6c72:fea6:5dc5",64147,3,279,0,0,3,279,0,0
"192.168.1.62",64147,3,219,0,0,3,219,0,0
"fe80::f17b:6c72:fea6:5dc5",57670,2,186,0,0,2,186,0,0
"192.168.1.62",57670,2,146,0,0,2,146,0,0
"fe80::f17b:6c72:fea6:5dc5",59844,2,186,0,0,2,186,0,0
"192.168.1.62",59844,2,146,0,0,2,146,0,0
"fe80::f17b:6c72:fea6:5dc5",56313,2,186,0,0,2,186,0,0
"192.168.1.62",56313,2,146,0,0,2,146,0,0
"fe80::f17b:6c72:fea6:5dc5",57324,2,186,0,0,2,186,0,0
"192.168.1.62",57324,2,146,0,0,2,146,0,0
"fe80::f17b:6c72:fea6:5dc5",54568,2,186,0,0,2,186,0,0
"192.168.1.62",54568,2,146,0,0,2,146,0,0
"fe80::f17b:6c72:fea6:5dc5",51359,2,186,0,0,2,186,0,0
"192.168.1.62",51359,2,146,0,0,2,146,0,0
"192.168.1.177",53125,4,868,0,0,4,868,0,0
"192.168.1.1",42545,6,2354,0,0,6,2354,0,0
"192.168.1.1",33196,2,884,0,0,2,884,0,0
"192.168.1.1",38396,1,92,0,0,1,92,0,0
"192.168.1.1",52243,6,2354,0,0,6,2354,0,0
"192.168.1.1",38308,2,884,0,0,2,884,0,0
"fe80::f17b:6c72:fea6:5dc5",62988,4,372,0,0,4,372,0,0
"192.168.1.62",62988,4,292,0,0,4,292,0,0
"fe80::f17b:6c72:fea6:5dc5",50714,2,186,0,0,2,186,0,0
"192.168.1.62",50714,2,146,0,0,2,146,0,0
"fe80::f17b:6c72:fea6:5dc5",53378,2,186,0,0,2,186,0,0
"192.168.1.62",53378,2,146,0,0,2,146,0,0
"fe80::f17b:6c72:fea6:5dc5",50093,2,186,0,0,2,186,0,0
"192.168.1.62",50093,2,146,0,0,2,146,0,0
"fe80::f17b:6c72:fea6:5dc5",60284,2,186,0,0,2,186,0,0
"192.168.1.62",60284,2,146,0,0,2,146,0,0
"fe80::f17b:6c72:fea6:5dc5",59287,2,186,0,0,2,186,0,0
"192.168.1.62",59287,2,146,0,0,2,146,0,0
"fe80::f17b:6c72:fea6:5dc5",54649,2,186,0,0,2,186,0,0
"192.168.1.62",54649,2,146,0,0,2,146,0,0
"fe80::f17b:6c72:fea6:5dc5",59854,4,372,0,0,4,372,0,0
"192.168.1.62",59854,4,292,0,0,4,292,0,0
"fe80::f17b:6c72:fea6:5dc5",60241,2,186,0,0,2,186,0,0
"192.168.1.62",60241,2,146,0,0,2,146,0,0
"fe80::f17b:6c72:fea6:5dc5",54804,2,186,0,0,2,186,0,0
"192.168.1.62",54804,2,146,0,0,2,146,0,0
"fe80::f17b:6c72:fea6:5dc5",51410,4,372,0,0,4,372,0,0
"192.168.1.62",51410,4,292,0,0,4,292,0,0
"192.168.1.1",41655,6,2354,0,0,6,2354,0,0
"192.168.1.1",53371,2,884,0,0,2,884,0,0
"fe80::f17b:6c72:fea6:5dc5",50438,2,186,0,0,2,186,0,0
"192.168.1.62",50438,2,146,0,0,2,146,0,0
"fe80::f17b:6c72:fea6:5dc5",65413,2,186,0,0,2,186,0,0
"192.168.1.62",65413,2,146,0,0,2,146,0,0
"fe80::f17b:6c72:fea6:5dc5",49294,2,186,0,0,2,186,0,0
"192.168.1.62",49294,2,146,0,0,2,146,0,0
"fe80::f17b:6c72:fea6:5dc5",55445,2,186,0,0,2,186,0,0
"192.168.1.62",55445,2,146,0,0,2,146,0,0
"fe80::f17b:6c72:fea6:5dc5",55183,2,186,0,0,2,186,0,0
"192.168.1.62",55183,2,146,0,0,2,146,0,0
"fe80::f17b:6c72:fea6:5dc5",58366,2,186,0,0,2,186,0,0
"192.168.1.62",58366,2,146,0,0,2,146,0,0
"fe80::f17b:6c72:fea6:5dc5",59788,2,186,0,0,2,186,0,0
"192.168.1.62",59788,2,146,0,0,2,146,0,0
"192.168.1.1",40324,6,2354,0,0,6,2354,0,0
"192.168.1.1",41709,2,884,0,0,2,884,0,0
"fe80::f17b:6c72:fea6:5dc5",57998,2,186,0,0,2,186,0,0
"192.168.1.62",57998,2,146,0,0,2,146,0,0
"fe80::f17b:6c72:fea6:5dc5",61167,2,186,0,0,2,186,0,0
"fe80::f17b:6c72:fea6:5dc5",56148,2,186,0,0,2,186,0,0
"192.168.1.62",61167,2,146,0,0,2,146,0,0
"192.168.1.62",56148,2,146,0,0,2,146,0,0
"fe80::f17b:6c72:fea6:5dc5",61139,2,186,0,0,2,186,0,0
"192.168.1.62",61139,2,146,0,0,2,146,0,0
"fe80::f17b:6c72:fea6:5dc5",65411,2,186,0,0,2,186,0,0
"192.168.1.62",65411,2,146,0,0,2,146,0,0
"fe80::f17b:6c72:fea6:5dc5",56476,2,186,0,0,2,186,0,0
"192.168.1.62",56476,2,146,0,0,2,146,0,0
"fe80::f17b:6c72:fea6:5dc5",53970,4,372,0,0,4,372,0,0
"192.168.1.62",53970,4,292,0,0,4,292,0,0
"fe80::f17b:6c72:fea6:5dc5",51863,2,186,0,0,2,186,0,0
"192.168.1.62",51863,2,146,0,0,2,146,0,0
"192.168.1.253",65506,4,868,0,0,4,868,0,0
"192.168.1.177",62568,2,190,0,0,1,87,1,103
"fe80::f17b:6c72:fea6:5dc5",55199,2,186,0,0,2,186,0,0
"192.168.1.62",55199,2,146,0,0,2,146,0,0
"192.168.1.1",50099,6,2354,0,0,6,2354,0,0
"192.168.1.1",59801,2,884,0,0,2,884,0,0
"fe80::f17b:6c72:fea6:5dc5",60356,2,186,0,0,2,186,0,0
"192.168.1.62",60356,2,146,0,0,2,146,0,0
"fe80::f17b:6c72:fea6:5dc5",50310,2,186,0,0,2,186,0,0
"192.168.1.62",50310,2,146,0,0,2,146,0,0
"192.168.1.1",51612,1,92,0,0,1,92,0,0
"fe80::f17b:6c72:fea6:5dc5",56669,2,186,0,0,2,186,0,0
"192.168.1.62",56669,2,146,0,0,2,146,0,0
"fe80::f17b:6c72:fea6:5dc5",60939,2,186,0,0,2,186,0,0
"192.168.1.62",60939,2,146,0,0,2,146,0,0
"192.168.1.1",58174,7,2779,0,0,7,2779,0,0
"fe80::f17b:6c72:fea6:5dc5",64706,2,186,0,0,2,186,0,0
"192.168.1.62",64706,2,146,0,0,2,146,0,0
"fe80::f17b:6c72:fea6:5dc5",57628,2,186,0,0,2,186,0,0
"192.168.1.62",57628,2,146,0,0,2,146,0,0
"192.168.1.1",33609,2,884,0,0,2,884,0,0
"fe80::f17b:6c72:fea6:5dc5",62952,2,186,0,0,2,186,0,0
"192.168.1.62",62952,2,146,0,0,2,146,0,0
"fe80::f17b:6c72:fea6:5dc5",60913,2,186,0,0,2,186,0,0
"192.168.1.62",60913,2,146,0,0,2,146,0,0
"fe80::f17b:6c72:fea6:5dc5",62244,2,186,0,0,2,186,0,0
"192.168.1.62",62244,2,146,0,0,2,146,0,0
"fe80::f17b:6c72:fea6:5dc5",61845,2,186,0,0,2,186,0,0
"192.168.1.62",61845,2,146,0,0,2,146,0,0
"fe80::f17b:6c72:fea6:5dc5",61825,2,186,0,0,2,186,0,0
"192.168.1.62",61825,2,146,0,0,2,146,0,0
"fe80::f17b:6c72:fea6:5dc5",60322,2,186,0,0,2,186,0,0
"192.168.1.62",60322,2,146,0,0,2,146,0,0
"fe80::f17b:6c72:fea6:5dc5",59698,2,186,0,0,2,186,0,0
"192.168.1.62",59698,2,146,0,0,2,146,0,0
"fe80::f17b:6c72:fea6:5dc5",58255,2,186,0,0,2,186,0,0
"192.168.1.62",58255,2,146,0,0,2,146,0,0
"fe80::f17b:6c72:fea6:5dc5",62206,2,186,0,0,2,186,0,0
"192.168.1.62",62206,2,146,0,0,2,146,0,0
"fe80::f17b:6c72:fea6:5dc5",54348,4,372,0,0,4,372,0,0
"192.168.1.62",54348,4,292,0,0,4,292,0,0
"fe80::f17b:6c72:fea6:5dc5",64868,2,186,0,0,2,186,0,0
"192.168.1.62",64868,2,146,0,0,2,146,0,0
"fe80::f17b:6c72:fea6:5dc5",53679,2,186,0,0,2,186,0,0
"192.168.1.62",53679,2,146,0,0,2,146,0,0
"192.168.1.1",49213,6,2354,0,0,6,2354,0,0
"192.168.1.1",56301,2,884,0,0,2,884,0,0
"192.168.1.1",35044,12,4708,0,0,12,4708,0,0
"192.168.1.1",35795,2,884,0,0,2,884,0,0
"fe80::f17b:6c72:fea6:5dc5",54945,2,186,0,0,2,186,0,0
"192.168.1.62",54945,2,146,0,0,2,146,0,0
"fe80::f17b:6c72:fea6:5dc5",58324,2,186,0,0,2,186,0,0
"192.168.1.62",58324,2,146,0,0,2,146,0,0
"fe80::f17b:6c72:fea6:5dc5",51735,2,186,0,0,2,186,0,0
"192.168.1.62",51735,2,146,0,0,2,146,0,0
"fe80::f17b:6c72:fea6:5dc5",54961,2,186,0,0,2,186,0,0
"192.168.1.62",54961,2,146,0,0,2,146,0,0
"192.168.1.177",49599,2,178,0,0,1,81,1,97
"192.168.1.177",60415,2,227,0,0,1,81,1,146
"fe80::f17b:6c72:fea6:5dc5",62470,2,186,0,0,2,186,0,0
"192.168.1.62",62470,2,146,0,0,2,146,0,0
"fe80::f17b:6c72:fea6:5dc5",56962,2,186,0,0,2,186,0,0
"192.168.1.62",56962,2,146,0,0,2,146,0,0
"fe80::f17b:6c72:fea6:5dc5",52200,2,186,0,0,2,186,0,0
"192.168.1.62",52200,2,146,0,0,2,146,0,0
"192.168.1.1",37564,6,2354,0,0,6,2354,0,0
"192.168.1.1",41068,2,884,0,0,2,884,0,0
"fe80::f17b:6c72:fea6:5dc5",62023,2,186,0,0,2,186,0,0
"192.168.1.62",62023,2,146,0,0,2,146,0,0
"fe80::f17b:6c72:fea6:5dc5",59624,2,186,0,0,2,186,0,0
"192.168.1.62",59624,2,146,0,0,2,146,0,0
"fe80::f17b:6c72:fea6:5dc5",60651,2,186,0,0,2,186,0,0
"192.168.1.62",60651,2,146,0,0,2,146,0,0
"fe80::f17b:6c72:fea6:5dc5",55343,2,186,0,0,2,186,0,0
"192.168.1.62",55343,2,146,0,0,2,146,0,0
"192.168.1.1",36062,1,92,0,0,1,92,0,0
"fe80::f17b:6c72:fea6:5dc5",62092,2,186,0,0,2,186,0,0
"192.168.1.62",62092,2,146,0,0,2,146,0,0
"fe80::f17b:6c72:fea6:5dc5",54720,2,186,0,0,2,186,0,0
"192.168.1.62",54720,2,146,0,0,2,146,0,0
"fe80::f17b:6c72:fea6:5dc5",61447,2,186,0,0,2,186,0,0
"192.168.1.62",61447,2,146,0,0,2,146,0,0
"fe80::f17b:6c72:fea6:5dc5",65119,4,372,0,0,4,372,0,0
"192.168.1.62",65119,4,292,0,0,4,292,0,0
"192.168.1.1",36392,6,2354,0,0,6,2354,0,0
"192.168.1.1",41324,2,884,0,0,2,884,0,0
"fe80::f17b:6c72:fea6:5dc5",61157,2,186,0,0,2,186,0,0
"192.168.1.62",61157,2,146,0,0,2,146,0,0
"fe80::f17b:6c72:fea6:5dc5",56478,2,186,0,0,2,186,0,0
"192.168.1.62",56478,2,146,0,0,2,146,0,0
"fe80::f17b:6c72:fea6:5dc5",50437,2,186,0,0,2,186,0,0
"192.168.1.62",50437,2,146,0,0,2,146,0,0
"fe80::f17b:6c72:fea6:5dc5",62929,4,372,0,0,4,372,0,0
"192.168.1.62",62929,4,292,0,0,4,292,0,0
"fe80::f17b:6c72:fea6:5dc5",59403,2,186,0,0,2,186,0,0
"192.168.1.62",59403,2,146,0,0,2,146,0,0
"192.168.1.177",60416,4,848,0,0,4,848,0,0
"fe80::f17b:6c72:fea6:5dc5",52297,2,186,0,0,2,186,0,0
"192.168.1.62",52297,2,146,0,0,2,146,0,0
"fe80::f17b:6c72:fea6:5dc5",57346,2,186,0,0,2,186,0,0
"192.168.1.62",57346,2,146,0,0,2,146,0,0
"fe80::f17b:6c72:fea6:5dc5",58642,2,186,0,0,2,186,0,0
"192.168.1.62",58642,2,146,0,0,2,146,0,0
"fe80::f17b:6c72:fea6:5dc5",55081,2,186,0,0,2,186,0,0
"192.168.1.62",55081,2,146,0,0,2,146,0,0
"192.168.1.177",50333,2,182,0,0,1,83,1,99
"192.168.1.177",61388,2,194,0,0,1,83,1,111
"192.168.1.177",57889,2,182,0,0,1,83,1,99
"192.168.1.177",57777,2,194,0,0,1,83,1,111
"fe80::f17b:6c72:fea6:5dc5",55078,2,174,0,0,2,174,0,0
"192.168.1.62",55078,2,134,0,0,2,134,0,0
"fe80::f17b:6c72:fea6:5dc5",65470,4,360,0,0,4,360,0,0
"192.168.1.62",65470,4,280,0,0,4,280,0,0
"fe80::f17b:6c72:fea6:5dc5",59474,2,176,0,0,2,176,0,0
"192.168.1.62",59474,2,136,0,0,2,136,0,0
"fe80::f17b:6c72:fea6:5dc5",54948,2,186,0,0,2,186,0,0
"192.168.1.62",54948,2,146,0,0,2,146,0,0
"fe80::f17b:6c72:fea6:5dc5",60439,2,186,0,0,2,186,0,0
"192.168.1.62",60439,2,146,0,0,2,146,0,0
"192.168.1.1",45854,6,2354,0,0,6,2354,0,0
"192.168.1.1",52038,2,884,0,0,2,884,0,0
"fe80::f17b:6c72:fea6:5dc5",63309,2,174,0,0,2,174,0,0
"192.168.1.62",63309,2,134,0,0,2,134,0,0
"fe80::f17b:6c72:fea6:5dc5",54786,2,174,0,0,2,174,0,0
"192.168.1.62",54786,2,134,0,0,2,134,0,0
"fe80::f17b:6c72:fea6:5dc5",50596,2,176,0,0,2,176,0,0
"192.168.1.62",50596,2,136,0,0,2,136,0,0
"fe80::f17b:6c72:fea6:5dc5",52844,2,176,0,0,2,176,0,0
"192.168.1.62",52844,2,136,0,0,2,136,0,0
"fe80::f17b:6c72:fea6:5dc5",53251,2,186,0,0,2,186,0,0
"192.168.1.62",53251,2,146,0,0,2,146,0,0
"fe80::f17b:6c72:fea6:5dc5",52941,2,186,0,0,2,186,0,0
"192.168.1.62",52941,2,146,0,0,2,146,0,0
"fe80::f17b:6c72:fea6:5dc5",58293,2,186,0,0,2,186,0,0
"192.168.1.62",58293,2,146,0,0,2,146,0,0
"fe80::f17b:6c72:fea6:5dc5",51700,2,186,0,0,2,186,0,0
"192.168.1.62",51700,2,146,0,0,2,146,0,0
"fe80::f17b:6c72:fea6:5dc5",50286,2,186,0,0,2,186,0,0
"192.168.1.62",50286,2,146,0,0,2,146,0,0
"fe80::f17b:6c72:fea6:5dc5",62404,2,186,0,0,2,186,0,0
"192.168.1.62",62404,2,146,0,0,2,146,0,0
"fe80::f17b:6c72:fea6:5dc5",57279,2,186,0,0,2,186,0,0
"192.168.1.62",57279,2,146,0,0,2,146,0,0
"fe80::f17b:6c72:fea6:5dc5",64294,2,186,0,0,2,186,0,0
"192.168.1.62",64294,2,146,0,0,2,146,0,0
"192.168.1.1",54494,6,2354,0,0,6,2354,0,0
"fe80::f17b:6c72:fea6:5dc5",59230,2,186,0,0,2,186,0,0
"192.168.1.62",59230,2,146,0,0,2,146,0,0
"fe80::f17b:6c72:fea6:5dc5",58625,2,186,0,0,2,186,0,0
"192.168.1.62",58625,2,146,0,0,2,146,0,0
"192.168.1.1",57825,2,884,0,0,2,884,0,0
"fe80::f17b:6c72:fea6:5dc5",52532,6,558,0,0,6,558,0,0
"192.168.1.62",52532,6,438,0,0,6,438,0,0
"fe80::f17b:6c72:fea6:5dc5",52934,2,186,0,0,2,186,0,0
"192.168.1.62",52934,2,146,0,0,2,146,0,0
"192.168.1.177",50462,2,182,0,0,1,83,1,99
"192.168.1.177",53285,2,194,0,0,1,83,1,111
"192.168.1.177",58801,2,182,0,0,1,83,1,99
"192.168.1.177",63535,6,1042,0,0,5,931,1,111
"192.168.1.177",50607,2,182,0,0,1,83,1,99
"192.168.1.177",50220,2,222,0,0,1,83,1,139
"fe80::f17b:6c72:fea6:5dc5",63367,2,186,0,0,2,186,0,0
"192.168.1.62",63367,2,146,0,0,2,146,0,0
"fe80::f17b:6c72:fea6:5dc5",60731,2,186,0,0,2,186,0,0
"192.168.1.62",60731,2,146,0,0,2,146,0,0
"fe80::f17b:6c72:fea6:5dc5",60329,2,186,0,0,2,186,0,0
"192.168.1.62",60329,2,146,0,0,2,146,0,0
"fe80::f17b:6c72:fea6:5dc5",59404,2,186,0,0,2,186,0,0
"192.168.1.62",59404,2,146,0,0,2,146,0,0
"fe80::f17b:6c72:fea6:5dc5",63907,2,186,0,0,2,186,0,0
"192.168.1.62",63907,2,146,0,0,2,146,0,0
"192.168.1.177",50221,4,868,0,0,4,868,0,0
"192.168.1.177",54080,2,312,0,0,1,90,1,222
"192.168.1.177",61845,2,222,0,0,1,103,1,119
"192.168.1.1",40519,6,2354,0,0,6,2354,0,0
"192.168.1.1",42631,2,884,0,0,2,884,0,0
"192.168.1.1",39041,6,2354,0,0,6,2354,0,0
"192.168.1.1",54927,2,884,0,0,2,884,0,0
"192.168.1.1",58230,1,92,0,0,1,92,0,0
"fe80::f17b:6c72:fea6:5dc5",63437,2,186,0,0,2,186,0,0
"192.168.1.62",63437,2,146,0,0,2,146,0,0
"fe80::f17b:6c72:fea6:5dc5",50084,2,186,0,0,2,186,0,0
"192.168.1.62",50084,2,146,0,0,2,146,0,0
"fe80::f17b:6c72:fea6:5dc5",52803,2,186,0,0,2,186,0,0
"192.168.1.62",52803,2,146,0,0,2,146,0,0
"fe80::f17b:6c72:fea6:5dc5",50131,2,186,0,0,2,186,0,0
"192.168.1.62",50131,2,146,0,0,2,146,0,0
"fe80::f17b:6c72:fea6:5dc5",57413,2,186,0,0,2,186,0,0
"192.168.1.62",57413,2,146,0,0,2,146,0,0
"fe80::f17b:6c72:fea6:5dc5",50768,2,186,0,0,2,186,0,0
"192.168.1.62",50768,2,146,0,0,2,146,0,0
"fe80::3c64:85d8:f884:544c",61847,14,10052,0,0,14,10052,0,0
"192.168.1.177",61846,14,9772,0,0,14,9772,0,0
"fe80::f17b:6c72:fea6:5dc5",50609,2,186,0,0,2,186,0,0
"192.168.1.62",50609,2,146,0,0,2,146,0,0
"fe80::f17b:6c72:fea6:5dc5",54228,2,186,0,0,2,186,0,0
"192.168.1.62",54228,2,146,0,0,2,146,0,0
"fe80::f17b:6c72:fea6:5dc5",60683,2,186,0,0,2,186,0,0
"192.168.1.62",60683,2,146,0,0,2,146,0,0
"192.168.1.1",43308,6,2354,0,0,6,2354,0,0
"192.168.1.1",39596,2,884,0,0,2,884,0,0
"fe80::f17b:6c72:fea6:5dc5",50281,2,186,0,0,2,186,0,0
"192.168.1.62",50281,2,146,0,0,2,146,0,0
"fe80::f17b:6c72:fea6:5dc5",55204,2,186,0,0,2,186,0,0
"192.168.1.62",55204,2,146,0,0,2,146,0,0
"fe80::f17b:6c72:fea6:5dc5",55975,2,186,0,0,2,186,0,0
"192.168.1.62",55975,2,146,0,0,2,146,0,0
"192.168.1.177",53580,2,236,0,0,1,77,1,159
"192.168.1.177",61224,2,273,0,0,1,77,1,196
"192.168.1.177",51713,2,162,0,0,1,81,1,81
"fe80::f17b:6c72:fea6:5dc5",50828,2,186,0,0,2,186,0,0
"192.168.1.62",50828,2,146,0,0,2,146,0,0
"192.168.1.62",49193,2,146,0,0,2,146,0,0
"fe80::f17b:6c72:fea6:5dc5",60943,2,186,0,0,2,186,0,0
"192.168.1.62",60943,2,146,0,0,2,146,0,0
"fe80::f17b:6c72:fea6:5dc5",56823,2,186,0,0,2,186,0,0
"192.168.1.62",56823,2,146,0,0,2,146,0,0
"fe80::f17b:6c72:fea6:5dc5",49193,1,93,0,0,1,93,0,0
"192.168.1.1",58109,6,2354,0,0,6,2354,0,0
"192.168.1.1",57577,2,884,0,0,2,884,0,0
"fe80::f17b:6c72:fea6:5dc5",59152,2,186,0,0,2,186,0,0
"192.168.1.62",59152,2,146,0,0,2,146,0,0
"fe80::f17b:6c72:fea6:5dc5",64985,4,372,0,0,4,372,0,0
"192.168.1.62",64985,4,292,0,0,4,292,0,0
"fe80::f17b:6c72:fea6:5dc5",61474,2,186,0,0,2,186,0,0
"192.168.1.62",61474,2,146,0,0,2,146,0,0
"fe80::f17b:6c72:fea6:5dc5",57059,2,186,0,0,2,186,0,0
"192.168.1.62",57059,2,146,0,0,2,146,0,0
"192.168.1.177",61519,2,418,0,0,1,74,1,344
"192.168.1.177",58106,2,353,0,0,1,74,1,279
"2001:14ba:a051:8c00:61b5:31a4:d1f8:cc83",61519,1,94,0,0,1,94,0,0
"2001:14ba:a051:8c00:61b5:31a4:d1f8:cc83",58106,1,94,0,0,1,94,0,0
"fe80::f17b:6c72:fea6:5dc5",54388,2,186,0,0,2,186,0,0
"192.168.1.62",54388,2,146,0,0,2,146,0,0
"fe80::f17b:6c72:fea6:5dc5",60636,2,186,0,0,2,186,0,0
"192.168.1.62",60636,2,146,0,0,2,146,0,0
"fe80::f17b:6c72:fea6:5dc5",61299,2,186,0,0,2,186,0,0
"192.168.1.62",61299,2,146,0,0,2,146,0,0
"192.168.1.253",52095,4,868,0,0,4,868,0,0
"fe80::f17b:6c72:fea6:5dc5",52939,2,186,0,0,2,186,0,0
"192.168.1.62",52939,2,146,0,0,2,146,0,0
"192.168.1.1",43235,6,2354,0,0,6,2354,0,0
"192.168.1.1",41842,2,884,0,0,2,884,0,0
"fe80::f17b:6c72:fea6:5dc5",63520,2,186,0,0,2,186,0,0
"192.168.1.62",63520,2,146,0,0,2,146,0,0
"fe80::f17b:6c72:fea6:5dc5",59863,2,186,0,0,2,186,0,0
"192.168.1.62",59863,2,146,0,0,2,146,0,0
"192.168.1.1",50990,6,2354,0,0,6,2354,0,0
"192.168.1.1",60182,2,884,0,0,2,884,0,0
"fe80::f17b:6c72:fea6:5dc5",54485,2,186,0,0,2,186,0,0
"192.168.1.62",54485,2,146,0,0,2,146,0,0
"fe80::f17b:6c72:fea6:5dc5",56429,2,186,0,0,2,186,0,0
"192.168.1.62",56429,2,146,0,0,2,146,0,0
"fe80::f17b:6c72:fea6:5dc5",60656,2,186,0,0,2,186,0,0
"192.168.1.62",60656,2,146,0,0,2,146,0,0
"192.168.1.1",33837,1,92,0,0,1,92,0,0
"192.168.1.177",60950,2,243,0,0,1,86,1,157
"192.168.1.177",62302,2,317,0,0,1,86,1,231
"192.168.1.177",50667,2,218,0,0,1,101,1,117
"192.168.1.177",51077,2,202,0,0,1,101,1,101
"192.168.1.177",62303,18,9957,0,0,8,3049,10,6908
"34.107.141.31",443,45,21587,0,0,24,14209,21,7378
"fe80::f17b:6c72:fea6:5dc5",59597,2,186,0,0,2,186,0,0
"192.168.1.62",59597,2,146,0,0,2,146,0,0
"fe80::f17b:6c72:fea6:5dc5",58623,4,372,0,0,4,372,0,0
"192.168.1.62",58623,4,292,0,0,4,292,0,0
"fe80::f17b:6c72:fea6:5dc5",65336,2,186,0,0,2,186,0,0
"192.168.1.62",65336,2,146,0,0,2,146,0,0
"fe80::f17b:6c72:fea6:5dc5",49258,2,186,0,0,2,186,0,0
"192.168.1.62",49258,2,146,0,0,2,146,0,0
"fe80::f17b:6c72:fea6:5dc5",60247,2,186,0,0,2,186,0,0
"192.168.1.62",60247,2,146,0,0,2,146,0,0
"fe80::f17b:6c72:fea6:5dc5",53538,2,186,0,0,2,186,0,0
"192.168.1.62",53538,2,146,0,0,2,146,0,0
"fe80::f17b:6c72:fea6:5dc5",55776,2,186,0,0,2,186,0,0
"192.168.1.62",55776,2,146,0,0,2,146,0,0
"fe80::f17b:6c72:fea6:5dc5",64545,4,372,0,0,4,372,0,0
"192.168.1.62",64545,4,292,0,0,4,292,0,0
"fe80::f17b:6c72:fea6:5dc5",55365,4,372,0,0,4,372,0,0
"192.168.1.62",55365,4,292,0,0,4,292,0,0
"fe80::f17b:6c72:fea6:5dc5",59876,2,186,0,0,2,186,0,0
"192.168.1.62",59876,2,146,0,0,2,146,0,0
"fe80::f17b:6c72:fea6:5dc5",64109,2,186,0,0,2,186,0,0
"192.168.1.62",64109,2,146,0,0,2,146,0,0
"fe80::f17b:6c72:fea6:5dc5",53325,2,186,0,0,2,186,0,0
"192.168.1.62",53325,2,146,0,0,2,146,0,0
"192.168.1.1",54243,6,2354,0,0,6,2354,0,0
"192.168.1.1",37573,2,884,0,0,2,884,0,0
"fe80::f17b:6c72:fea6:5dc5",64525,2,174,0,0,2,174,0,0
"192.168.1.62",64525,2,134,0,0,2,134,0,0
"fe80::f17b:6c72:fea6:5dc5",49961,2,174,0,0,2,174,0,0
"192.168.1.62",49961,2,134,0,0,2,134,0,0
"fe80::f17b:6c72:fea6:5dc5",54006,2,176,0,0,2,176,0,0
"192.168.1.62",54006,2,136,0,0,2,136,0,0
"fe80::f17b:6c72:fea6:5dc5",53950,2,176,0,0,2,176,0,0
"192.168.1.62",53950,2,136,0,0,2,136,0,0
"192.168.1.1",36497,6,2354,0,0,6,2354,0,0
"192.168.1.1",54032,2,884,0,0,2,884,0,0
"fe80::f17b:6c72:fea6:5dc5",65234,2,176,0,0,2,176,0,0
"192.168.1.62",65234,2,136,0,0,2,136,0,0
"fe80::f17b:6c72:fea6:5dc5",62861,1,93,0,0,1,93,0,0
"192.168.1.62",62861,1,73,0,0,1,73,0,0
"fe80::f17b:6c72:fea6:5dc5",52925,1,93,0,0,1,93,0,0
"192.168.1.62",52925,1,73,0,0,1,73,0,0
"fe80::f17b:6c72:fea6:5dc5",53339,2,186,0,0,2,186,0,0
"192.168.1.62",53339,2,146,0,0,2,146,0,0
"fe80::f17b:6c72:fea6:5dc5",56036,2,186,0,0,2,186,0,0
"192.168.1.62",56036,2,146,0,0,2,146,0,0
"fe80::f17b:6c72:fea6:5dc5",50481,2,186,0,0,2,186,0,0
"fe80::f17b:6c72:fea6:5dc5",58472,2,186,0,0,2,186,0,0
"192.168.1.62",58472,2,146,0,0,2,146,0,0
"192.168.1.62",50481,2,146,0,0,2,146,0,0
"fe80::f17b:6c72:fea6:5dc5",63616,2,186,0,0,2,186,0,0
"192.168.1.62",63616,2,146,0,0,2,146,0,0
"192.168.1.62",52721,2,146,0,0,2,146,0,0
"fe80::f17b:6c72:fea6:5dc5",63999,2,186,0,0,2,186,0,0
"192.168.1.62",63999,2,146,0,0,2,146,0,0
"fe80::f17b:6c72:fea6:5dc5",52721,1,93,0,0,1,93,0,0
"fe80::f17b:6c72:fea6:5dc5",60905,1,93,0,0,1,93,0,0
"fe80::f17b:6c72:fea6:5dc5",65013,1,93,0,0,1,93,0,0
"192.168.1.62",60905,1,73,0,0,1,73,0,0
"192.168.1.62",65013,1,73,0,0,1,73,0,0
"192.168.1.1",59159,6,2354,0,0,6,2354,0,0
"192.168.1.1",58131,2,884,0,0,2,884,0,0
"fe80::f17b:6c72:fea6:5dc5",64796,4,372,0,0,4,372,0,0
"192.168.1.62",64796,4,292,0,0,4,292,0,0
"fe80::f17b:6c72:fea6:5dc5",61877,4,372,0,0,4,372,0,0
"192.168.1.62",61877,4,292,0,0,4,292,0,0
"fe80::f17b:6c72:fea6:5dc5",57947,2,186,0,0,2,186,0,0
"192.168.1.62",57947,2,146,0,0,2,146,0,0
"fe80::f17b:6c72:fea6:5dc5",55478,2,186,0,0,2,186,0,0
"192.168.1.62",55478,2,146,0,0,2,146,0,0
"fe80::f17b:6c72:fea6:5dc5",53108,2,186,0,0,2,186,0,0
"192.168.1.62",53108,2,146,0,0,2,146,0,0
"fe80::f17b:6c72:fea6:5dc5",53856,2,186,0,0,2,186,0,0
"192.168.1.62",53856,2,146,0,0,2,146,0,0
"2001:14ba:a051:8c00:61b5:31a4:d1f8:cc83",52164,4,402,0,0,4,402,0,0
"192.168.1.1",60332,6,2354,0,0,6,2354,0,0
"192.168.1.177",52164,4,383,0,0,2,161,2,222
"192.168.1.1",36519,2,884,0,0,2,884,0,0
"fe80::f17b:6c72:fea6:5dc5",55808,2,186,0,0,2,186,0,0
"192.168.1.62",55808,2,146,0,0,2,146,0,0
"fe80::f17b:6c72:fea6:5dc5",53831,2,186,0,0,2,186,0,0
"192.168.1.62",53831,2,146,0,0,2,146,0,0
"fe80::f17b:6c72:fea6:5dc5",59228,4,372,0,0,4,372,0,0
"192.168.1.62",59228,4,292,0,0,4,292,0,0
"2001:14ba:a051:8c00:61b5:31a4:d1f8:cc83",51992,1,97,0,0,1,97,0,0
"2001:14ba:a051:8c00:61b5:31a4:d1f8:cc83",62007,1,97,0,0,1,97,0,0
"192.168.1.177",51992,2,258,0,0,1,77,1,181
"192.168.1.177",62007,2,295,0,0,1,77,1,218
"fe80::f17b:6c72:fea6:5dc5",63459,2,186,0,0,2,186,0,0
"192.168.1.62",63459,2,146,0,0,2,146,0,0
"fe80::f17b:6c72:fea6:5dc5",59380,4,372,0,0,4,372,0,0
"192.168.1.62",59380,4,292,0,0,4,292,0,0
"192.168.1.177",62008,4,848,0,0,4,848,0,0
"192.168.1.1",35830,1,92,0,0,1,92,0,0
"fe80::f17b:6c72:fea6:5dc5",65422,2,186,0,0,2,186,0,0
"192.168.1.62",65422,2,146,0,0,2,146,0,0
"fe80::f17b:6c72:fea6:5dc5",55460,2,186,0,0,2,186,0,0
"192.168.1.62",55460,2,146,0,0,2,146,0,0
"192.168.1.103",49993,1,167,0,0,1,167,0,0
"fe80::f17b:6c72:fea6:5dc5",50663,2,186,0,0,2,186,0,0
"192.168.1.62",50663,2,146,0,0,2,146,0,0
"fe80::f17b:6c72:fea6:5dc5",52522,2,186,0,0,2,186,0,0
"192.168.1.62",52522,2,146,0,0,2,146,0,0
"fe80::f17b:6c72:fea6:5dc5",49352,2,186,0,0,2,186,0,0
"192.168.1.62",49352,2,146,0,0,2,146,0,0
"192.168.1.1",45093,6,2354,0,0,6,2354,0,0
"192.168.1.1",43180,2,884,0,0,2,884,0,0
"fe80::f17b:6c72:fea6:5dc5",55769,2,186,0,0,2,186,0,0
"192.168.1.62",55769,2,146,0,0,2,146,0,0
"fe80::f17b:6c72:fea6:5dc5",55818,2,186,0,0,2,186,0,0
"192.168.1.62",55818,2,146,0,0,2,146,0,0
"fe80::f17b:6c72:fea6:5dc5",65433,2,186,0,0,2,186,0,0
"192.168.1.62",65433,2,146,0,0,2,146,0,0
"fe80::f17b:6c72:fea6:5dc5",55337,2,186,0,0,2,186,0,0
"192.168.1.62",55337,2,146,0,0,2,146,0,0
"fe80::f17b:6c72:fea6:5dc5",58395,2,186,0,0,2,186,0,0
"192.168.1.62",58395,2,146,0,0,2,146,0,0
"fe80::f17b:6c72:fea6:5dc5",61838,2,186,0,0,2,186,0,0
"192.168.1.62",61838,2,146,0,0,2,146,0,0
"fe80::f17b:6c72:fea6:5dc5",55267,4,360,0,0,4,360,0,0
"192.168.1.62",55267,4,280,0,0,4,280,0,0
"fe80::f17b:6c72:fea6:5dc5",56718,2,186,0,0,2,186,0,0
"192.168.1.62",56718,2,146,0,0,2,146,0,0
"192.168.1.1",51628,6,2354,0,0,6,2354,0,0
"fe80::f17b:6c72:fea6:5dc5",49761,2,186,0,0,2,186,0,0
"192.168.1.62",49761,2,146,0,0,2,146,0,0
"fe80::f17b:6c72:fea6:5dc5",58498,2,186,0,0,2,186,0,0
"192.168.1.62",58498,2,146,0,0,2,146,0,0
"192.168.1.1",51270,2,884,0,0,2,884,0,0
"fe80::f17b:6c72:fea6:5dc5",55458,1,93,0,0,1,93,0,0
"192.168.1.62",55458,1,73,0,0,1,73,0,0
"fe80::f17b:6c72:fea6:5dc5",59108,1,93,0,0,1,93,0,0
"192.168.1.62",59108,1,73,0,0,1,73,0,0
"192.168.1.1",50397,1,353,0,0,1,353,0,0
"192.168.1.1",34638,1,425,0,0,1,425,0,0
"192.168.1.1",35240,1,362,0,0,1,362,0,0
"192.168.1.1",33644,1,349,0,0,1,349,0,0
"192.168.1.1",33612,1,310,0,0,1,310,0,0
"192.168.1.1",36718,1,433,0,0,1,433,0,0
"192.168.1.1",47631,1,369,0,0,1,369,0,0
"192.168.1.1",54520,1,310,0,0,1,310,0,0
"192.168.1.1",38552,1,427,0,0,1,427,0,0
"192.168.1.1",48145,1,415,0,0,1,415,0,0
"192.168.1.1",54309,1,353,0,0,1,353,0,0
"192.168.1.1",55885,1,425,0,0,1,425,0,0
"192.168.1.1",60241,1,362,0,0,1,362,0,0
"192.168.1.1",39008,1,417,0,0,1,417,0,0
"192.168.1.1",43814,1,349,0,0,1,349,0,0
"192.168.1.1",58538,1,369,0,0,1,369,0,0
"192.168.1.1",59656,1,310,0,0,1,310,0,0
"192.168.1.1",33984,1,427,0,0,1,427,0,0
"192.168.1.1",56061,1,415,0,0,1,415,0,0
"192.168.1.1",56196,1,353,0,0,1,353,0,0
"192.168.1.1",56778,1,425,0,0,1,425,0,0
"192.168.1.1",52077,1,362,0,0,1,362,0,0
"192.168.1.1",41412,7,2771,0,0,7,2771,0,0
"192.168.1.1",43465,1,349,0,0,1,349,0,0
"192.168.1.1",39264,1,310,0,0,1,310,0,0
"192.168.1.1",34882,1,433,0,0,1,433,0,0
"192.168.1.1",58760,1,369,0,0,1,369,0,0
"192.168.1.1",60695,1,310,0,0,1,310,0,0
"fe80::f17b:6c72:fea6:5dc5",52889,2,186,0,0,2,186,0,0
"192.168.1.62",52889,2,146,0,0,2,146,0,0
"fe80::f17b:6c72:fea6:5dc5",62311,2,186,0,0,2,186,0,0
"192.168.1.62",62311,2,146,0,0,2,146,0,0
"192.168.1.1",52266,1,427,0,0,1,427,0,0
"192.168.1.1",36755,1,415,0,0,1,415,0,0
"fe80::f17b:6c72:fea6:5dc5",55897,2,186,0,0,2,186,0,0
"192.168.1.62",55897,2,146,0,0,2,146,0,0
"fe80::f17b:6c72:fea6:5dc5",64584,2,186,0,0,2,186,0,0
"192.168.1.62",64584,2,146,0,0,2,146,0,0
"fe80::f17b:6c72:fea6:5dc5",58531,2,186,0,0,2,186,0,0
"192.168.1.62",58531,2,146,0,0,2,146,0,0
"192.168.1.177",58750,4,868,0,0,4,868,0,0
"192.168.1.62",58533,4,868,0,0,4,868,0,0
"192.168.1.1",34881,6,2354,0,0,6,2354,0,0
"192.168.1.1",44216,2,884,0,0,2,884,0,0
"2001:14ba:a051:8c00:61b5:31a4:d1f8:cc83",52261,2,216,0,0,2,216,0,0
"192.168.1.177",52261,2,192,0,0,1,88,1,104
"192.168.1.1",52155,6,2354,0,0,6,2354,0,0
"192.168.1.1",45149,2,884,0,0,2,884,0,0
"fe80::f17b:6c72:fea6:5dc5",60298,2,186,0,0,2,186,0,0
"192.168.1.62",60298,2,146,0,0,2,146,0,0
"fe80::f17b:6c72:fea6:5dc5",56062,2,186,0,0,2,186,0,0
"192.168.1.62",56062,2,146,0,0,2,146,0,0
"fe80::f17b:6c72:fea6:5dc5",58106,2,186,0,0,2,186,0,0
"192.168.1.62",58106,2,146,0,0,2,146,0,0
"fe80::f17b:6c72:fea6:5dc5",62242,2,186,0,0,2,186,0,0
"192.168.1.62",62242,2,146,0,0,2,146,0,0
"192.168.1.1",35954,6,2354,0,0,6,2354,0,0
"192.168.1.1",54286,2,884,0,0,2,884,0,0
"fe80::f17b:6c72:fea6:5dc5",55806,2,186,0,0,2,186,0,0
"192.168.1.62",55806,2,146,0,0,2,146,0,0
"fe80::f17b:6c72:fea6:5dc5",53379,2,186,0,0,2,186,0,0
"192.168.1.62",53379,2,146,0,0,2,146,0,0
"fe80::f17b:6c72:fea6:5dc5",62342,2,186,0,0,2,186,0,0
"192.168.1.62",62342,2,146,0,0,2,146,0,0
"192.168.1.1",40993,6,2354,0,0,6,2354,0,0
"192.168.1.1",43071,1,92,0,0,1,92,0,0
"192.168.1.1",49115,2,884,0,0,2,884,0,0
"fe80::f17b:6c72:fea6:5dc5",53592,2,186,0,0,2,186,0,0
"192.168.1.62",53592,2,146,0,0,2,146,0,0
"fe80::f17b:6c72:fea6:5dc5",50122,2,186,0,0,2,186,0,0
"192.168.1.62",50122,2,146,0,0,2,146,0,0
"fe80::f17b:6c72:fea6:5dc5",56225,2,186,0,0,2,186,0,0
"192.168.1.62",56225,2,146,0,0,2,146,0,0
"192.168.1.253",59451,4,868,0,0,4,868,0,0
"192.168.1.1",47862,6,2354,0,0,6,2354,0,0
"192.168.1.1",40854,2,884,0,0,2,884,0,0
"fe80::f17b:6c72:fea6:5dc5",54627,1,93,0,0,1,93,0,0
"192.168.1.62",54627,1,73,0,0,1,73,0,0
"fe80::f17b:6c72:fea6:5dc5",53153,1,93,0,0,1,93,0,0
"192.168.1.62",53153,2,146,0,0,2,146,0,0
"fe80::f17b:6c72:fea6:5dc5",54280,1,93,0,0,1,93,0,0
"192.168.1.62",54280,2,146,0,0,2,146,0,0
"fe80::f17b:6c72:fea6:5dc5",65393,2,186,0,0,2,186,0,0
"192.168.1.62",65393,2,146,0,0,2,146,0,0
"192.168.1.1",53148,6,2354,0,0,6,2354,0,0
"192.168.1.1",38115,2,884,0,0,2,884,0,0
"fe80::f17b:6c72:fea6:5dc5",51429,2,186,0,0,2,186,0,0
"192.168.1.62",51429,2,146,0,0,2,146,0,0
"fe80::f17b:6c72:fea6:5dc5",49847,2,186,0,0,2,186,0,0
"192.168.1.62",49847,2,146,0,0,2,146,0,0
"fe80::f17b:6c72:fea6:5dc5",53536,2,186,0,0,2,186,0,0
"192.168.1.62",53536,2,146,0,0,2,146,0,0
"fe80::f17b:6c72:fea6:5dc5",54549,2,186,0,0,2,186,0,0
"fe80::f17b:6c72:fea6:5dc5",61364,2,186,0,0,2,186,0,0
"192.168.1.62",61364,2,146,0,0,2,146,0,0
"fe80::f17b:6c72:fea6:5dc5",56964,2,186,0,0,2,186,0,0
"192.168.1.62",56964,2,146,0,0,2,146,0,0
"192.168.1.62",54549,1,73,0,0,1,73,0,0
"fe80::f17b:6c72:fea6:5dc5",62228,2,186,0,0,2,186,0,0
"192.168.1.62",62228,2,146,0,0,2,146,0,0
"fe80::f17b:6c72:fea6:5dc5",52499,2,186,0,0,2,186,0,0
"192.168.1.62",52499,2,146,0,0,2,146,0,0
"fe80::f17b:6c72:fea6:5dc5",52798,4,372,0,0,4,372,0,0
"192.168.1.62",52798,4,292,0,0,4,292,0,0
"2001:14ba:a051:8c00:61b5:31a4:d1f8:cc83",50381,2,234,0,0,2,234,0,0
"2001:14ba:a051:8c00:61b5:31a4:d1f8:cc83",59534,2,234,0,0,2,234,0,0
"192.168.1.177",50381,2,210,0,0,1,97,1,113
"192.168.1.177",59534,2,267,0,0,1,97,1,170
"fe80::f17b:6c72:fea6:5dc5",63747,2,186,0,0,2,186,0,0
"192.168.1.62",63747,2,146,0,0,2,146,0,0
"fe80::f17b:6c72:fea6:5dc5",49311,3,279,0,0,3,279,0,0
"192.168.1.62",49311,3,219,0,0,3,219,0,0
"fe80::f17b:6c72:fea6:5dc5",57984,2,186,0,0,2,186,0,0
"192.168.1.62",57984,2,146,0,0,2,146,0,0
"192.168.1.1",39324,6,2354,0,0,6,2354,0,0
"192.168.1.1",35649,2,884,0,0,2,884,0,0
"fe80::f17b:6c72:fea6:5dc5",49897,2,186,0,0,2,186,0,0
"192.168.1.62",49897,2,146,0,0,2,146,0,0
"fe80::f17b:6c72:fea6:5dc5",54970,2,186,0,0,2,186,0,0
"fe80::f17b:6c72:fea6:5dc5",59259,2,186,0,0,2,186,0,0
"192.168.1.62",59259,2,146,0,0,2,146,0,0
"192.168.1.62",54970,2,146,0,0,2,146,0,0
"fe80::f17b:6c72:fea6:5dc5",54250,2,186,0,0,2,186,0,0
"192.168.1.62",54250,2,146,0,0,2,146,0,0
"fe80::f17b:6c72:fea6:5dc5",60193,2,186,0,0,2,186,0,0
"192.168.1.62",60193,2,146,0,0,2,146,0,0
"fe80::f17b:6c72:fea6:5dc5",57215,4,372,0,0,4,372,0,0
"192.168.1.62",57215,4,292,0,0,4,292,0,0
"192.168.1.1",54378,6,2354,0,0,6,2354,0,0
"192.168.1.1",44584,2,884,0,0,2,884,0,0
"fe80::f17b:6c72:fea6:5dc5",65053,2,186,0,0,2,186,0,0
"192.168.1.62",65053,2,146,0,0,2,146,0,0
"fe80::f17b:6c72:fea6:5dc5",65466,2,186,0,0,2,186,0,0
"192.168.1.62",65466,2,146,0,0,2,146,0,0
"fe80::f17b:6c72:fea6:5dc5",63552,2,186,0,0,2,186,0,0
"192.168.1.62",63552,2,146,0,0,2,146,0,0
"fe80::f17b:6c72:fea6:5dc5",63059,2,186,0,0,2,186,0,0
"192.168.1.62",63059,2,146,0,0,2,146,0,0
"fe80::f17b:6c72:fea6:5dc5",61871,2,186,0,0,2,186,0,0
"192.168.1.62",61871,2,146,0,0,2,146,0,0
"fe80::f17b:6c72:fea6:5dc5",51105,2,186,0,0,2,186,0,0
"192.168.1.62",51105,2,146,0,0,2,146,0,0
"fe80::f17b:6c72:fea6:5dc5",55160,2,186,0,0,2,186,0,0
"192.168.1.62",55160,2,146,0,0,2,146,0,0
"192.168.1.1",36317,1,92,0,0,1,92,0,0
"fe80::f17b:6c72:fea6:5dc5",62655,2,186,0,0,2,186,0,0
"192.168.1.62",62655,2,146,0,0,2,146,0,0
"fe80::f17b:6c72:fea6:5dc5",64053,2,186,0,0,2,186,0,0
"192.168.1.62",64053,2,146,0,0,2,146,0,0
"fe80::f17b:6c72:fea6:5dc5",51756,2,186,0,0,2,186,0,0
"192.168.1.62",51756,2,146,0,0,2,146,0,0
"fe80::f17b:6c72:fea6:5dc5",58581,2,186,0,0,2,186,0,0
"192.168.1.62",58581,2,146,0,0,2,146,0,0
"fe80::f17b:6c72:fea6:5dc5",51096,6,558,0,0,6,558,0,0
"192.168.1.62",51096,6,438,0,0,6,438,0,0
"fe80::f17b:6c72:fea6:5dc5",51998,2,186,0,0,2,186,0,0
"192.168.1.62",51998,2,146,0,0,2,146,0,0
"fe80::f17b:6c72:fea6:5dc5",58686,2,186,0,0,2,186,0,0
"192.168.1.62",58686,2,146,0,0,2,146,0,0
"fe80::f17b:6c72:fea6:5dc5",58658,2,186,0,0,2,186,0,0
"192.168.1.62",58658,2,146,0,0,2,146,0,0
"fe80::f17b:6c72:fea6:5dc5",64317,2,186,0,0,2,186,0,0
"192.168.1.62",64317,2,146,0,0,2,146,0,0
"fe80::f17b:6c72:fea6:5dc5",64746,2,186,0,0,2,186,0,0
"192.168.1.62",64746,2,146,0,0,2,146,0,0
"fe80::f17b:6c72:fea6:5dc5",52306,2,186,0,0,2,186,0,0
"192.168.1.62",52306,2,146,0,0,2,146,0,0
"192.168.1.1",53139,6,2354,0,0,6,2354,0,0
"fe80::f17b:6c72:fea6:5dc5",58242,2,186,0,0,2,186,0,0
"192.168.1.62",58242,2,146,0,0,2,146,0,0
"192.168.1.1",39036,2,884,0,0,2,884,0,0
"192.168.1.177",59535,4,848,0,0,4,848,0,0
"2001:14ba:a051:8c00:61b5:31a4:d1f8:cc83",60209,2,192,0,0,2,192,0,0
"192.168.1.177",60209,2,168,0,0,1,76,1,92
"192.168.1.1",45230,6,2354,0,0,6,2354,0,0
"192.168.1.177",56549,2,217,0,0,1,78,1,139
"192.168.1.177",61567,2,205,0,0,1,78,1,127
"192.168.1.177",64568,2,279,0,0,1,78,1,201
"192.168.1.1",32997,2,884,0,0,2,884,0,0
"fe80::f17b:6c72:fea6:5dc5",50715,2,186,0,0,2,186,0,0
"192.168.1.62",50715,2,146,0,0,2,146,0,0
"fe80::f17b:6c72:fea6:5dc5",53884,4,372,0,0,4,372,0,0
"192.168.1.62",53884,4,292,0,0,4,292,0,0
"fe80::f17b:6c72:fea6:5dc5",55402,2,186,0,0,2,186,0,0
"192.168.1.62",55402,2,146,0,0,2,146,0,0
"fe80::f17b:6c72:fea6:5dc5",53602,2,186,0,0,2,186,0,0
"192.168.1.62",53602,2,146,0,0,2,146,0,0
"192.168.1.1",50085,6,2354,0,0,6,2354,0,0
"fe80::f17b:6c72:fea6:5dc5",60142,2,186,0,0,2,186,0,0
"192.168.1.62",60142,2,146,0,0,2,146,0,0
"fe80::f17b:6c72:fea6:5dc5",64441,2,186,0,0,2,186,0,0
"fe80::f17b:6c72:fea6:5dc5",59534,6,558,0,0,6,558,0,0
"192.168.1.62",64441,2,146,0,0,2,146,0,0
"192.168.1.62",59534,6,438,0,0,6,438,0,0
"fe80::f17b:6c72:fea6:5dc5",65010,2,186,0,0,2,186,0,0
"192.168.1.62",65010,2,146,0,0,2,146,0,0
"192.168.1.1",47428,2,884,0,0,2,884,0,0
"fe80::f17b:6c72:fea6:5dc5",50743,2,186,0,0,2,186,0,0
"192.168.1.62",50743,2,146,0,0,2,146,0,0
"fe80::f17b:6c72:fea6:5dc5",59409,2,186,0,0,2,186,0,0
"192.168.1.62",59409,2,146,0,0,2,146,0,0
"fe80::f17b:6c72:fea6:5dc5",62653,2,186,0,0,2,186,0,0
"192.168.1.62",62653,2,146,0,0,2,146,0,0
"192.168.1.103",37328,1,167,0,0,1,167,0,0
"fe80::f17b:6c72:fea6:5dc5",51887,2,186,0,0,2,186,0,0
"192.168.1.62",51887,2,146,0,0,2,146,0,0
"fe80::f17b:6c72:fea6:5dc5",64211,2,186,0,0,2,186,0,0
"192.168.1.62",64211,2,146,0,0,2,146,0,0
"fe80::f17b:6c72:fea6:5dc5",56717,2,186,0,0,2,186,0,0
"192.168.1.62",56717,2,146,0,0,2,146,0,0
"fe80::f17b:6c72:fea6:5dc5",58010,1,93,0,0,1,93,0,0
"192.168.1.62",58010,1,73,0,0,1,73,0,0
"fe80::f17b:6c72:fea6:5dc5",65166,1,93,0,0,1,93,0,0
"192.168.1.62",65166,1,73,0,0,1,73,0,0
"fe80::f17b:6c72:fea6:5dc5",56354,2,186,0,0,2,186,0,0
"192.168.1.62",56354,2,146,0,0,2,146,0,0
"192.168.1.1",38015,6,2354,0,0,6,2354,0,0
"192.168.1.1",53786,8,3238,0,0,8,3238,0,0
"fe80::f17b:6c72:fea6:5dc5",49673,2,186,0,0,2,186,0,0
"192.168.1.62",49673,2,146,0,0,2,146,0,0
"fe80::f17b:6c72:fea6:5dc5",65060,2,186,0,0,2,186,0,0
"192.168.1.62",65060,2,146,0,0,2,146,0,0
"fe80::f17b:6c72:fea6:5dc5",50223,2,186,0,0,2,186,0,0
"192.168.1.62",50223,2,146,0,0,2,146,0,0
"fe80::f17b:6c72:fea6:5dc5",53283,2,186,0,0,2,186,0,0
"192.168.1.62",53283,2,146,0,0,2,146,0,0
"fe80::f17b:6c72:fea6:5dc5",52605,2,186,0,0,2,186,0,0
"192.168.1.62",52605,2,146,0,0,2,146,0,0
"192.168.1.1",48927,6,2354,0,0,6,2354,0,0
"fe80::f17b:6c72:fea6:5dc5",54744,2,186,0,0,2,186,0,0
"192.168.1.62",54744,2,146,0,0,2,146,0,0
"fe80::f17b:6c72:fea6:5dc5",49215,2,186,0,0,2,186,0,0
"192.168.1.62",49215,2,146,0,0,2,146,0,0
"2001:14ba:a051:8c00:61b5:31a4:d1f8:cc83",53281,1,107,0,0,1,107,0,0
"192.168.1.177",53281,170,119184,0,0,47,9175,123,110009
"2001:14ba:a051:8c00:61b5:31a4:d1f8:cc83",55927,1,107,0,0,1,107,0,0
"192.168.1.177",55927,2,235,0,0,1,87,1,148
"fe80::f17b:6c72:fea6:5dc5",52632,2,186,0,0,2,186,0,0
"192.168.1.62",52632,2,146,0,0,2,146,0,0
"fe80::f17b:6c72:fea6:5dc5",62846,4,372,0,0,4,372,0,0
"192.168.1.62",62846,4,292,0,0,4,292,0,0
"fe80::f17b:6c72:fea6:5dc5",54867,2,186,0,0,2,186,0,0
"192.168.1.62",54867,2,146,0,0,2,146,0,0
"fe80::f17b:6c72:fea6:5dc5",56760,2,186,0,0,2,186,0,0
"192.168.1.62",56760,2,146,0,0,2,146,0,0
"2001:14ba:a051:8c00:61b5:31a4:d1f8:cc83",59722,1,108,0,0,1,108,0,0
"192.168.1.177",59722,2,176,0,0,1,88,1,88
"fe80::f17b:6c72:fea6:5dc5",52119,2,186,0,0,2,186,0,0
"192.168.1.62",52119,2,146,0,0,2,146,0,0
"fe80::f17b:6c72:fea6:5dc5",58453,2,186,0,0,2,186,0,0
"fe80::f17b:6c72:fea6:5dc5",58032,2,186,0,0,2,186,0,0
"192.168.1.62",58032,2,146,0,0,2,146,0,0
"192.168.1.62",58453,2,146,0,0,2,146,0,0
"fe80::f17b:6c72:fea6:5dc5",57272,2,186,0,0,2,186,0,0
"192.168.1.62",57272,2,146,0,0,2,146,0,0
"192.168.1.1",36355,1,92,0,0,1,92,0,0
"fe80::f17b:6c72:fea6:5dc5",50129,2,186,0,0,2,186,0,0
"192.168.1.62",50129,2,146,0,0,2,146,0,0
"fe80::f17b:6c72:fea6:5dc5",58494,2,186,0,0,2,186,0,0
"192.168.1.62",58494,2,146,0,0,2,146,0,0
"2001:14ba:a051:8c00:61b5:31a4:d1f8:cc83",49461,1,105,0,0,1,105,0,0
"192.168.1.177",49461,2,209,0,0,1,85,1,124
"2001:14ba:a051:8c00:61b5:31a4:d1f8:cc83",59608,1,108,0,0,1,108,0,0
"192.168.1.177",59608,2,176,0,0,1,88,1,88
"192.168.1.1",46711,6,2354,0,0,6,2354,0,0
"2001:14ba:a051:8c00:61b5:31a4:d1f8:cc83",55245,1,108,0,0,1,108,0,0
"192.168.1.177",55245,2,192,0,0,1,88,1,104
"2001:14ba:a051:8c00:61b5:31a4:d1f8:cc83",50750,1,108,0,0,1,108,0,0
"192.168.1.177",50750,2,204,0,0,1,88,1,116
"2001:14ba:a051:8c00:61b5:31a4:d1f8:cc83",56861,1,100,0,0,1,100,0,0
"192.168.1.177",56861,2,160,0,0,1,80,1,80
"192.168.1.1",43386,2,884,0,0,2,884,0,0
"fe80::f17b:6c72:fea6:5dc5",56251,2,186,0,0,2,186,0,0
"192.168.1.62",56251,2,146,0,0,2,146,0,0
"fe80::f17b:6c72:fea6:5dc5",61051,2,186,0,0,2,186,0,0
"192.168.1.62",61051,2,146,0,0,2,146,0,0
"fe80::f17b:6c72:fea6:5dc5",64058,2,186,0,0,2,186,0,0
"192.168.1.62",64058,2,146,0,0,2,146,0,0
"fe80::f17b:6c72:fea6:5dc5",53416,2,186,0,0,2,186,0,0
"192.168.1.62",53416,2,146,0,0,2,146,0,0
"fe80::f17b:6c72:fea6:5dc5",50444,1,93,0,0,1,93,0,0
"192.168.1.62",50444,1,73,0,0,1,73,0,0
"fe80::f17b:6c72:fea6:5dc5",55983,1,93,0,0,1,93,0,0
"192.168.1.62",55983,1,73,0,0,1,73,0,0
"192.168.1.1",32880,2,884,0,0,2,884,0,0
"fe80::f17b:6c72:fea6:5dc5",49706,2,186,0,0,2,186,0,0
"192.168.1.62",49706,2,146,0,0,2,146,0,0
"2001:14ba:a051:8c00:61b5:31a4:d1f8:cc83",60335,1,89,0,0,1,89,0,0
"2001:14ba:a051:8c00:61b5:31a4:d1f8:cc83",55149,1,89,0,0,1,89,0,0
"192.168.1.177",55149,2,138,0,0,1,69,1,69
"192.168.1.177",60335,2,154,0,0,1,69,1,85
"192.168.1.177",63081,2,138,0,0,1,69,1,69
"192.168.1.177",51925,2,315,0,0,1,89,1,226
"192.168.1.177",53998,2,359,0,0,1,89,1,270
"192.168.1.253",57765,4,868,0,0,4,868,0,0
"192.168.1.1",48286,6,2354,0,0,6,2354,0,0
"192.168.1.1",50781,2,884,0,0,2,884,0,0
"fe80::f17b:6c72:fea6:5dc5",53475,2,186,0,0,2,186,0,0
"192.168.1.62",53475,2,146,0,0,2,146,0,0
"fe80::f17b:6c72:fea6:5dc5",60383,2,186,0,0,2,186,0,0
"192.168.1.62",60383,2,146,0,0,2,146,0,0
"fe80::f17b:6c72:fea6:5dc5",57674,4,372,0,0,4,372,0,0
"192.168.1.62",57674,4,292,0,0,4,292,0,0
"fe80::f17b:6c72:fea6:5dc5",54044,2,186,0,0,2,186,0,0
"192.168.1.62",54044,2,146,0,0,2,146,0,0
"192.168.1.1",34442,6,2354,0,0,6,2354,0,0
"192.168.1.1",52912,3,976,0,0,3,976,0,0
"fe80::f17b:6c72:fea6:5dc5",59322,2,186,0,0,2,186,0,0
"192.168.1.62",59322,2,146,0,0,2,146,0,0
"fe80::f17b:6c72:fea6:5dc5",58602,2,186,0,0,2,186,0,0
"192.168.1.62",58602,2,146,0,0,2,146,0,0
"fe80::f17b:6c72:fea6:5dc5",56039,4,372,0,0,4,372,0,0
"192.168.1.62",56039,3,219,0,0,3,219,0,0
"fe80::f17b:6c72:fea6:5dc5",53596,4,372,0,0,4,372,0,0
"fe80::f17b:6c72:fea6:5dc5",52270,2,186,0,0,2,186,0,0
"192.168.1.62",53596,4,292,0,0,4,292,0,0
"192.168.1.62",52270,2,146,0,0,2,146,0,0
"fe80::f17b:6c72:fea6:5dc5",63691,2,186,0,0,2,186,0,0
"192.168.1.62",63691,2,146,0,0,2,146,0,0
"fe80::f17b:6c72:fea6:5dc5",58904,2,186,0,0,2,186,0,0
"192.168.1.62",58904,2,146,0,0,2,146,0,0
"fe80::f17b:6c72:fea6:5dc5",49856,2,186,0,0,2,186,0,0
"192.168.1.62",49856,2,146,0,0,2,146,0,0
"fe80::f17b:6c72:fea6:5dc5",63039,2,186,0,0,2,186,0,0
"192.168.1.62",63039,2,146,0,0,2,146,0,0
"192.168.1.1",54822,1,92,0,0,1,92,0,0
"fe80::f17b:6c72:fea6:5dc5",65284,4,372,0,0,4,372,0,0
"192.168.1.62",65284,4,292,0,0,4,292,0,0
"fe80::f17b:6c72:fea6:5dc5",50218,2,186,0,0,2,186,0,0
"192.168.1.62",50218,2,146,0,0,2,146,0,0
"fe80::f17b:6c72:fea6:5dc5",55138,2,186,0,0,2,186,0,0
"192.168.1.62",55138,2,146,0,0,2,146,0,0
"fe80::f17b:6c72:fea6:5dc5",55248,2,186,0,0,2,186,0,0
"192.168.1.62",55248,2,146,0,0,2,146,0,0
"fe80::f17b:6c72:fea6:5dc5",60176,2,186,0,0,2,186,0,0
"192.168.1.62",60176,2,146,0,0,2,146,0,0
"fe80::f17b:6c72:fea6:5dc5",61222,2,186,0,0,2,186,0,0
"fe80::f17b:6c72:fea6:5dc5",59193,2,186,0,0,2,186,0,0
"192.168.1.62",59193,2,146,0,0,2,146,0,0
"192.168.1.62",61222,2,146,0,0,2,146,0,0
"192.168.1.1",52692,6,2354,0,0,6,2354,0,0
"192.168.1.1",56812,2,884,0,0,2,884,0,0
"2001:14ba:a051:8c00:61b5:31a4:d1f8:cc83",60287,2,202,0,0,2,202,0,0
"2001:14ba:a051:8c00:61b5:31a4:d1f8:cc83",51271,2,202,0,0,2,202,0,0
"192.168.1.177",60287,2,275,0,0,1,81,1,194
"192.168.1.177",51271,4,475,0,0,2,161,2,314
"fe80::f17b:6c72:fea6:5dc5",62581,2,186,0,0,2,186,0,0
"192.168.1.62",62581,2,146,0,0,2,146,0,0
"fe80::f17b:6c72:fea6:5dc5",64140,2,186,0,0,2,186,0,0
"192.168.1.62",64140,2,146,0,0,2,146,0,0
"192.168.1.1",47866,6,2354,0,0,6,2354,0,0
"192.168.1.1",48609,2,884,0,0,2,884,0,0
"fe80::f17b:6c72:fea6:5dc5",51480,4,372,0,0,4,372,0,0
"192.168.1.62",51480,4,292,0,0,4,292,0,0
"fe80::f17b:6c72:fea6:5dc5",56254,2,186,0,0,2,186,0,0
"192.168.1.62",56254,2,146,0,0,2,146,0,0
"fe80::f17b:6c72:fea6:5dc5",64112,2,186,0,0,2,186,0,0
"fe80::f17b:6c72:fea6:5dc5",59057,2,186,0,0,2,186,0,0
"192.168.1.62",59057,2,146,0,0,2,146,0,0
"fe80::f17b:6c72:fea6:5dc5",55061,2,186,0,0,2,186,0,0
"192.168.1.62",55061,2,146,0,0,2,146,0,0
"fe80::f17b:6c72:fea6:5dc5",61208,2,186,0,0,2,186,0,0
"192.168.1.62",61208,2,146,0,0,2,146,0,0
"192.168.1.62",64112,1,73,0,0,1,73,0,0
"2001:14ba:a051:8c00:61b5:31a4:d1f8:cc83",56490,2,178,0,0,2,178,0,0
"2001:14ba:a051:8c00:61b5:31a4:d1f8:cc83",51525,2,178,0,0,2,178,0,0
"fe80::f17b:6c72:fea6:5dc5",56946,2,186,0,0,2,186,0,0
"192.168.1.62",56946,2,146,0,0,2,146,0,0
"fe80::f17b:6c72:fea6:5dc5",49374,2,186,0,0,2,186,0,0
"192.168.1.62",49374,2,146,0,0,2,146,0,0
"fe80::f17b:6c72:fea6:5dc5",49850,4,372,0,0,4,372,0,0
"192.168.1.62",49850,4,292,0,0,4,292,0,0
"fe80::f17b:6c72:fea6:5dc5",51924,4,372,0,0,4,372,0,0
"192.168.1.62",51924,4,292,0,0,4,292,0,0
"fe80::f17b:6c72:fea6:5dc5",54457,2,186,0,0,2,186,0,0
"192.168.1.62",54457,2,146,0,0,2,146,0,0
"fe80::f17b:6c72:fea6:5dc5",57361,2,186,0,0,2,186,0,0
"fe80::f17b:6c72:fea6:5dc5",57368,4,372,0,0,4,372,0,0
"192.168.1.62",57368,4,292,0,0,4,292,0,0
"192.168.1.62",57361,2,146,0,0,2,146,0,0
"192.168.1.177",51525,2,138,0,0,1,69,1,69
"192.168.1.177",56490,2,154,0,0,1,69,1,85
"192.168.1.1",37111,6,2354,0,0,6,2354,0,0
"192.168.1.1",44516,2,884,0,0,2,884,0,0
"fe80::f17b:6c72:fea6:5dc5",50959,2,186,0,0,2,186,0,0
"192.168.1.62",50959,2,146,0,0,2,146,0,0
"fe80::f17b:6c72:fea6:5dc5",52864,2,186,0,0,2,186,0,0
"192.168.1.62",52864,2,146,0,0,2,146,0,0
"fe80::f17b:6c72:fea6:5dc5",62319,2,186,0,0,2,186,0,0
"192.168.1.62",62319,2,146,0,0,2,146,0,0
"fe80::f17b:6c72:fea6:5dc5",58884,2,186,0,0,2,186,0,0
"192.168.1.62",58884,2,146,0,0,2,146,0,0
"192.168.1.1",52268,1,92,0,0,1,92,0,0
"fe80::f17b:6c72:fea6:5dc5",52492,2,186,0,0,2,186,0,0
"192.168.1.62",52492,2,146,0,0,2,146,0,0
"fe80::f17b:6c72:fea6:5dc5",57126,2,186,0,0,2,186,0,0
"192.168.1.62",57126,2,146,0,0,2,146,0,0
"fe80::f17b:6c72:fea6:5dc5",62355,2,186,0,0,2,186,0,0
"192.168.1.62",62355,2,146,0,0,2,146,0,0
"192.168.1.1",42500,6,2354,0,0,6,2354,0,0
"192.168.1.1",57687,2,884,0,0,2,884,0,0
"192.168.1.177",53849,2,204,0,0,1,78,1,126
"192.168.1.177",50982,2,212,0,0,1,78,1,134
"192.168.1.177",64261,4,408,0,0,2,172,2,236
"192.168.1.177",55950,2,294,0,0,1,91,1,203
"192.168.1.1",40020,6,2354,0,0,6,2354,0,0
"192.168.1.1",37554,2,884,0,0,2,884,0,0
"fe80::f17b:6c72:fea6:5dc5",50127,2,186,0,0,2,186,0,0
"192.168.1.62",50127,2,146,0,0,2,146,0,0
"fe80::f17b:6c72:fea6:5dc5",63211,2,186,0,0,2,186,0,0
"192.168.1.62",63211,2,146,0,0,2,146,0,0
"fe80::f17b:6c72:fea6:5dc5",63796,2,186,0,0,2,186,0,0
"192.168.1.62",63796,2,146,0,0,2,146,0,0
"fe80::f17b:6c72:fea6:5dc5",54979,2,186,0,0,2,186,0,0
"192.168.1.62",54979,2,146,0,0,2,146,0,0
"192.168.1.1",32928,6,2354,0,0,6,2354,0,0
"192.168.1.1",57552,2,884,0,0,2,884,0,0
"fe80::f17b:6c72:fea6:5dc5",65476,2,186,0,0,2,186,0,0
"192.168.1.62",65476,2,146,0,0,2,146,0,0
"fe80::f17b:6c72:fea6:5dc5",51953,2,186,0,0,2,186,0,0
"fe80::f17b:6c72:fea6:5dc5",53004,2,186,0,0,2,186,0,0
"192.168.1.62",53004,2,146,0,0,2,146,0,0
"192.168.1.62",51953,2,146,0,0,2,146,0,0
"192.168.1.177",53320,29,11857,0,0,14,4410,15,7447
"fe80::f17b:6c72:fea6:5dc5",63001,2,186,0,0,2,186,0,0
"192.168.1.62",63001,2,146,0,0,2,146,0,0
"fe80::f17b:6c72:fea6:5dc5",50597,4,372,0,0,4,372,0,0
"fe80::f17b:6c72:fea6:5dc5",54260,2,186,0,0,2,186,0,0
"192.168.1.62",50597,4,292,0,0,4,292,0,0
"192.168.1.62",54260,2,146,0,0,2,146,0,0
"fe80::f17b:6c72:fea6:5dc5",64761,2,186,0,0,2,186,0,0
"192.168.1.62",64761,2,146,0,0,2,146,0,0
"fe80::f17b:6c72:fea6:5dc5",52919,2,186,0,0,2,186,0,0
"192.168.1.62",52919,2,146,0,0,2,146,0,0
"fe80::f17b:6c72:fea6:5dc5",63414,2,186,0,0,2,186,0,0
"192.168.1.62",63414,2,146,0,0,2,146,0,0
"192.168.1.177",65238,2,283,0,0,1,78,1,205
"192.168.1.177",60784,2,260,0,0,1,78,1,182
"192.168.1.177",52724,2,154,0,0,1,69,1,85
"192.168.1.177",64130,2,138,0,0,1,69,1,69
"192.168.1.177",56235,2,138,0,0,1,69,1,69
"192.168.1.177",52806,2,154,0,0,1,69,1,85
"192.168.1.177",49191,2,138,0,0,1,69,1,69
"192.168.1.177",49192,4,868,0,0,4,868,0,0
"fe80::f17b:6c72:fea6:5dc5",61445,1,93,0,0,1,93,0,0
"192.168.1.62",61445,1,73,0,0,1,73,0,0
"fe80::f17b:6c72:fea6:5dc5",52585,1,93,0,0,1,93,0,0
"fe80::f17b:6c72:fea6:5dc5",50746,1,93,0,0,1,93,0,0
"192.168.1.62",52585,2,146,0,0,2,146,0,0
"192.168.1.62",50746,1,73,0,0,1,73,0,0
"fe80::f17b:6c72:fea6:5dc5",52273,1,93,0,0,1,93,0,0
"192.168.1.62",52273,2,146,0,0,2,146,0,0
"192.168.1.62",52275,4,868,0,0,4,868,0,0
"192.168.1.177",58597,2,192,0,0,1,88,1,104
"192.168.1.1",47682,6,2354,0,0,6,2354,0,0
"192.168.1.1",46813,2,884,0,0,2,884,0,0
"fe80::f17b:6c72:fea6:5dc5",63499,2,186,0,0,2,186,0,0
"192.168.1.62",63499,2,146,0,0,2,146,0,0
"fe80::f17b:6c72:fea6:5dc5",65072,2,186,0,0,2,186,0,0
"fe80::f17b:6c72:fea6:5dc5",53571,2,186,0,0,2,186,0,0
"192.168.1.62",53571,2,146,0,0,2,146,0,0
"192.168.1.62",65072,2,146,0,0,2,146,0,0
"fe80::f17b:6c72:fea6:5dc5",54553,2,186,0,0,2,186,0,0
"192.168.1.62",54553,2,146,0,0,2,146,0,0
"192.168.1.177",61418,4,647,0,0,2,151,2,496
"192.168.1.177",58687,2,409,0,0,1,72,1,337
"192.168.1.177",49948,2,326,0,0,1,72,1,254
"fe80::f17b:6c72:fea6:5dc5",59111,2,186,0,0,2,186,0,0
"192.168.1.62",59111,2,146,0,0,2,146,0,0
"fe80::f17b:6c72:fea6:5dc5",55728,2,186,0,0,2,186,0,0
"192.168.1.62",55728,2,146,0,0,2,146,0,0
"192.168.1.1",58250,6,2354,0,0,6,2354,0,0
"192.168.1.1",53612,2,884,0,0,2,884,0,0
"fe80::f17b:6c72:fea6:5dc5",61963,2,186,0,0,2,186,0,0
"192.168.1.62",61963,2,146,0,0,2,146,0,0
"fe80::f17b:6c72:fea6:5dc5",62786,2,186,0,0,2,186,0,0
"192.168.1.62",62786,2,146,0,0,2,146,0,0
"192.168.1.62",59678,4,292,0,0,4,292,0,0
"fe80::f17b:6c72:fea6:5dc5",61024,4,372,0,0,4,372,0,0
"192.168.1.62",61024,4,292,0,0,4,292,0,0
"fe80::f17b:6c72:fea6:5dc5",59678,3,279,0,0,3,279,0,0
"fe80::f17b:6c72:fea6:5dc5",50025,1,93,0,0,1,93,0,0
"192.168.1.62",50025,1,73,0,0,1,73,0,0
"fe80::f17b:6c72:fea6:5dc5",50761,1,93,0,0,1,93,0,0
"192.168.1.62",50761,1,73,0,0,1,73,0,0
"fe80::f17b:6c72:fea6:5dc5",60994,4,372,0,0,4,372,0,0
"192.168.1.62",60994,4,292,0,0,4,292,0,0
"fe80::f17b:6c72:fea6:5dc5",52493,2,186,0,0,2,186,0,0
"192.168.1.62",52493,2,146,0,0,2,146,0,0
"fe80::f17b:6c72:fea6:5dc5",62813,2,186,0,0,2,186,0,0
"192.168.1.62",62813,2,146,0,0,2,146,0,0
"192.168.1.1",52917,1,92,0,0,1,92,0,0
"fe80::f17b:6c72:fea6:5dc5",60558,2,186,0,0,2,186,0,0
"192.168.1.62",60558,2,146,0,0,2,146,0,0
"fe80::f17b:6c72:fea6:5dc5",55658,2,186,0,0,2,186,0,0
"fe80::f17b:6c72:fea6:5dc5",49686,2,186,0,0,2,186,0,0
"192.168.1.62",55658,2,146,0,0,2,146,0,0
"192.168.1.62",49686,2,146,0,0,2,146,0,0
"fe80::f17b:6c72:fea6:5dc5",55341,2,186,0,0,2,186,0,0
"192.168.1.62",55341,2,146,0,0,2,146,0,0
"192.168.1.1",45099,6,2354,0,0,6,2354,0,0
"192.168.1.1",35630,2,884,0,0,2,884,0,0
"fe80::f17b:6c72:fea6:5dc5",60562,2,186,0,0,2,186,0,0
"192.168.1.62",60562,2,146,0,0,2,146,0,0
"fe80::f17b:6c72:fea6:5dc5",50896,2,186,0,0,2,186,0,0
"fe80::f17b:6c72:fea6:5dc5",62389,2,186,0,0,2,186,0,0
"192.168.1.62",50896,2,146,0,0,2,146,0,0
"192.168.1.62",62389,2,146,0,0,2,146,0,0
"fe80::f17b:6c72:fea6:5dc5",52759,4,372,0,0,4,372,0,0
"192.168.1.62",52759,4,292,0,0,4,292,0,0
"fe80::f17b:6c72:fea6:5dc5",56608,2,186,0,0,2,186,0,0
"192.168.1.62",56608,2,146,0,0,2,146,0,0
"fe80::f17b:6c72:fea6:5dc5",53578,2,186,0,0,2,186,0,0
"192.168.1.62",53578,2,146,0,0,2,146,0,0
"fe80::f17b:6c72:fea6:5dc5",54938,2,186,0,0,2,186,0,0
"192.168.1.62",54938,2,146,0,0,2,146,0,0
"fe80::f17b:6c72:fea6:5dc5",59095,2,186,0,0,2,186,0,0
"192.168.1.62",59095,2,146,0,0,2,146,0,0
"192.168.1.177",58194,2,180,0,0,1,74,1,106
"192.168.1.177",50722,2,213,0,0,1,74,1,139
"192.168.1.1",50747,6,2354,0,0,6,2354,0,0
"192.168.1.1",54642,2,884,0,0,2,884,0,0
"192.168.1.177",62630,2,162,0,0,1,81,1,81
"fe80::f17b:6c72:fea6:5dc5",55397,2,186,0,0,2,186,0,0
"192.168.1.62",55397,2,146,0,0,2,146,0,0
"192.168.1.253",63191,4,868,0,0,4,868,0,0
"192.168.1.1",56943,6,2354,0,0,6,2354,0,0
"192.168.1.1",58591,2,884,0,0,2,884,0,0
"fe80::f17b:6c72:fea6:5dc5",64202,1,93,0,0,1,93,0,0
"192.168.1.62",64202,1,73,0,0,1,73,0,0
"fe80::f17b:6c72:fea6:5dc5",61121,1,93,0,0,1,93,0,0
"192.168.1.62",61121,1,73,0,0,1,73,0,0
"192.168.1.1",55657,1,92,0,0,1,92,0,0
"192.168.1.1",43599,6,2354,0,0,6,2354,0,0
"192.168.1.1",41803,3,1246,0,0,3,1246,0,0
"fe80::f17b:6c72:fea6:5dc5",60402,4,372,0,0,4,372,0,0
"192.168.1.62",60402,4,292,0,0,4,292,0,0
"fe80::f17b:6c72:fea6:5dc5",54440,2,186,0,0,2,186,0,0
"192.168.1.62",54440,2,146,0,0,2,146,0,0
"fe80::f17b:6c72:fea6:5dc5",58773,2,186,0,0,2,186,0,0
"192.168.1.62",58773,2,146,0,0,2,146,0,0
"fe80::f17b:6c72:fea6:5dc5",53968,2,186,0,0,2,186,0,0
"192.168.1.62",53968,2,146,0,0,2,146,0,0
"fe80::f17b:6c72:fea6:5dc5",51225,2,186,0,0,2,186,0,0
"192.168.1.62",51225,2,146,0,0,2,146,0,0
"fe80::f17b:6c72:fea6:5dc5",51197,2,186,0,0,2,186,0,0
"192.168.1.62",51197,2,146,0,0,2,146,0,0
"fe80::f17b:6c72:fea6:5dc5",61892,2,186,0,0,2,186,0,0
"192.168.1.62",61892,2,146,0,0,2,146,0,0
"192.168.1.1",35786,6,2354,0,0,6,2354,0,0
"192.168.1.1",43390,2,884,0,0,2,884,0,0
"fe80::f17b:6c72:fea6:5dc5",55854,2,186,0,0,2,186,0,0
"192.168.1.62",55854,2,146,0,0,2,146,0,0
"fe80::f17b:6c72:fea6:5dc5",63707,2,186,0,0,2,186,0,0
"192.168.1.62",63707,2,146,0,0,2,146,0,0
"192.168.1.1",59745,6,2354,0,0,6,2354,0,0
"192.168.1.1",50540,2,884,0,0,2,884,0,0
"fe80::f17b:6c72:fea6:5dc5",50528,2,186,0,0,2,186,0,0
"192.168.1.62",50528,2,146,0,0,2,146,0,0
"fe80::f17b:6c72:fea6:5dc5",53842,2,186,0,0,2,186,0,0
"192.168.1.62",53842,2,146,0,0,2,146,0,0
"fe80::f17b:6c72:fea6:5dc5",51101,2,186,0,0,2,186,0,0
"192.168.1.62",51101,2,146,0,0,2,146,0,0
"fe80::f17b:6c72:fea6:5dc5",49886,2,186,0,0,2,186,0,0
"192.168.1.62",49886,2,146,0,0,2,146,0,0
"192.168.1.1",40354,1,92,0,0,1,92,0,0
"fe80::f17b:6c72:fea6:5dc5",52638,2,186,0,0,2,186,0,0
"192.168.1.62",52638,2,146,0,0,2,146,0,0
"fe80::f17b:6c72:fea6:5dc5",50082,4,372,0,0,4,372,0,0
"192.168.1.62",50082,4,292,0,0,4,292,0,0
"192.168.1.1",50006,6,2354,0,0,6,2354,0,0
"192.168.1.1",59837,2,884,0,0,2,884,0,0
"fe80::f17b:6c72:fea6:5dc5",51558,2,186,0,0,2,186,0,0
"192.168.1.62",51558,2,146,0,0,2,146,0,0
"fe80::f17b:6c72:fea6:5dc5",55570,2,186,0,0,2,186,0,0
"192.168.1.62",55570,2,146,0,0,2,146,0,0
"fe80::f17b:6c72:fea6:5dc5",65124,2,186,0,0,2,186,0,0
"192.168.1.62",65124,2,146,0,0,2,146,0,0
"fe80::f17b:6c72:fea6:5dc5",57893,2,186,0,0,2,186,0,0
"192.168.1.62",57893,2,146,0,0,2,146,0,0
"fe80::f17b:6c72:fea6:5dc5",55560,2,186,0,0,2,186,0,0
"192.168.1.62",55560,2,146,0,0,2,146,0,0
"fe80::f17b:6c72:fea6:5dc5",52017,2,186,0,0,2,186,0,0
"192.168.1.62",52017,2,146,0,0,2,146,0,0
"192.168.1.1",38646,6,2354,0,0,6,2354,0,0
"192.168.1.1",36151,2,884,0,0,2,884,0,0
"fe80::f17b:6c72:fea6:5dc5",65378,2,186,0,0,2,186,0,0
"192.168.1.62",65378,2,146,0,0,2,146,0,0
"fe80::f17b:6c72:fea6:5dc5",49379,2,186,0,0,2,186,0,0
"192.168.1.62",49379,2,146,0,0,2,146,0,0
"fe80::f17b:6c72:fea6:5dc5",58903,2,186,0,0,2,186,0,0
"192.168.1.62",58903,2,146,0,0,2,146,0,0
"fe80::f17b:6c72:fea6:5dc5",63968,2,186,0,0,2,186,0,0
"fe80::f17b:6c72:fea6:5dc5",50377,2,186,0,0,2,186,0,0
"192.168.1.62",50377,2,146,0,0,2,146,0,0
"fe80::f17b:6c72:fea6:5dc5",52880,2,186,0,0,2,186,0,0
"192.168.1.62",52880,2,146,0,0,2,146,0,0
"fe80::f17b:6c72:fea6:5dc5",49292,2,186,0,0,2,186,0,0
"192.168.1.62",49292,2,146,0,0,2,146,0,0
"fe80::f17b:6c72:fea6:5dc5",54509,2,186,0,0,2,186,0,0
"192.168.1.62",54509,2,146,0,0,2,146,0,0
"fe80::f17b:6c72:fea6:5dc5",62898,2,186,0,0,2,186,0,0
"192.168.1.62",62898,2,146,0,0,2,146,0,0
"fe80::f17b:6c72:fea6:5dc5",53237,2,186,0,0,2,186,0,0
"192.168.1.62",53237,2,146,0,0,2,146,0,0
"192.168.1.1",50658,6,2354,0,0,6,2354,0,0
"fe80::f17b:6c72:fea6:5dc5",54467,2,186,0,0,2,186,0,0
"192.168.1.62",54467,2,146,0,0,2,146,0,0
"fe80::f17b:6c72:fea6:5dc5",57310,2,186,0,0,2,186,0,0
"192.168.1.62",57310,2,146,0,0,2,146,0,0
"192.168.1.1",60862,2,884,0,0,2,884,0,0
"fe80::f17b:6c72:fea6:5dc5",63605,2,186,0,0,2,186,0,0
"192.168.1.62",63605,2,146,0,0,2,146,0,0
"fe80::f17b:6c72:fea6:5dc5",59688,2,186,0,0,2,186,0,0
"192.168.1.62",59688,2,146,0,0,2,146,0,0
"fe80::f17b:6c72:fea6:5dc5",60494,2,186,0,0,2,186,0,0
"192.168.1.62",60494,2,146,0,0,2,146,0,0
"fe80::f17b:6c72:fea6:5dc5",53310,2,186,0,0,2,186,0,0
"192.168.1.62",53310,2,146,0,0,2,146,0,0
"192.168.1.1",40974,1,92,0,0,1,92,0,0
"fe80::f17b:6c72:fea6:5dc5",62530,2,186,0,0,2,186,0,0
"192.168.1.62",62530,2,146,0,0,2,146,0,0
"fe80::f17b:6c72:fea6:5dc5",52539,2,186,0,0,2,186,0,0
"192.168.1.62",52539,2,146,0,0,2,146,0,0
"0.0.0.0",68,3,1046,0,0,3,1046,0,0
"255.255.255.255",67,3,1046,0,0,0,0,3,1046
"192.168.1.1",59872,6,2354,0,0,6,2354,0,0
"192.168.1.103",41631,1,167,0,0,1,167,0,0
"192.168.1.1",49053,2,884,0,0,2,884,0,0
"fe80::f17b:6c72:fea6:5dc5",61840,2,186,0,0,2,186,0,0
"192.168.1.62",61840,2,146,0,0,2,146,0,0
"fe80::f17b:6c72:fea6:5dc5",58708,2,186,0,0,2,186,0,0
"192.168.1.62",58708,2,146,0,0,2,146,0,0
"fe80::f17b:6c72:fea6:5dc5",56863,2,186,0,0,2,186,0,0
"192.168.1.62",56863,2,146,0,0,2,146,0,0
"fe80::f17b:6c72:fea6:5dc5",52726,2,186,0,0,2,186,0,0
"192.168.1.62",52726,2,146,0,0,2,146,0,0
"fe80::f17b:6c72:fea6:5dc5",50178,2,186,0,0,2,186,0,0
"192.168.1.62",50178,2,146,0,0,2,146,0,0
"fe80::f17b:6c72:fea6:5dc5",60197,4,372,0,0,4,372,0,0
"192.168.1.62",60197,4,292,0,0,4,292,0,0
"fe80::f17b:6c72:fea6:5dc5",63115,2,186,0,0,2,186,0,0
"192.168.1.62",63115,2,146,0,0,2,146,0,0
"fe80::f17b:6c72:fea6:5dc5",49726,2,186,0,0,2,186,0,0
"192.168.1.62",49726,2,146,0,0,2,146,0,0
"fe80::f17b:6c72:fea6:5dc5",55768,3,279,0,0,3,279,0,0
"192.168.1.62",55768,4,292,0,0,4,292,0,0
"fe80::f17b:6c72:fea6:5dc5",51431,2,186,0,0,2,186,0,0
"192.168.1.62",51431,2,146,0,0,2,146,0,0
"fe80::f17b:6c72:fea6:5dc5",53583,2,186,0,0,2,186,0,0
"192.168.1.62",53583,2,146,0,0,2,146,0,0
"192.168.1.177",59169,4,868,0,0,4,868,0,0
"192.168.1.62",58601,4,868,0,0,4,868,0,0
"fe80::f17b:6c72:fea6:5dc5",50147,2,186,0,0,2,186,0,0
"192.168.1.62",50147,2,146,0,0,2,146,0,0
"fe80::f17b:6c72:fea6:5dc5",55720,2,186,0,0,2,186,0,0
"192.168.1.62",55720,2,146,0,0,2,146,0,0
"192.168.1.1",33169,6,2354,0,0,6,2354,0,0
"192.168.1.1",40439,2,884,0,0,2,884,0,0
"192.168.1.1",59836,6,2354,0,0,6,2354,0,0
"192.168.1.1",33278,2,884,0,0,2,884,0,0
"fe80::f17b:6c72:fea6:5dc5",62018,3,279,0,0,3,279,0,0
"192.168.1.62",62018,3,219,0,0,3,219,0,0
"fe80::f17b:6c72:fea6:5dc5",65252,2,186,0,0,2,186,0,0
"192.168.1.62",65252,2,146,0,0,2,146,0,0
"fe80::f17b:6c72:fea6:5dc5",62661,2,186,0,0,2,186,0,0
"192.168.1.62",62661,2,146,0,0,2,146,0,0
"fe80::f17b:6c72:fea6:5dc5",52827,2,186,0,0,2,186,0,0
"192.168.1.62",52827,2,146,0,0,2,146,0,0
"192.168.1.1",52306,1,92,0,0,1,92,0,0
"fe80::f17b:6c72:fea6:5dc5",57681,2,186,0,0,2,186,0,0
"192.168.1.62",57681,2,146,0,0,2,146,0,0
"fe80::f17b:6c72:fea6:5dc5",63484,2,186,0,0,2,186,0,0
"192.168.1.62",63484,2,146,0,0,2,146,0,0
"fe80::f17b:6c72:fea6:5dc5",49185,1,93,0,0,1,93,0,0
"192.168.1.62",49185,1,73,0,0,1,73,0,0
"fe80::f17b:6c72:fea6:5dc5",61468,2,186,0,0,2,186,0,0
"192.168.1.62",61468,2,146,0,0,2,146,0,0
"fe80::f17b:6c72:fea6:5dc5",62016,2,186,0,0,2,186,0,0
"fe80::f17b:6c72:fea6:5dc5",55626,2,186,0,0,2,186,0,0
"192.168.1.62",62016,2,146,0,0,2,146,0,0
"192.168.1.62",55626,2,146,0,0,2,146,0,0
"fe80::f17b:6c72:fea6:5dc5",62154,2,186,0,0,2,186,0,0
"192.168.1.62",62154,2,146,0,0,2,146,0,0
"192.168.1.1",59185,6,2354,0,0,6,2354,0,0
"192.168.1.1",41911,2,884,0,0,2,884,0,0
"fe80::f17b:6c72:fea6:5dc5",61257,2,186,0,0,2,186,0,0
"192.168.1.62",61257,2,146,0,0,2,146,0,0
"fe80::f17b:6c72:fea6:5dc5",56121,2,186,0,0,2,186,0,0
"192.168.1.62",56121,2,146,0,0,2,146,0,0
"fe80::f17b:6c72:fea6:5dc5",51390,2,186,0,0,2,186,0,0
"192.168.1.62",51390,2,146,0,0,2,146,0,0
"fe80::f17b:6c72:fea6:5dc5",55976,2,186,0,0,2,186,0,0
"192.168.1.62",55976,2,146,0,0,2,146,0,0
"fe80::f17b:6c72:fea6:5dc5",52766,2,186,0,0,2,186,0,0
"192.168.1.62",52766,2,146,0,0,2,146,0,0
"fe80::f17b:6c72:fea6:5dc5",54029,2,186,0,0,2,186,0,0
"192.168.1.62",54029,2,146,0,0,2,146,0,0
"fe80::f17b:6c72:fea6:5dc5",59704,2,186,0,0,2,186,0,0
"192.168.1.62",59704,2,146,0,0,2,146,0,0
"fe80::f17b:6c72:fea6:5dc5",62211,2,186,0,0,2,186,0,0
"192.168.1.62",62211,2,146,0,0,2,146,0,0
"192.168.1.1",45308,6,2354,0,0,6,2354,0,0
"192.168.1.1",58701,2,884,0,0,2,884,0,0
"fe80::f17b:6c72:fea6:5dc5",51021,1,93,0,0,1,93,0,0
"192.168.1.62",51021,1,73,0,0,1,73,0,0
"fe80::f17b:6c72:fea6:5dc5",50288,1,93,0,0,1,93,0,0
"fe80::f17b:6c72:fea6:5dc5",62362,2,186,0,0,2,186,0,0
"192.168.1.62",62362,2,146,0,0,2,146,0,0
"fe80::f17b:6c72:fea6:5dc5",51074,2,186,0,0,2,186,0,0
"192.168.1.62",51074,2,146,0,0,2,146,0,0
"fe80::f17b:6c72:fea6:5dc5",65046,2,186,0,0,2,186,0,0
"192.168.1.62",65046,2,146,0,0,2,146,0,0
"fe80::f17b:6c72:fea6:5dc5",56906,2,186,0,0,2,186,0,0
"192.168.1.62",56906,2,146,0,0,2,146,0,0
"192.168.1.253",60481,4,868,0,0,4,868,0,0
"192.168.1.177",63111,2,168,0,0,1,76,1,92
"fe80::f17b:6c72:fea6:5dc5",51907,2,186,0,0,2,186,0,0
"192.168.1.62",51907,2,146,0,0,2,146,0,0
"192.168.1.1",34289,6,2354,0,0,6,2354,0,0
"192.168.1.1",52098,2,884,0,0,2,884,0,0
"fe80::f17b:6c72:fea6:5dc5",64375,2,186,0,0,2,186,0,0
"192.168.1.62",64375,2,146,0,0,2,146,0,0
"fe80::f17b:6c72:fea6:5dc5",54038,2,186,0,0,2,186,0,0
"192.168.1.62",54038,2,146,0,0,2,146,0,0
"192.168.1.1",56245,1,92,0,0,1,92,0,0
"fe80::f17b:6c72:fea6:5dc5",64882,2,186,0,0,2,186,0,0
"192.168.1.62",64882,2,146,0,0,2,146,0,0
"fe80::f17b:6c72:fea6:5dc5",58575,2,186,0,0,2,186,0,0
"192.168.1.62",58575,2,146,0,0,2,146,0,0
"fe80::f17b:6c72:fea6:5dc5",60304,2,186,0,0,2,186,0,0
"192.168.1.62",60304,2,146,0,0,2,146,0,0
"fe80::f17b:6c72:fea6:5dc5",57187,2,186,0,0,2,186,0,0
"192.168.1.62",57187,2,146,0,0,2,146,0,0
"192.168.1.1",45931,6,2354,0,0,6,2354,0,0
"fe80::f17b:6c72:fea6:5dc5",58967,2,186,0,0,2,186,0,0
"192.168.1.62",58967,2,146,0,0,2,146,0,0
"fe80::f17b:6c72:fea6:5dc5",60320,2,186,0,0,2,186,0,0
"192.168.1.62",60320,2,146,0,0,2,146,0,0
"192.168.1.1",45489,2,884,0,0,2,884,0,0
"fe80::f17b:6c72:fea6:5dc5",54501,2,186,0,0,2,186,0,0
"192.168.1.62",54501,2,146,0,0,2,146,0,0
"fe80::f17b:6c72:fea6:5dc5",51786,2,186,0,0,2,186,0,0
"192.168.1.62",51786,2,146,0,0,2,146,0,0
"192.168.1.177",49547,2,182,0,0,1,83,1,99
"192.168.1.177",51173,2,194,0,0,1,83,1,111
"192.168.1.177",65316,2,182,0,0,1,83,1,99
"fe80::f17b:6c72:fea6:5dc5",49232,2,186,0,0,2,186,0,0
"192.168.1.62",49232,2,146,0,0,2,146,0,0
"fe80::f17b:6c72:fea6:5dc5",56702,2,186,0,0,2,186,0,0
"192.168.1.62",56702,2,146,0,0,2,146,0,0
"fe80::f17b:6c72:fea6:5dc5",62834,2,186,0,0,2,186,0,0
"192.168.1.62",62834,2,146,0,0,2,146,0,0
"fe80::f17b:6c72:fea6:5dc5",59189,2,186,0,0,2,186,0,0
"192.168.1.62",59189,2,146,0,0,2,146,0,0
"fe80::f17b:6c72:fea6:5dc5",64754,2,186,0,0,2,186,0,0
"192.168.1.62",64754,2,146,0,0,2,146,0,0
"192.168.1.103",43930,1,167,0,0,1,167,0,0
"fe80::f17b:6c72:fea6:5dc5",60765,2,186,0,0,2,186,0,0
"192.168.1.62",60765,2,146,0,0,2,146,0,0
"fe80::f17b:6c72:fea6:5dc5",65178,2,186,0,0,2,186,0,0
"192.168.1.62",65178,2,146,0,0,2,146,0,0
"fe80::f17b:6c72:fea6:5dc5",53286,2,186,0,0,2,186,0,0
"192.168.1.62",53286,2,146,0,0,2,146,0,0
"192.168.1.1",57450,6,2354,0,0,6,2354,0,0
"192.168.1.1",48040,2,884,0,0,2,884,0,0
"192.168.1.1",48197,6,2354,0,0,6,2354,0,0
"192.168.1.1",36230,2,884,0,0,2,884,0,0
"fe80::f17b:6c72:fea6:5dc5",55018,2,186,0,0,2,186,0,0
"192.168.1.62",55018,2,146,0,0,2,146,0,0
"fe80::f17b:6c72:fea6:5dc5",63563,2,186,0,0,2,186,0,0
"192.168.1.62",63563,2,146,0,0,2,146,0,0
"fe80::f17b:6c72:fea6:5dc5",56517,2,186,0,0,2,186,0,0
"192.168.1.62",56517,2,146,0,0,2,146,0,0
"fe80::f17b:6c72:fea6:5dc5",64666,2,186,0,0,2,186,0,0
"192.168.1.62",64666,2,146,0,0,2,146,0,0
"fe80::f17b:6c72:fea6:5dc5",64357,2,186,0,0,2,186,0,0
"192.168.1.62",64357,2,146,0,0,2,146,0,0
"fe80::f17b:6c72:fea6:5dc5",63799,2,186,0,0,2,186,0,0
"192.168.1.62",63799,2,146,0,0,2,146,0,0
"192.168.1.1",51753,1,92,0,0,1,92,0,0
"192.168.1.1",60546,2,884,0,0,2,884,0,0
"fe80::f17b:6c72:fea6:5dc5",63546,2,186,0,0,2,186,0,0
"192.168.1.62",63546,2,146,0,0,2,146,0,0
"fe80::f17b:6c72:fea6:5dc5",50998,2,186,0,0,2,186,0,0
"192.168.1.62",50998,2,146,0,0,2,146,0,0
"fe80::f17b:6c72:fea6:5dc5",53451,2,186,0,0,2,186,0,0
"192.168.1.62",53451,2,146,0,0,2,146,0,0
"192.168.1.1",60526,6,2354,0,0,6,2354,0,0
"192.168.1.1",39556,2,884,0,0,2,884,0,0
"fe80::f17b:6c72:fea6:5dc5",54053,2,186,0,0,2,186,0,0
"192.168.1.62",54053,2,146,0,0,2,146,0,0
"fe80::f17b:6c72:fea6:5dc5",54926,2,186,0,0,2,186,0,0
"192.168.1.62",54926,2,146,0,0,2,146,0,0
"fe80::f17b:6c72:fea6:5dc5",57137,2,186,0,0,2,186,0,0
"192.168.1.62",57137,2,146,0,0,2,146,0,0
"fe80::f17b:6c72:fea6:5dc5",50328,2,186,0,0,2,186,0,0
"192.168.1.62",50328,2,146,0,0,2,146,0,0
"fe80::f17b:6c72:fea6:5dc5",51430,4,372,0,0,4,372,0,0
"192.168.1.62",51430,4,292,0,0,4,292,0,0
"fe80::f17b:6c72:fea6:5dc5",55997,2,186,0,0,2,186,0,0
"192.168.1.62",55997,2,146,0,0,2,146,0,0
"192.168.1.177",61200,4,848,0,0,4,848,0,0
"fe80::f17b:6c72:fea6:5dc5",58307,2,186,0,0,2,186,0,0
"192.168.1.62",58307,2,146,0,0,2,146,0,0
"fe80::f17b:6c72:fea6:5dc5",49737,2,186,0,0,2,186,0,0
"192.168.1.62",49737,2,146,0,0,2,146,0,0
"fe80::f17b:6c72:fea6:5dc5",53311,2,186,0,0,2,186,0,0
"192.168.1.62",53311,2,146,0,0,2,146,0,0
"fe80::f17b:6c72:fea6:5dc5",63462,2,186,0,0,2,186,0,0
"192.168.1.62",63462,2,146,0,0,2,146,0,0
"fe80::f17b:6c72:fea6:5dc5",55291,2,186,0,0,2,186,0,0
"192.168.1.62",55291,2,146,0,0,2,146,0,0
"fe80::f17b:6c72:fea6:5dc5",52902,2,186,0,0,2,186,0,0
"192.168.1.62",52902,2,146,0,0,2,146,0,0
"fe80::f17b:6c72:fea6:5dc5",51222,2,186,0,0,2,186,0,0
"192.168.1.62",51222,2,146,0,0,2,146,0,0
"192.168.1.1",47071,6,2354,0,0,6,2354,0,0
"192.168.1.1",59553,2,884,0,0,2,884,0,0
"fe80::f17b:6c72:fea6:5dc5",59889,4,372,0,0,4,372,0,0
"192.168.1.62",59889,4,292,0,0,4,292,0,0
"fe80::f17b:6c72:fea6:5dc5",63306,2,186,0,0,2,186,0,0
"192.168.1.62",63306,2,146,0,0,2,146,0,0
"fe80::f17b:6c72:fea6:5dc5",54141,2,186,0,0,2,186,0,0
"192.168.1.62",54141,2,146,0,0,2,146,0,0
"fe80::f17b:6c72:fea6:5dc5",53224,2,186,0,0,2,186,0,0
"192.168.1.62",53224,2,146,0,0,2,146,0,0
"fe80::f17b:6c72:fea6:5dc5",63783,2,186,0,0,2,186,0,0
"192.168.1.62",63783,2,146,0,0,2,146,0,0
"fe80::f17b:6c72:fea6:5dc5",51909,2,186,0,0,2,186,0,0
"192.168.1.62",51909,2,146,0,0,2,146,0,0
"192.168.1.1",49609,6,2354,0,0,6,2354,0,0
"fe80::f17b:6c72:fea6:5dc5",55364,2,186,0,0,2,186,0,0
"192.168.1.62",55364,2,146,0,0,2,146,0,0
"fe80::f17b:6c72:fea6:5dc5",63712,2,186,0,0,2,186,0,0
"192.168.1.62",63712,2,146,0,0,2,146,0,0
"192.168.1.1",34601,2,884,0,0,2,884,0,0
"fe80::f17b:6c72:fea6:5dc5",62664,2,186,0,0,2,186,0,0
"192.168.1.62",62664,2,146,0,0,2,146,0,0
"fe80::f17b:6c72:fea6:5dc5",52710,2,186,0,0,2,186,0,0
"192.168.1.62",52710,2,146,0,0,2,146,0,0
"fe80::f17b:6c72:fea6:5dc5",57020,2,186,0,0,2,186,0,0
"192.168.1.62",57020,2,146,0,0,2,146,0,0
"fe80::f17b:6c72:fea6:5dc5",58791,2,186,0,0,2,186,0,0
"192.168.1.62",58791,2,146,0,0,2,146,0,0
"fe80::f17b:6c72:fea6:5dc5",55969,2,186,0,0,2,186,0,0
"192.168.1.62",55969,2,146,0,0,2,146,0,0
"fe80::f17b:6c72:fea6:5dc5",54610,2,186,0,0,2,186,0,0
"192.168.1.62",54610,2,146,0,0,2,146,0,0
"fe80::f17b:6c72:fea6:5dc5",53029,2,186,0,0,2,186,0,0
"192.168.1.62",53029,2,146,0,0,2,146,0,0
"192.168.1.1",44334,1,92,0,0,1,92,0,0
"fe80::f17b:6c72:fea6:5dc5",62679,1,93,0,0,1,93,0,0
"192.168.1.62",62679,1,73,0,0,1,73,0,0
"fe80::f17b:6c72:fea6:5dc5",61959,2,186,0,0,2,186,0,0
"192.168.1.62",61959,2,146,0,0,2,146,0,0
"fe80::f17b:6c72:fea6:5dc5",54604,4,360,0,0,4,360,0,0
"192.168.1.62",54604,4,280,0,0,4,280,0,0
"192.168.1.177",57562,4,868,0,0,4,868,0,0
"192.168.1.62",55664,4,868,0,0,4,868,0,0
"fe80::f17b:6c72:fea6:5dc5",58646,2,186,0,0,2,186,0,0
"192.168.1.62",58646,2,146,0,0,2,146,0,0
"fe80::f17b:6c72:fea6:5dc5",56634,2,186,0,0,2,186,0,0
"192.168.1.62",56634,2,146,0,0,2,146,0,0
"192.168.1.1",41503,6,2354,0,0,6,2354,0,0
"192.168.1.1",41756,2,884,0,0,2,884,0,0
"192.168.1.1",44607,6,2354,0,0,6,2354,0,0
"192.168.1.1",54946,2,884,0,0,2,884,0,0
"fe80::f17b:6c72:fea6:5dc5",64603,4,372,0,0,4,372,0,0
"192.168.1.62",64603,4,292,0,0,4,292,0,0
"fe80::f17b:6c72:fea6:5dc5",61471,2,186,0,0,2,186,0,0
"192.168.1.62",61471,2,146,0,0,2,146,0,0
"fe80::f17b:6c72:fea6:5dc5",57617,4,372,0,0,4,372,0,0
"192.168.1.62",57617,4,292,0,0,4,292,0,0
"fe80::f17b:6c72:fea6:5dc5",55284,2,186,0,0,2,186,0,0
"192.168.1.62",55284,2,146,0,0,2,146,0,0
"fe80::f17b:6c72:fea6:5dc5",52787,2,186,0,0,2,186,0,0
"192.168.1.62",52787,2,146,0,0,2,146,0,0
"fe80::3c64:85d8:f884:544c",58702,14,10052,0,0,14,10052,0,0
"192.168.1.177",58701,14,9772,0,0,14,9772,0,0
"fe80::f17b:6c72:fea6:5dc5",64466,2,186,0,0,2,186,0,0
"192.168.1.62",64466,2,146,0,0,2,146,0,0
"fe80::f17b:6c72:fea6:5dc5",61128,2,186,0,0,2,186,0,0
"fe80::f17b:6c72:fea6:5dc5",57282,2,186,0,0,2,186,0,0
"192.168.1.62",61128,2,146,0,0,2,146,0,0
"192.168.1.62",57282,2,146,0,0,2,146,0,0
"fe80::f17b:6c72:fea6:5dc5",49755,2,186,0,0,2,186,0,0
"192.168.1.62",49755,2,146,0,0,2,146,0,0
"192.168.1.1",53455,6,2354,0,0,6,2354,0,0
"192.168.1.1",55980,2,884,0,0,2,884,0,0
"192.168.1.1",57722,1,92,0,0,1,92,0,0
"fe80::f17b:6c72:fea6:5dc5",57980,2,186,0,0,2,186,0,0
"192.168.1.62",57980,2,146,0,0,2,146,0,0
"fe80::f17b:6c72:fea6:5dc5",61252,2,186,0,0,2,186,0,0
"192.168.1.62",61252,2,146,0,0,2,146,0,0
"fe80::f17b:6c72:fea6:5dc5",53152,2,186,0,0,2,186,0,0
"192.168.1.62",53152,2,146,0,0,2,146,0,0
"fe80::f17b:6c72:fea6:5dc5",62728,4,372,0,0,4,372,0,0
"192.168.1.62",62728,4,292,0,0,4,292,0,0
"192.168.1.1",41746,6,2354,0,0,6,2354,0,0
"fe80::f17b:6c72:fea6:5dc5",53846,2,186,0,0,2,186,0,0
"192.168.1.62",53846,2,146,0,0,2,146,0,0
"fe80::f17b:6c72:fea6:5dc5",54040,2,186,0,0,2,186,0,0
"192.168.1.62",54040,2,146,0,0,2,146,0,0
"fe80::f17b:6c72:fea6:5dc5",64436,2,186,0,0,2,186,0,0
"fe80::f17b:6c72:fea6:5dc5",59549,2,186,0,0,2,186,0,0
"192.168.1.62",64436,2,146,0,0,2,146,0,0
"192.168.1.62",59549,2,146,0,0,2,146,0,0
"192.168.1.1",59299,2,884,0,0,2,884,0,0
"fe80::f17b:6c72:fea6:5dc5",65188,2,186,0,0,2,186,0,0
"192.168.1.62",65188,2,146,0,0,2,146,0,0
"fe80::f17b:6c72:fea6:5dc5",62283,2,186,0,0,2,186,0,0
"192.168.1.62",62283,2,146,0,0,2,146,0,0
"fe80::f17b:6c72:fea6:5dc5",61859,2,186,0,0,2,186,0,0
"192.168.1.62",61859,2,146,0,0,2,146,0,0
"fe80::f17b:6c72:fea6:5dc5",56747,4,372,0,0,4,372,0,0
"192.168.1.62",56747,4,292,0,0,4,292,0,0
"fe80::f17b:6c72:fea6:5dc5",61205,2,186,0,0,2,186,0,0
"192.168.1.62",61205,2,146,0,0,2,146,0,0
"fe80::f17b:6c72:fea6:5dc5",64256,2,186,0,0,2,186,0,0
"192.168.1.62",64256,2,146,0,0,2,146,0,0
"192.168.1.253",55790,4,868,0,0,4,868,0,0
"192.168.1.177",54531,6,637,0,0,3,244,3,393
"192.168.1.177",62883,2,293,0,0,1,74,1,219
"fe80::f17b:6c72:fea6:5dc5",55726,2,186,0,0,2,186,0,0
"192.168.1.62",55726,2,146,0,0,2,146,0,0
"fe80::f17b:6c72:fea6:5dc5",59751,4,372,0,0,4,372,0,0
"192.168.1.62",59751,4,292,0,0,4,292,0,0
"192.168.1.177",63736,2,253,0,0,1,74,1,179
"192.168.1.177",60725,2,296,0,0,1,74,1,222
"192.168.1.177",61276,2,195,0,0,1,72,1,123
"192.168.1.177",60815,2,207,0,0,1,72,1,135
"192.168.1.177",52300,4,569,0,0,2,166,2,403
"192.168.1.177",64738,2,380,0,0,1,83,1,297
"192.168.1.1",52035,6,2354,0,0,6,2354,0,0
"192.168.1.1",35072,2,884,0,0,2,884,0,0
"fe80::f17b:6c72:fea6:5dc5",52722,4,372,0,0,4,372,0,0
"192.168.1.62",52722,4,292,0,0,4,292,0,0
"fe80::f17b:6c72:fea6:5dc5",52351,2,186,0,0,2,186,0,0
"192.168.1.62",52351,2,146,0,0,2,146,0,0
"fe80::f17b:6c72:fea6:5dc5",62731,2,186,0,0,2,186,0,0
"192.168.1.62",62731,2,146,0,0,2,146,0,0
"fe80::f17b:6c72:fea6:5dc5",54069,2,186,0,0,2,186,0,0
"192.168.1.62",54069,2,146,0,0,2,146,0,0
"fe80::f17b:6c72:fea6:5dc5",65354,2,186,0,0,2,186,0,0
"192.168.1.62",65354,2,146,0,0,2,146,0,0
"192.168.1.1",33262,6,2354,0,0,6,2354,0,0
"192.168.1.1",48380,8,3238,0,0,8,3238,0,0
"fe80::f17b:6c72:fea6:5dc5",61451,2,186,0,0,2,186,0,0
"192.168.1.62",61451,2,146,0,0,2,146,0,0
"fe80::f17b:6c72:fea6:5dc5",49902,2,186,0,0,2,186,0,0
"fe80::f17b:6c72:fea6:5dc5",60251,2,186,0,0,2,186,0,0
"192.168.1.62",49902,2,146,0,0,2,146,0,0
"192.168.1.62",60251,2,146,0,0,2,146,0,0
"fe80::f17b:6c72:fea6:5dc5",63277,2,186,0,0,2,186,0,0
"192.168.1.62",63277,2,146,0,0,2,146,0,0
"192.168.1.1",42754,1,92,0,0,1,92,0,0
"fe80::f17b:6c72:fea6:5dc5",50660,4,372,0,0,4,372,0,0
"192.168.1.62",50660,4,292,0,0,4,292,0,0
"fe80::f17b:6c72:fea6:5dc5",52206,2,186,0,0,2,186,0,0
"192.168.1.62",52206,2,146,0,0,2,146,0,0
"fe80::f17b:6c72:fea6:5dc5",58832,2,186,0,0,2,186,0,0
"192.168.1.62",58832,2,146,0,0,2,146,0,0
"fe80::f17b:6c72:fea6:5dc5",55688,2,186,0,0,2,186,0,0
"192.168.1.62",55688,2,146,0,0,2,146,0,0
"192.168.1.177",50167,2,294,0,0,1,91,1,203
"fe80::f17b:6c72:fea6:5dc5",59154,2,186,0,0,2,186,0,0
"192.168.1.62",59154,2,146,0,0,2,146,0,0
"fe80::f17b:6c72:fea6:5dc5",62448,2,186,0,0,2,186,0,0
"192.168.1.62",62448,2,146,0,0,2,146,0,0
"192.168.1.1",48164,6,2354,0,0,6,2354,0,0
"192.168.1.1",44620,2,884,0,0,2,884,0,0
"192.168.1.103",37238,1,167,0,0,1,167,0,0
"192.168.1.1",35640,6,2354,0,0,6,2354,0,0
"192.168.1.1",44564,2,884,0,0,2,884,0,0
"fe80::f17b:6c72:fea6:5dc5",63893,2,186,0,0,2,186,0,0
"192.168.1.62",63893,2,146,0,0,2,146,0,0
"fe80::f17b:6c72:fea6:5dc5",51152,2,186,0,0,2,186,0,0
"192.168.1.62",51152,2,146,0,0,2,146,0,0
"fe80::f17b:6c72:fea6:5dc5",64406,2,186,0,0,2,186,0,0
"192.168.1.62",64406,2,146,0,0,2,146,0,0
"fe80::f17b:6c72:fea6:5dc5",64332,2,186,0,0,2,186,0,0
"192.168.1.62",64332,2,146,0,0,2,146,0,0
"fe80::f17b:6c72:fea6:5dc5",60689,2,186,0,0,2,186,0,0
"192.168.1.62",60689,2,146,0,0,2,146,0,0
"fe80::f17b:6c72:fea6:5dc5",55941,2,186,0,0,2,186,0,0
"192.168.1.62",55941,2,146,0,0,2,146,0,0
"fe80::f17b:6c72:fea6:5dc5",62006,2,186,0,0,2,186,0,0
"192.168.1.62",62006,2,146,0,0,2,146,0,0
"fe80::f17b:6c72:fea6:5dc5",55685,2,186,0,0,2,186,0,0
"192.168.1.62",55685,2,146,0,0,2,146,0,0
"fe80::f17b:6c72:fea6:5dc5",52517,4,372,0,0,4,372,0,0
"192.168.1.62",52517,4,292,0,0,4,292,0,0
"192.168.1.1",51095,6,2354,0,0,6,2354,0,0
"192.168.1.1",50881,2,884,0,0,2,884,0,0
"fe80::f17b:6c72:fea6:5dc5",58179,2,186,0,0,2,186,0,0
"192.168.1.62",58179,2,146,0,0,2,146,0,0
"fe80::f17b:6c72:fea6:5dc5",57581,2,186,0,0,2,186,0,0
"192.168.1.62",57581,2,146,0,0,2,146,0,0
"fe80::f17b:6c72:fea6:5dc5",52935,2,186,0,0,2,186,0,0
"192.168.1.62",52935,2,146,0,0,2,146,0,0
"fe80::f17b:6c72:fea6:5dc5",60908,2,186,0,0,2,186,0,0
"192.168.1.62",60908,2,146,0,0,2,146,0,0
"192.168.1.1",37413,1,92,0,0,1,92,0,0
"fe80::f17b:6c72:fea6:5dc5",50991,2,186,0,0,2,186,0,0
"192.168.1.62",50991,2,146,0,0,2,146,0,0
"fe80::f17b:6c72:fea6:5dc5",62903,2,186,0,0,2,186,0,0
"fe80::f17b:6c72:fea6:5dc5",50712,2,186,0,0,2,186,0,0
"192.168.1.62",62903,2,146,0,0,2,146,0,0
"192.168.1.62",50712,2,146,0,0,2,146,0,0
"fe80::f17b:6c72:fea6:5dc5",53366,4,372,0,0,4,372,0,0
"192.168.1.62",53366,4,292,0,0,4,292,0,0
"192.168.1.1",54925,6,2354,0,0,6,2354,0,0
"fe80::f17b:6c72:fea6:5dc5",52073,2,186,0,0,2,186,0,0
"192.168.1.62",52073,2,146,0,0,2,146,0,0
"fe80::f17b:6c72:fea6:5dc5",57177,2,186,0,0,2,186,0,0
"192.168.1.62",57177,2,146,0,0,2,146,0,0
"fe80::f17b:6c72:fea6:5dc5",57775,2,186,0,0,2,186,0,0
"192.168.1.62",57775,2,146,0,0,2,146,0,0
"fe80::f17b:6c72:fea6:5dc5",56726,2,186,0,0,2,186,0,0
"192.168.1.62",56726,2,146,0,0,2,146,0,0
"fe80::f17b:6c72:fea6:5dc5",58478,2,186,0,0,2,186,0,0
"192.168.1.62",58478,2,146,0,0,2,146,0,0
"fe80::f17b:6c72:fea6:5dc5",57084,2,186,0,0,2,186,0,0
"192.168.1.62",57084,2,146,0,0,2,146,0,0
"192.168.1.177",50168,4,848,0,0,4,848,0,0
"fe80::f17b:6c72:fea6:5dc5",53820,1,93,0,0,1,93,0,0
"192.168.1.62",53820,1,73,0,0,1,73,0,0
"fe80::f17b:6c72:fea6:5dc5",62249,1,93,0,0,1,93,0,0
"192.168.1.62",62249,1,73,0,0,1,73,0,0
"fe80::f17b:6c72:fea6:5dc5",57116,2,186,0,0,2,186,0,0
"192.168.1.62",57116,2,146,0,0,2,146,0,0
"fe80::f17b:6c72:fea6:5dc5",60712,2,186,0,0,2,186,0,0
"192.168.1.62",60712,2,146,0,0,2,146,0,0
"192.168.1.1",60648,6,2354,0,0,6,2354,0,0
"fe80::f17b:6c72:fea6:5dc5",58359,2,186,0,0,2,186,0,0
"192.168.1.62",58359,2,146,0,0,2,146,0,0
"fe80::f17b:6c72:fea6:5dc5",52002,2,186,0,0,2,186,0,0
"192.168.1.62",52002,2,146,0,0,2,146,0,0
"fe80::f17b:6c72:fea6:5dc5",58978,2,186,0,0,2,186,0,0
"192.168.1.62",58978,2,146,0,0,2,146,0,0
"fe80::f17b:6c72:fea6:5dc5",60390,4,372,0,0,4,372,0,0
"192.168.1.62",60390,4,292,0,0,4,292,0,0
"fe80::f17b:6c72:fea6:5dc5",56979,2,186,0,0,2,186,0,0
"192.168.1.62",56979,2,146,0,0,2,146,0,0
"fe80::f17b:6c72:fea6:5dc5",62485,2,186,0,0,2,186,0,0
"192.168.1.62",62485,2,146,0,0,2,146,0,0
"192.168.1.1",44545,6,2354,0,0,6,2354,0,0
"192.168.1.1",36529,2,884,0,0,2,884,0,0
"fe80::f17b:6c72:fea6:5dc5",50969,2,186,0,0,2,186,0,0
"192.168.1.62",50969,2,146,0,0,2,146,0,0
"fe80::f17b:6c72:fea6:5dc5",54091,2,186,0,0,2,186,0,0
"192.168.1.62",54091,2,146,0,0,2,146,0,0
"fe80::f17b:6c72:fea6:5dc5",63259,2,186,0,0,2,186,0,0
"192.168.1.62",63259,2,146,0,0,2,146,0,0
"fe80::f17b:6c72:fea6:5dc5",53236,2,186,0,0,2,186,0,0
"192.168.1.62",53236,2,146,0,0,2,146,0,0
"fe80::f17b:6c72:fea6:5dc5",52439,2,186,0,0,2,186,0,0
"192.168.1.62",52439,2,146,0,0,2,146,0,0
"2001:14ba:a051:8c00:61b5:31a4:d1f8:cc83",50178,2,216,0,0,2,216,0,0
"fe80::f17b:6c72:fea6:5dc5",50453,2,186,0,0,2,186,0,0
"192.168.1.62",50453,2,146,0,0,2,146,0,0
"2001:14ba:a051:8c00:61b5:31a4:d1f8:cc83",64180,1,104,0,0,1,104,0,0
"192.168.1.177",64180,2,215,0,0,1,84,1,131
"2001:14ba:a051:8c00:61b5:31a4:d1f8:cc83",55733,1,111,0,0,1,111,0,0
"192.168.1.177",55733,2,198,0,0,1,91,1,107
"fe80::f17b:6c72:fea6:5dc5",64183,2,186,0,0,2,186,0,0
"192.168.1.62",64183,2,146,0,0,2,146,0,0
"fe80::f17b:6c72:fea6:5dc5",59760,2,186,0,0,2,186,0,0
"192.168.1.62",59760,2,146,0,0,2,146,0,0
"192.168.1.177",55734,4,868,0,0,4,868,0,0
"192.168.1.62",59762,4,868,0,0,4,868,0,0
"192.168.1.103",40568,1,167,0,0,1,167,0,0
"192.168.1.1",37190,6,2354,0,0,6,2354,0,0
"2001:14ba:a051:8c00:61b5:31a4:d1f8:cc83",59670,1,105,0,0,1,105,0,0
"192.168.1.177",59670,2,224,0,0,1,85,1,139
"2001:14ba:a051:8c00:61b5:31a4:d1f8:cc83",59135,1,104,0,0,1,104,0,0
"2001:14ba:a051:8c00:61b5:31a4:d1f8:cc83",57510,1,105,0,0,1,105,0,0
"192.168.1.177",57510,2,224,0,0,1,85,1,139
"192.168.1.177",59135,2,184,0,0,1,84,1,100
"2001:14ba:a051:8c00:61b5:31a4:d1f8:cc83",55256,1,104,0,0,1,104,0,0
"192.168.1.177",55256,4,368,0,0,2,176,2,192
"2001:14ba:a051:8c00:61b5:31a4:d1f8:cc83",54115,1,117,0,0,1,117,0,0
"192.168.1.177",54115,2,272,0,0,1,97,1,175
"2001:14ba:a051:8c00:61b5:31a4:d1f8:cc83",63074,1,128,0,0,1,128,0,0
"192.168.1.177",63074,2,232,0,0,1,108,1,124
"192.168.1.1",56842,2,884,0,0,2,884,0,0
"2001:14ba:a051:8c00:61b5:31a4:d1f8:cc83",54819,1,115,0,0,1,115,0,0
"192.168.1.177",54819,2,344,0,0,1,95,1,249
"2001:14ba:a051:8c00:61b5:31a4:d1f8:cc83",57050,1,137,0,0,1,137,0,0
"192.168.1.177",57050,2,250,0,0,1,117,1,133
"2001:14ba:a051:8c00:61b5:31a4:d1f8:cc83",55141,1,124,0,0,1,124,0,0
"2001:14ba:a051:8c00:61b5:31a4:d1f8:cc83",63577,1,124,0,0,1,124,0,0
"192.168.1.177",55141,2,295,0,0,1,104,1,191
"192.168.1.177",63577,2,372,0,0,1,104,1,268
"2001:14ba:a051:8c00:61b5:31a4:d1f8:cc83",56986,1,140,0,0,1,140,0,0
"2001:14ba:a051:8c00:61b5:31a4:d1f8:cc83",59376,1,94,0,0,1,94,0,0
"192.168.1.177",56986,2,256,0,0,1,120,1,136
"2001:14ba:a051:8c00:61b5:31a4:d1f8:cc83",61236,1,140,0,0,1,140,0,0
"192.168.1.177",59376,2,247,0,0,1,74,1,173
"2001:14ba:a051:8c00:61b5:31a4:d1f8:cc83",49822,1,101,0,0,1,101,0,0
"192.168.1.177",61236,2,240,0,0,1,120,1,120
"192.168.1.177",49822,2,194,0,0,1,81,1,113
"192.168.1.1",32784,6,2354,0,0,6,2354,0,0
"192.168.1.1",39705,2,884,0,0,2,884,0,0
"192.168.1.1",55538,1,92,0,0,1,92,0,0
"fe80::f17b:6c72:fea6:5dc5",58143,2,186,0,0,2,186,0,0
"192.168.1.62",58143,2,146,0,0,2,146,0,0
"2001:14ba:a051:8c00:61b5:31a4:d1f8:cc83",63624,1,107,0,0,1,107,0,0
"192.168.1.177",63624,2,190,0,0,1,87,1,103
"fe80::f17b:6c72:fea6:5dc5",58361,2,186,0,0,2,186,0,0
"192.168.1.62",58361,2,146,0,0,2,146,0,0
"fe80::f17b:6c72:fea6:5dc5",64552,2,186,0,0,2,186,0,0
"192.168.1.62",64552,2,146,0,0,2,146,0,0
"2001:14ba:a051:8c00:61b5:31a4:d1f8:cc83",54140,1,100,0,0,1,100,0,0
"192.168.1.177",54140,2,176,0,0,1,80,1,96
"fe80::f17b:6c72:fea6:5dc5",57829,2,186,0,0,2,186,0,0
"192.168.1.62",57829,2,146,0,0,2,146,0,0
"fe80::f17b:6c72:fea6:5dc5",64370,2,186,0,0,2,186,0,0
"192.168.1.62",64370,2,146,0,0,2,146,0,0
"192.168.1.1",36055,6,2354,0,0,6,2354,0,0
"192.168.1.1",37244,2,884,0,0,2,884,0,0
"fe80::f17b:6c72:fea6:5dc5",61954,2,186,0,0,2,186,0,0
"192.168.1.62",61954,2,146,0,0,2,146,0,0
"192.168.1.1",54272,1,353,0,0,1,353,0,0
"192.168.1.1",39497,1,425,0,0,1,425,0,0
"192.168.1.1",53927,7,2716,0,0,7,2716,0,0
"192.168.1.1",47053,1,417,0,0,1,417,0,0
"192.168.1.1",42904,1,349,0,0,1,349,0,0
"192.168.1.1",38816,1,310,0,0,1,310,0,0
"192.168.1.1",41737,1,433,0,0,1,433,0,0
"192.168.1.1",58514,1,369,0,0,1,369,0,0
"192.168.1.1",49526,1,310,0,0,1,310,0,0
"192.168.1.1",38370,1,427,0,0,1,427,0,0
"192.168.1.1",39012,1,415,0,0,1,415,0,0
"192.168.1.1",43195,1,353,0,0,1,353,0,0
"192.168.1.1",36548,1,425,0,0,1,425,0,0
"192.168.1.1",49342,1,362,0,0,1,362,0,0
"192.168.1.1",52695,1,417,0,0,1,417,0,0
"192.168.1.1",59917,1,349,0,0,1,349,0,0
"192.168.1.1",51564,1,310,0,0,1,310,0,0
"192.168.1.1",35562,1,433,0,0,1,433,0,0
"192.168.1.1",52942,1,369,0,0,1,369,0,0
"192.168.1.1",33373,1,310,0,0,1,310,0,0
"192.168.1.1",60111,1,427,0,0,1,427,0,0
"192.168.1.1",51333,1,415,0,0,1,415,0,0
"192.168.1.1",38471,1,353,0,0,1,353,0,0
"192.168.1.1",55749,1,425,0,0,1,425,0,0
"192.168.1.1",46275,1,362,0,0,1,362,0,0
"192.168.1.1",53159,1,417,0,0,1,417,0,0
"192.168.1.1",33078,1,349,0,0,1,349,0,0
"2001:14ba:a051:8c00:61b5:31a4:d1f8:cc83",65220,1,110,0,0,1,110,0,0
"192.168.1.1",44486,1,310,0,0,1,310,0,0
"192.168.1.177",65220,2,312,0,0,1,90,1,222
"2001:14ba:a051:8c00:61b5:31a4:d1f8:cc83",55827,1,123,0,0,1,123,0,0
"192.168.1.1",53999,1,433,0,0,1,433,0,0
"192.168.1.177",55827,2,222,0,0,1,103,1,119
"192.168.1.1",40451,1,369,0,0,1,369,0,0
"192.168.1.1",37605,1,310,0,0,1,310,0,0
"192.168.1.1",57276,1,427,0,0,1,427,0,0
"192.168.1.1",45089,1,415,0,0,1,415,0,0
"fe80::f17b:6c72:fea6:5dc5",57262,2,186,0,0,2,186,0,0
"192.168.1.62",57262,2,146,0,0,2,146,0,0
"fe80::f17b:6c72:fea6:5dc5",53864,2,186,0,0,2,186,0,0
"192.168.1.62",53864,2,146,0,0,2,146,0,0
"192.168.1.1",57173,6,2354,0,0,6,2354,0,0
"fe80::f17b:6c72:fea6:5dc5",62829,2,186,0,0,2,186,0,0
"192.168.1.62",62829,2,146,0,0,2,146,0,0
"fe80::f17b:6c72:fea6:5dc5",58018,2,186,0,0,2,186,0,0
"192.168.1.62",58018,2,146,0,0,2,146,0,0
"2001:14ba:a051:8c00:61b5:31a4:d1f8:cc83",65045,1,114,0,0,1,114,0,0
"192.168.1.177",65045,2,252,0,0,1,94,1,158
"fe80::f17b:6c72:fea6:5dc5",54672,2,186,0,0,2,186,0,0
"192.168.1.62",54672,2,146,0,0,2,146,0,0
"fe80::f17b:6c72:fea6:5dc5",59146,2,186,0,0,2,186,0,0
"192.168.1.62",59146,2,146,0,0,2,146,0,0
"192.168.1.253",49390,4,868,0,0,4,868,0,0
"192.168.1.1",58077,6,2354,0,0,6,2354,0,0
"192.168.1.1",33733,2,884,0,0,2,884,0,0
"2001:14ba:a051:8c00:61b5:31a4:d1f8:cc83",49471,1,96,0,0,1,96,0,0
"192.168.1.177",49471,2,168,0,0,1,76,1,92
"2001:14ba:a051:8c00:61b5:31a4:d1f8:cc83",52598,1,103,0,0,1,103,0,0
"2001:14ba:a051:8c00:61b5:31a4:d1f8:cc83",63744,1,103,0,0,1,103,0,0
"192.168.1.177",52598,4,378,0,0,2,165,2,213
"192.168.1.177",63744,2,194,0,0,1,83,1,111
"2001:14ba:a051:8c00:61b5:31a4:d1f8:cc83",61847,1,103,0,0,1,103,0,0
"192.168.1.177",61847,2,182,0,0,1,83,1,99
"2001:14ba:a051:8c00:61b5:31a4:d1f8:cc83",49187,1,103,0,0,1,103,0,0
"192.168.1.177",49187,2,194,0,0,1,83,1,111
"2001:14ba:a051:8c00:61b5:31a4:d1f8:cc83",52426,1,103,0,0,1,103,0,0
"192.168.1.177",52426,2,222,0,0,1,83,1,139
"2001:14ba:a051:8c00:61b5:31a4:d1f8:cc83",52750,1,103,0,0,1,103,0,0
"192.168.1.177",52750,2,182,0,0,1,83,1,99
"2001:14ba:a051:8c00:61b5:31a4:d1f8:cc83",50803,1,103,0,0,1,103,0,0
"192.168.1.177",50803,2,222,0,0,1,83,1,139
"fe80::f17b:6c72:fea6:5dc5",50584,2,186,0,0,2,186,0,0
"192.168.1.62",50584,2,146,0,0,2,146,0,0
"fe80::f17b:6c72:fea6:5dc5",63085,2,186,0,0,2,186,0,0
"192.168.1.62",63085,2,146,0,0,2,146,0,0
"fe80::f17b:6c72:fea6:5dc5",63467,2,186,0,0,2,186,0,0
"192.168.1.62",63467,2,146,0,0,2,146,0,0
"192.168.1.1",49180,6,2354,0,0,6,2354,0,0
"192.168.1.1",34653,2,884,0,0,2,884,0,0
"fe80::f17b:6c72:fea6:5dc5",57696,2,186,0,0,2,186,0,0
"192.168.1.62",57696,2,146,0,0,2,146,0,0
"fe80::f17b:6c72:fea6:5dc5",61343,2,186,0,0,2,186,0,0
"192.168.1.62",61343,2,146,0,0,2,146,0,0
"fe80::f17b:6c72:fea6:5dc5",50401,2,186,0,0,2,186,0,0
"192.168.1.62",50401,2,146,0,0,2,146,0,0
"fe80::f17b:6c72:fea6:5dc5",58694,2,186,0,0,2,186,0,0
"192.168.1.62",58694,2,146,0,0,2,146,0,0
"fe80::f17b:6c72:fea6:5dc5",59570,2,186,0,0,2,186,0,0
"fe80::f17b:6c72:fea6:5dc5",63457,2,186,0,0,2,186,0,0
"192.168.1.62",59570,2,146,0,0,2,146,0,0
"192.168.1.62",63457,2,146,0,0,2,146,0,0
"fe80::f17b:6c72:fea6:5dc5",64153,2,186,0,0,2,186,0,0
"192.168.1.62",64153,2,146,0,0,2,146,0,0
"192.168.1.1",42180,1,92,0,0,1,92,0,0
"2001:14ba:a051:8c00:61b5:31a4:d1f8:cc83",53693,1,103,0,0,1,103,0,0
"2001:14ba:a051:8c00:61b5:31a4:d1f8:cc83",49226,1,103,0,0,1,103,0,0
"192.168.1.177",53693,2,182,0,0,1,83,1,99
"192.168.1.177",49226,2,222,0,0,1,83,1,139
"2001:14ba:a051:8c00:61b5:31a4:d1f8:cc83",55170,1,103,0,0,1,103,0,0
"192.168.1.177",55170,2,222,0,0,1,83,1,139
"fe80::f17b:6c72:fea6:5dc5",57819,2,186,0,0,2,186,0,0
"192.168.1.62",57819,2,146,0,0,2,146,0,0
"fe80::f17b:6c72:fea6:5dc5",61874,2,186,0,0,2,186,0,0
"192.168.1.62",61874,2,146,0,0,2,146,0,0
"fe80::f17b:6c72:fea6:5dc5",63397,2,186,0,0,2,186,0,0
"192.168.1.62",63397,2,146,0,0,2,146,0,0
"192.168.1.1",36345,6,2354,0,0,6,2354,0,0
"fe80::f17b:6c72:fea6:5dc5",55499,2,186,0,0,2,186,0,0
"192.168.1.62",55499,2,146,0,0,2,146,0,0
"fe80::f17b:6c72:fea6:5dc5",61120,2,186,0,0,2,186,0,0
"192.168.1.62",61120,2,146,0,0,2,146,0,0
"fe80::f17b:6c72:fea6:5dc5",58115,2,186,0,0,2,186,0,0
"192.168.1.62",58115,2,146,0,0,2,146,0,0
"fe80::f17b:6c72:fea6:5dc5",52486,2,186,0,0,2,186,0,0
"192.168.1.62",52486,2,146,0,0,2,146,0,0
"192.168.1.1",56201,2,884,0,0,2,884,0,0
"fe80::f17b:6c72:fea6:5dc5",59755,2,186,0,0,2,186,0,0
"192.168.1.62",59755,2,146,0,0,2,146,0,0
"fe80::f17b:6c72:fea6:5dc5",57887,2,186,0,0,2,186,0,0
"192.168.1.62",57887,2,146,0,0,2,146,0,0
"fe80::f17b:6c72:fea6:5dc5",58995,2,186,0,0,2,186,0,0
"192.168.1.62",58995,2,146,0,0,2,146,0,0
"fe80::f17b:6c72:fea6:5dc5",49321,2,186,0,0,2,186,0,0
"192.168.1.62",49321,2,146,0,0,2,146,0,0
"192.168.1.1",38568,6,2354,0,0,6,2354,0,0
"192.168.1.1",45391,2,884,0,0,2,884,0,0
"fe80::f17b:6c72:fea6:5dc5",56244,2,186,0,0,2,186,0,0
"192.168.1.62",56244,2,146,0,0,2,146,0,0
"fe80::f17b:6c72:fea6:5dc5",60895,2,186,0,0,2,186,0,0
"192.168.1.62",60895,2,146,0,0,2,146,0,0
"fe80::f17b:6c72:fea6:5dc5",63356,2,186,0,0,2,186,0,0
"192.168.1.62",63356,2,146,0,0,2,146,0,0
"fe80::f17b:6c72:fea6:5dc5",62442,2,186,0,0,2,186,0,0
"192.168.1.62",62442,2,146,0,0,2,146,0,0
"2001:14ba:a051:8c00:61b5:31a4:d1f8:cc83",49891,1,91,0,0,1,91,0,0
"fe80::f17b:6c72:fea6:5dc5",54048,2,186,0,0,2,186,0,0
"192.168.1.62",54048,2,146,0,0,2,146,0,0
"fe80::f17b:6c72:fea6:5dc5",51333,2,186,0,0,2,186,0,0
"192.168.1.62",51333,2,146,0,0,2,146,0,0
"192.168.1.177",49891,2,158,0,0,1,71,1,87
"fe80::f17b:6c72:fea6:5dc5",54619,4,372,0,0,4,372,0,0
"192.168.1.62",54619,3,219,0,0,3,219,0,0
"fe80::f17b:6c72:fea6:5dc5",57612,2,186,0,0,2,186,0,0
"192.168.1.62",57612,2,146,0,0,2,146,0,0
"fe80::f17b:6c72:fea6:5dc5",60299,2,186,0,0,2,186,0,0
"192.168.1.62",60299,2,146,0,0,2,146,0,0
"fe80::f17b:6c72:fea6:5dc5",61809,2,186,0,0,2,186,0,0
"192.168.1.62",61809,2,146,0,0,2,146,0,0
"fe80::f17b:6c72:fea6:5dc5",52454,2,186,0,0,2,186,0,0
"192.168.1.62",52454,2,146,0,0,2,146,0,0
"fe80::f17b:6c72:fea6:5dc5",51000,2,186,0,0,2,186,0,0
"192.168.1.62",51000,2,146,0,0,2,146,0,0
"192.168.1.1",47138,6,2354,0,0,6,2354,0,0
"fe80::f17b:6c72:fea6:5dc5",64873,2,186,0,0,2,186,0,0
"192.168.1.62",64873,2,146,0,0,2,146,0,0
"fe80::f17b:6c72:fea6:5dc5",57301,2,186,0,0,2,186,0,0
"192.168.1.62",57301,2,146,0,0,2,146,0,0
"fe80::f17b:6c72:fea6:5dc5",60655,2,186,0,0,2,186,0,0
"192.168.1.62",60655,2,146,0,0,2,146,0,0
"fe80::f17b:6c72:fea6:5dc5",55446,2,186,0,0,2,186,0,0
"192.168.1.62",55446,2,146,0,0,2,146,0,0
"fe80::f17b:6c72:fea6:5dc5",51645,2,186,0,0,2,186,0,0
"192.168.1.62",51645,2,146,0,0,2,146,0,0
"fe80::f17b:6c72:fea6:5dc5",63941,2,186,0,0,2,186,0,0
"192.168.1.62",63941,2,146,0,0,2,146,0,0
"fe80::f17b:6c72:fea6:5dc5",55900,2,186,0,0,2,186,0,0
"192.168.1.62",55900,2,146,0,0,2,146,0,0
"fe80::f17b:6c72:fea6:5dc5",62050,2,186,0,0,2,186,0,0
"192.168.1.62",62050,2,146,0,0,2,146,0,0
"fe80::f17b:6c72:fea6:5dc5",53833,2,186,0,0,2,186,0,0
"192.168.1.62",53833,2,146,0,0,2,146,0,0
"fe80::f17b:6c72:fea6:5dc5",60968,2,186,0,0,2,186,0,0
"192.168.1.62",60968,2,146,0,0,2,146,0,0
"fe80::f17b:6c72:fea6:5dc5",53539,2,186,0,0,2,186,0,0
"192.168.1.62",53539,2,146,0,0,2,146,0,0
"192.168.1.1",44013,12,4708,0,0,12,4708,0,0
"192.168.1.1",47214,2,884,0,0,2,884,0,0
"192.168.1.177",49892,4,848,0,0,4,848,0,0
"192.168.1.1",44171,1,92,0,0,1,92,0,0
"2001:14ba:a051:8c00:61b5:31a4:d1f8:cc83",60033,1,94,0,0,1,94,0,0
"192.168.1.177",60033,6,1080,0,0,5,942,1,138
"192.168.1.1",55670,6,2354,0,0,6,2354,0,0
"192.168.1.1",48049,2,884,0,0,2,884,0,0
"fe80::f17b:6c72:fea6:5dc5",64080,4,372,0,0,4,372,0,0
"192.168.1.62",64080,4,292,0,0,4,292,0,0
"fe80::f17b:6c72:fea6:5dc5",56988,2,186,0,0,2,186,0,0
"192.168.1.62",56988,2,146,0,0,2,146,0,0
"fe80::f17b:6c72:fea6:5dc5",53407,2,186,0,0,2,186,0,0
"192.168.1.62",53407,2,146,0,0,2,146,0,0
"fe80::f17b:6c72:fea6:5dc5",52170,2,186,0,0,2,186,0,0
"192.168.1.62",52170,2,146,0,0,2,146,0,0
"fe80::f17b:6c72:fea6:5dc5",54698,2,186,0,0,2,186,0,0
"192.168.1.62",54698,2,146,0,0,2,146,0,0
"192.168.1.1",41661,6,2354,0,0,6,2354,0,0
"192.168.1.1",45079,2,884,0,0,2,884,0,0
"fe80::f17b:6c72:fea6:5dc5",55877,2,186,0,0,2,186,0,0
"192.168.1.62",55877,2,146,0,0,2,146,0,0
"fe80::f17b:6c72:fea6:5dc5",60487,2,186,0,0,2,186,0,0
"fe80::f17b:6c72:fea6:5dc5",63742,2,186,0,0,2,186,0,0
"192.168.1.62",60487,2,146,0,0,2,146,0,0
"192.168.1.62",63742,2,146,0,0,2,146,0,0
"fe80::f17b:6c72:fea6:5dc5",60189,2,186,0,0,2,186,0,0
"192.168.1.62",60189,2,146,0,0,2,146,0,0
"fe80::f17b:6c72:fea6:5dc5",62866,2,186,0,0,2,186,0,0
"192.168.1.62",62866,2,146,0,0,2,146,0,0
"fe80::f17b:6c72:fea6:5dc5",52500,2,186,0,0,2,186,0,0
"192.168.1.62",52500,2,146,0,0,2,146,0,0
"fe80::f17b:6c72:fea6:5dc5",49748,2,186,0,0,2,186,0,0
"192.168.1.62",49748,2,146,0,0,2,146,0,0
"fe80::f17b:6c72:fea6:5dc5",52682,2,186,0,0,2,186,0,0
"192.168.1.62",52682,2,146,0,0,2,146,0,0
"fe80::f17b:6c72:fea6:5dc5",54095,4,372,0,0,4,372,0,0
"192.168.1.62",54095,4,292,0,0,4,292,0,0
"fe80::f17b:6c72:fea6:5dc5",63093,2,186,0,0,2,186,0,0
"192.168.1.62",63093,2,146,0,0,2,146,0,0
"fe80::f17b:6c72:fea6:5dc5",60671,2,186,0,0,2,186,0,0
"192.168.1.62",60671,2,146,0,0,2,146,0,0
"fe80::f17b:6c72:fea6:5dc5",63643,2,186,0,0,2,186,0,0
"192.168.1.62",63643,2,146,0,0,2,146,0,0
"fe80::f17b:6c72:fea6:5dc5",61519,2,186,0,0,2,186,0,0
"192.168.1.62",61519,2,146,0,0,2,146,0,0
"fe80::f17b:6c72:fea6:5dc5",51235,2,186,0,0,2,186,0,0
"192.168.1.62",51235,2,146,0,0,2,146,0,0
"192.168.1.177",58141,4,868,0,0,4,868,0,0
"192.168.1.62",51237,4,868,0,0,4,868,0,0
"192.168.1.1",44993,6,2354,0,0,6,2354,0,0
"192.168.1.1",45266,2,884,0,0,2,884,0,0
"fe80::f17b:6c72:fea6:5dc5",60506,2,186,0,0,2,186,0,0
"192.168.1.62",60506,2,146,0,0,2,146,0,0
"192.168.1.1",43112,6,2354,0,0,6,2354,0,0
"fe80::f17b:6c72:fea6:5dc5",61461,2,186,0,0,2,186,0,0
"192.168.1.62",61461,2,146,0,0,2,146,0,0
"fe80::f17b:6c72:fea6:5dc5",59769,4,372,0,0,4,372,0,0
"192.168.1.62",59769,4,292,0,0,4,292,0,0
"192.168.1.1",60052,2,884,0,0,2,884,0,0
"fe80::f17b:6c72:fea6:5dc5",64911,2,186,0,0,2,186,0,0
"192.168.1.62",64911,2,146,0,0,2,146,0,0
"fe80::f17b:6c72:fea6:5dc5",64092,2,186,0,0,2,186,0,0
"192.168.1.62",64092,2,146,0,0,2,146,0,0
"2001:14ba:a051:8c00:61b5:31a4:d1f8:cc83",64104,1,107,0,0,1,107,0,0
"192.168.1.177",64104,2,235,0,0,1,87,1,148
"2001:14ba:a051:8c00:61b5:31a4:d1f8:cc83",52739,2,210,0,0,2,210,0,0
"fe80::f17b:6c72:fea6:5dc5",49804,2,186,0,0,2,186,0,0
"192.168.1.62",49804,2,146,0,0,2,146,0,0
"fe80::f17b:6c72:fea6:5dc5",58409,2,186,0,0,2,186,0,0
"192.168.1.62",58409,2,146,0,0,2,146,0,0
"fe80::f17b:6c72:fea6:5dc5",60350,2,186,0,0,2,186,0,0
"192.168.1.62",60350,2,146,0,0,2,146,0,0
"2001:14ba:a051:8c00:61b5:31a4:d1f8:cc83",51109,1,108,0,0,1,108,0,0
"192.168.1.177",51109,2,243,0,0,1,88,1,155
"192.168.1.103",41871,1,167,0,0,1,167,0,0
"fe80::f17b:6c72:fea6:5dc5",53635,4,372,0,0,4,372,0,0
"192.168.1.62",53635,4,292,0,0,4,292,0,0
"fe80::f17b:6c72:fea6:5dc5",52267,2,186,0,0,2,186,0,0
"192.168.1.62",52267,2,146,0,0,2,146,0,0
"192.168.1.1",37262,6,2354,0,0,6,2354,0,0
"192.168.1.1",44395,2,884,0,0,2,884,0,0
"2001:14ba:a051:8c00:61b5:31a4:d1f8:cc83",63607,1,100,0,0,1,100,0,0
"192.168.1.177",63607,2,207,0,0,1,80,1,127
"2001:14ba:a051:8c00:61b5:31a4:d1f8:cc83",51511,1,108,0,0,1,108,0,0
"fe80::f17b:6c72:fea6:5dc5",59402,2,186,0,0,2,186,0,0
"192.168.1.62",59402,2,146,0,0,2,146,0,0
"fe80::f17b:6c72:fea6:5dc5",49380,2,186,0,0,2,186,0,0
"192.168.1.62",49380,2,146,0,0,2,146,0,0
"fe80::f17b:6c72:fea6:5dc5",52717,2,186,0,0,2,186,0,0
"192.168.1.62",52717,2,146,0,0,2,146,0,0
"fe80::f17b:6c72:fea6:5dc5",62666,2,186,0,0,2,186,0,0
"192.168.1.62",62666,2,146,0,0,2,146,0,0
"192.168.1.177",51511,2,176,0,0,1,88,1,88
"2001:14ba:a051:8c00:61b5:31a4:d1f8:cc83",57208,1,108,0,0,1,108,0,0
"192.168.1.177",57208,2,192,0,0,1,88,1,104
"2001:14ba:a051:8c00:61b5:31a4:d1f8:cc83",57895,1,108,0,0,1,108,0,0
"192.168.1.177",57895,2,204,0,0,1,88,1,116
"fe80::f17b:6c72:fea6:5dc5",61160,2,186,0,0,2,186,0,0
"192.168.1.62",61160,2,146,0,0,2,146,0,0
"fe80::f17b:6c72:fea6:5dc5",50786,2,186,0,0,2,186,0,0
"192.168.1.62",50786,2,146,0,0,2,146,0,0
"192.168.1.1",51546,6,2354,0,0,6,2354,0,0
"192.168.1.1",47910,2,884,0,0,2,884,0,0
"fe80::f17b:6c72:fea6:5dc5",64599,6,558,0,0,6,558,0,0
"192.168.1.62",64599,6,438,0,0,6,438,0,0
"2001:14ba:a051:8c00:61b5:31a4:d1f8:cc83",54593,1,105,0,0,1,105,0,0
"2001:14ba:a051:8c00:61b5:31a4:d1f8:cc83",57834,1,110,0,0,1,110,0,0
"2001:14ba:a051:8c00:61b5:31a4:d1f8:cc83",51747,1,110,0,0,1,110,0,0
"192.168.1.177",54593,2,186,0,0,1,85,1,101
"192.168.1.177",51747,2,208,0,0,1,90,1,118
"192.168.1.177",57834,2,196,0,0,1,90,1,106
"2001:14ba:a051:8c00:61b5:31a4:d1f8:cc83",55266,1,110,0,0,1,110,0,0
"192.168.1.177",55266,2,196,0,0,1,90,1,106
"2001:14ba:a051:8c00:61b5:31a4:d1f8:cc83",54159,1,110,0,0,1,110,0,0
"192.168.1.177",54159,2,208,0,0,1,90,1,118
"2001:14ba:a051:8c00:61b5:31a4:d1f8:cc83",49639,1,94,0,0,1,94,0,0
"192.168.1.177",49639,2,247,0,0,1,74,1,173
"2001:14ba:a051:8c00:61b5:31a4:d1f8:cc83",64006,1,101,0,0,1,101,0,0
"192.168.1.177",64006,2,194,0,0,1,81,1,113
"2001:14ba:a051:8c00:61b5:31a4:d1f8:cc83",58995,2,178,0,0,2,178,0,0
"2001:14ba:a051:8c00:61b5:31a4:d1f8:cc83",57702,2,178,0,0,2,178,0,0
"192.168.1.177",57702,2,138,0,0,1,69,1,69
"192.168.1.177",58995,2,154,0,0,1,69,1,85
"2001:14ba:a051:8c00:61b5:31a4:d1f8:cc83",64540,2,178,0,0,2,178,0,0
"192.168.1.177",64540,2,138,0,0,1,69,1,69
"192.168.1.253",49395,4,868,0,0,4,868,0,0
"192.168.1.1",53847,6,2354,0,0,6,2354,0,0
"192.168.1.1",59859,2,884,0,0,2,884,0,0
"fe80::f17b:6c72:fea6:5dc5",62445,2,186,0,0,2,186,0,0
"192.168.1.62",62445,2,146,0,0,2,146,0,0
"fe80::f17b:6c72:fea6:5dc5",63831,2,186,0,0,2,186,0,0
"192.168.1.62",63831,2,146,0,0,2,146,0,0
"fe80::f17b:6c72:fea6:5dc5",64350,2,186,0,0,2,186,0,0
"192.168.1.62",64350,2,146,0,0,2,146,0,0
"fe80::f17b:6c72:fea6:5dc5",63848,2,186,0,0,2,186,0,0
"192.168.1.62",63848,2,146,0,0,2,146,0,0
"fe80::f17b:6c72:fea6:5dc5",65248,2,186,0,0,2,186,0,0
"fe80::f17b:6c72:fea6:5dc5",63326,2,186,0,0,2,186,0,0
"192.168.1.62",63326,2,146,0,0,2,146,0,0
"192.168.1.62",65248,2,146,0,0,2,146,0,0
"fe80::f17b:6c72:fea6:5dc5",50671,2,186,0,0,2,186,0,0
"192.168.1.62",50671,2,146,0,0,2,146,0,0
"192.168.1.1",41316,6,2354,0,0,6,2354,0,0
"192.168.1.1",39291,2,884,0,0,2,884,0,0
"fe80::f17b:6c72:fea6:5dc5",65348,2,186,0,0,2,186,0,0
"192.168.1.62",65348,2,146,0,0,2,146,0,0
"fe80::f17b:6c72:fea6:5dc5",52811,2,186,0,0,2,186,0,0
"fe80::f17b:6c72:fea6:5dc5",55575,2,186,0,0,2,186,0,0
"192.168.1.62",55575,2,146,0,0,2,146,0,0
"192.168.1.62",52811,2,146,0,0,2,146,0,0
"fe80::f17b:6c72:fea6:5dc5",64916,2,186,0,0,2,186,0,0
"192.168.1.62",64916,2,146,0,0,2,146,0,0
"fe80::f17b:6c72:fea6:5dc5",56190,1,93,0,0,1,93,0,0
"192.168.1.62",56190,2,146,0,0,2,146,0,0
"fe80::f17b:6c72:fea6:5dc5",49377,1,93,0,0,1,93,0,0
"192.168.1.62",49377,2,146,0,0,2,146,0,0
"fe80::f17b:6c72:fea6:5dc5",58057,1,93,0,0,1,93,0,0
"192.168.1.62",58057,1,73,0,0,1,73,0,0
"fe80::f17b:6c72:fea6:5dc5",55895,2,186,0,0,2,186,0,0
"192.168.1.62",55895,2,146,0,0,2,146,0,0
"fe80::f17b:6c72:fea6:5dc5",54966,2,186,0,0,2,186,0,0
"192.168.1.62",54966,2,146,0,0,2,146,0,0
"fe80::f17b:6c72:fea6:5dc5",53186,2,186,0,0,2,186,0,0
"192.168.1.62",53186,2,146,0,0,2,146,0,0
"fe80::f17b:6c72:fea6:5dc5",52563,2,186,0,0,2,186,0,0
"192.168.1.62",52563,2,146,0,0,2,146,0,0
"fe80::f17b:6c72:fea6:5dc5",64284,2,186,0,0,2,186,0,0
"192.168.1.62",64284,2,146,0,0,2,146,0,0
"192.168.1.1",52936,6,2354,0,0,6,2354,0,0
"fe80::f17b:6c72:fea6:5dc5",51026,2,186,0,0,2,186,0,0
"192.168.1.62",51026,2,146,0,0,2,146,0,0
"fe80::f17b:6c72:fea6:5dc5",58734,2,186,0,0,2,186,0,0
"192.168.1.62",58734,2,146,0,0,2,146,0,0
"192.168.1.1",41680,2,884,0,0,2,884,0,0
"192.168.1.62",55400,2,146,0,0,2,146,0,0
"fe80::f17b:6c72:fea6:5dc5",55400,1,93,0,0,1,93,0,0
"fe80::f17b:6c72:fea6:5dc5",52981,1,93,0,0,1,93,0,0
"192.168.1.62",52981,1,73,0,0,1,73,0,0
"fe80::f17b:6c72:fea6:5dc5",53610,2,186,0,0,2,186,0,0
"192.168.1.62",53610,2,146,0,0,2,146,0,0
"192.168.1.1",40231,6,2354,0,0,6,2354,0,0
"192.168.1.1",54931,2,884,0,0,2,884,0,0
"fe80::f17b:6c72:fea6:5dc5",58661,2,186,0,0,2,186,0,0
"192.168.1.62",58661,2,146,0,0,2,146,0,0
"fe80::f17b:6c72:fea6:5dc5",65437,2,186,0,0,2,186,0,0
"192.168.1.62",65437,2,146,0,0,2,146,0,0
"192.168.1.1",41630,1,92,0,0,1,92,0,0
"fe80::f17b:6c72:fea6:5dc5",51283,2,186,0,0,2,186,0,0
"192.168.1.62",51283,2,146,0,0,2,146,0,0
"fe80::f17b:6c72:fea6:5dc5",62349,2,186,0,0,2,186,0,0
"192.168.1.62",62349,2,146,0,0,2,146,0,0
"fe80::f17b:6c72:fea6:5dc5",56503,4,372,0,0,4,372,0,0
"192.168.1.62",56503,4,292,0,0,4,292,0,0
"fe80::f17b:6c72:fea6:5dc5",49167,2,186,0,0,2,186,0,0
"192.168.1.62",49167,2,146,0,0,2,146,0,0
"fe80::f17b:6c72:fea6:5dc5",63201,2,186,0,0,2,186,0,0
"192.168.1.62",63201,2,146,0,0,2,146,0,0
"fe80::f17b:6c72:fea6:5dc5",62037,2,186,0,0,2,186,0,0
"fe80::f17b:6c72:fea6:5dc5",52967,2,186,0,0,2,186,0,0
"192.168.1.62",52967,2,146,0,0,2,146,0,0
"192.168.1.62",62037,2,146,0,0,2,146,0,0
"192.168.1.1",42347,6,2354,0,0,6,2354,0,0
"2001:14ba:a051:8c00:61b5:31a4:d1f8:cc83",62047,2,178,0,0,2,178,0,0
"2001:14ba:a051:8c00:61b5:31a4:d1f8:cc83",56615,2,178,0,0,2,178,0,0
"fe80::f17b:6c72:fea6:5dc5",52259,2,186,0,0,2,186,0,0
"192.168.1.62",52259,2,146,0,0,2,146,0,0
"fe80::f17b:6c72:fea6:5dc5",56059,2,186,0,0,2,186,0,0
"192.168.1.62",56059,2,146,0,0,2,146,0,0
"fe80::f17b:6c72:fea6:5dc5",54590,2,186,0,0,2,186,0,0
"192.168.1.62",54590,2,146,0,0,2,146,0,0
"192.168.1.1",40514,2,884,0,0,2,884,0,0
"fe80::f17b:6c72:fea6:5dc5",51293,2,186,0,0,2,186,0,0
"192.168.1.62",51293,2,146,0,0,2,146,0,0
"192.168.1.177",62047,2,154,0,0,1,69,1,85
"192.168.1.177",56615,2,138,0,0,1,69,1,69
"192.168.1.1",50873,6,2354,0,0,6,2354,0,0
"fe80::f17b:6c72:fea6:5dc5",53239,2,186,0,0,2,186,0,0
"192.168.1.62",53239,2,146,0,0,2,146,0,0
"fe80::f17b:6c72:fea6:5dc5",55706,2,186,0,0,2,186,0,0
"192.168.1.62",55706,2,146,0,0,2,146,0,0
"192.168.1.1",40031,2,884,0,0,2,884,0,0
"192.168.1.177",56616,4,848,0,0,4,848,0,0
"192.168.1.1",58214,2,884,0,0,2,884,0,0
"fe80::f17b:6c72:fea6:5dc5",65355,2,186,0,0,2,186,0,0
"192.168.1.62",65355,2,146,0,0,2,146,0,0
"192.168.1.1",53703,6,2354,0,0,6,2354,0,0
"192.168.1.1",59889,2,884,0,0,2,884,0,0
"fe80::f17b:6c72:fea6:5dc5",54002,2,186,0,0,2,186,0,0
"fe80::f17b:6c72:fea6:5dc5",56509,2,186,0,0,2,186,0,0
"192.168.1.62",56509,2,146,0,0,2,146,0,0
"192.168.1.62",54002,2,146,0,0,2,146,0,0
"fe80::f17b:6c72:fea6:5dc5",52116,2,186,0,0,2,186,0,0
"192.168.1.62",52116,2,146,0,0,2,146,0,0
"fe80::f17b:6c72:fea6:5dc5",53814,2,186,0,0,2,186,0,0
"192.168.1.62",53814,2,146,0,0,2,146,0,0
"fe80::f17b:6c72:fea6:5dc5",64576,1,93,0,0,1,93,0,0
"fe80::f17b:6c72:fea6:5dc5",57547,1,93,0,0,1,93,0,0
"192.168.1.62",64576,2,146,0,0,2,146,0,0
"192.168.1.62",57547,2,146,0,0,2,146,0,0
"fe80::f17b:6c72:fea6:5dc5",63667,1,93,0,0,1,93,0,0
"192.168.1.62",63667,2,146,0,0,2,146,0,0
"192.168.1.1",37459,1,92,0,0,1,92,0,0
"fe80::f17b:6c72:fea6:5dc5",63373,2,186,0,0,2,186,0,0
"192.168.1.62",63373,2,146,0,0,2,146,0,0
"fe80::f17b:6c72:fea6:5dc5",54954,2,186,0,0,2,186,0,0
"192.168.1.62",54954,2,146,0,0,2,146,0,0
"fe80::f17b:6c72:fea6:5dc5",59574,2,186,0,0,2,186,0,0
"192.168.1.62",59574,2,146,0,0,2,146,0,0
"fe80::f17b:6c72:fea6:5dc5",57251,2,186,0,0,2,186,0,0
"192.168.1.62",57251,2,146,0,0,2,146,0,0
"fe80::f17b:6c72:fea6:5dc5",56247,2,186,0,0,2,186,0,0
"192.168.1.62",56247,2,146,0,0,2,146,0,0
"fe80::f17b:6c72:fea6:5dc5",64015,2,186,0,0,2,186,0,0
"192.168.1.62",64015,2,146,0,0,2,146,0,0
"fe80::f17b:6c72:fea6:5dc5",54303,2,186,0,0,2,186,0,0
"192.168.1.62",54303,2,146,0,0,2,146,0,0
"192.168.1.177",50840,4,868,0,0,4,868,0,0
"192.168.1.62",54305,4,868,0,0,4,868,0,0
"fe80::f17b:6c72:fea6:5dc5",55599,2,186,0,0,2,186,0,0
"192.168.1.62",55599,2,146,0,0,2,146,0,0
"fe80::f17b:6c72:fea6:5dc5",61951,2,186,0,0,2,186,0,0
"192.168.1.62",61951,2,146,0,0,2,146,0,0
"fe80::f17b:6c72:fea6:5dc5",50261,2,186,0,0,2,186,0,0
"192.168.1.62",50261,2,146,0,0,2,146,0,0
"fe80::f17b:6c72:fea6:5dc5",60794,2,186,0,0,2,186,0,0
"192.168.1.62",60794,2,146,0,0,2,146,0,0
"192.168.1.1",50092,6,2354,0,0,6,2354,0,0
"192.168.1.1",53874,2,884,0,0,2,884,0,0
"fe80::f17b:6c72:fea6:5dc5",55652,2,186,0,0,2,186,0,0
"192.168.1.62",55652,2,146,0,0,2,146,0,0
"fe80::f17b:6c72:fea6:5dc5",54508,2,186,0,0,2,186,0,0
"192.168.1.62",54508,2,146,0,0,2,146,0,0
"2001:14ba:a051:8c00:61b5:31a4:d1f8:cc83",60868,2,192,0,0,2,192,0,0
"192.168.1.62",55659,2,146,0,0,2,146,0,0
"192.168.1.177",60868,2,186,0,0,1,76,1,110
"2001:14ba:a051:8c00:61b5:31a4:d1f8:cc83",59095,1,96,0,0,1,96,0,0
"192.168.1.177",59095,2,168,0,0,1,76,1,92
"fe80::f17b:6c72:fea6:5dc5",55659,1,93,0,0,1,93,0,0
"192.168.1.1",42615,6,2354,0,0,6,2354,0,0
"192.168.1.1",38511,2,884,0,0,2,884,0,0
"fe80::f17b:6c72:fea6:5dc5",57511,2,186,0,0,2,186,0,0
"192.168.1.62",57511,2,146,0,0,2,146,0,0
"fe80::f17b:6c72:fea6:5dc5",61103,2,186,0,0,2,186,0,0
"192.168.1.62",61103,2,146,0,0,2,146,0,0
"fe80::f17b:6c72:fea6:5dc5",64908,2,186,0,0,2,186,0,0
"192.168.1.62",64908,2,146,0,0,2,146,0,0
"fe80::f17b:6c72:fea6:5dc5",55816,2,186,0,0,2,186,0,0
"192.168.1.62",55816,2,146,0,0,2,146,0,0
"fe80::f17b:6c72:fea6:5dc5",58873,2,186,0,0,2,186,0,0
"192.168.1.62",58873,2,146,0,0,2,146,0,0
"fe80::f17b:6c72:fea6:5dc5",62209,2,186,0,0,2,186,0,0
"192.168.1.62",62209,2,146,0,0,2,146,0,0
"fe80::f17b:6c72:fea6:5dc5",54143,2,186,0,0,2,186,0,0
"192.168.1.62",54143,2,146,0,0,2,146,0,0
"fe80::f17b:6c72:fea6:5dc5",53535,2,186,0,0,2,186,0,0
"192.168.1.62",53535,2,146,0,0,2,146,0,0
"fe80::f17b:6c72:fea6:5dc5",54020,2,186,0,0,2,186,0,0
"192.168.1.62",54020,2,146,0,0,2,146,0,0
"fe80::f17b:6c72:fea6:5dc5",59244,2,186,0,0,2,186,0,0
"192.168.1.62",59244,2,146,0,0,2,146,0,0
"fe80::f17b:6c72:fea6:5dc5",60554,2,186,0,0,2,186,0,0
"192.168.1.62",60554,2,146,0,0,2,146,0,0
"fe80::f17b:6c72:fea6:5dc5",59529,2,186,0,0,2,186,0,0
"192.168.1.62",59529,2,146,0,0,2,146,0,0
"192.168.1.1",48170,6,2354,0,0,6,2354,0,0
"fe80::f17b:6c72:fea6:5dc5",51560,2,186,0,0,2,186,0,0
"192.168.1.62",51560,2,146,0,0,2,146,0,0
"192.168.1.1",40374,2,884,0,0,2,884,0,0
"fe80::f17b:6c72:fea6:5dc5",59671,2,186,0,0,2,186,0,0
"192.168.1.62",59671,2,146,0,0,2,146,0,0
"fe80::f17b:6c72:fea6:5dc5",62084,2,186,0,0,2,186,0,0
"192.168.1.62",62084,2,146,0,0,2,146,0,0
"fe80::f17b:6c72:fea6:5dc5",55264,2,186,0,0,2,186,0,0
"192.168.1.62",55264,2,146,0,0,2,146,0,0
"fe80::f17b:6c72:fea6:5dc5",62674,2,186,0,0,2,186,0,0
"192.168.1.62",62674,2,146,0,0,2,146,0,0
"192.168.1.1",36926,6,2354,0,0,6,2354,0,0
"fe80::f17b:6c72:fea6:5dc5",51990,2,186,0,0,2,186,0,0
"192.168.1.62",51990,2,146,0,0,2,146,0,0
"fe80::f17b:6c72:fea6:5dc5",53527,2,186,0,0,2,186,0,0
"192.168.1.62",53527,2,146,0,0,2,146,0,0
"192.168.1.1",53254,2,884,0,0,2,884,0,0
"192.168.1.253",49488,4,868,0,0,4,868,0,0
"192.168.1.1",43012,6,2354,0,0,6,2354,0,0
"192.168.1.1",33648,2,884,0,0,2,884,0,0
"192.168.1.1",57883,1,92,0,0,1,92,0,0
"fe80::f17b:6c72:fea6:5dc5",56951,2,186,0,0,2,186,0,0
"192.168.1.62",56951,2,146,0,0,2,146,0,0
"fe80::f17b:6c72:fea6:5dc5",65499,2,186,0,0,2,186,0,0
"192.168.1.62",65499,2,146,0,0,2,146,0,0
"fe80::f17b:6c72:fea6:5dc5",59633,2,186,0,0,2,186,0,0
"192.168.1.62",59633,2,146,0,0,2,146,0,0
"192.168.1.1",51468,6,2354,0,0,6,2354,0,0
"fe80::f17b:6c72:fea6:5dc5",53755,2,186,0,0,2,186,0,0
"192.168.1.62",53755,2,146,0,0,2,146,0,0
"fe80::f17b:6c72:fea6:5dc5",60863,2,186,0,0,2,186,0,0
"192.168.1.62",60863,2,146,0,0,2,146,0,0
"192.168.1.1",46490,2,884,0,0,2,884,0,0
"fe80::f17b:6c72:fea6:5dc5",54372,2,186,0,0,2,186,0,0
"192.168.1.62",54372,2,146,0,0,2,146,0,0
"fe80::f17b:6c72:fea6:5dc5",59017,2,186,0,0,2,186,0,0
"192.168.1.62",59017,2,146,0,0,2,146,0,0
"fe80::f17b:6c72:fea6:5dc5",59866,2,186,0,0,2,186,0,0
"192.168.1.62",59866,2,146,0,0,2,146,0,0
"fe80::f17b:6c72:fea6:5dc5",53289,2,186,0,0,2,186,0,0
"192.168.1.62",53289,2,146,0,0,2,146,0,0
"fe80::f17b:6c72:fea6:5dc5",57456,2,186,0,0,2,186,0,0
"192.168.1.62",57456,2,146,0,0,2,146,0,0
"fe80::f17b:6c72:fea6:5dc5",58907,2,186,0,0,2,186,0,0
"192.168.1.62",58907,2,146,0,0,2,146,0,0
"fe80::f17b:6c72:fea6:5dc5",59810,2,186,0,0,2,186,0,0
"192.168.1.62",59810,2,146,0,0,2,146,0,0
"fe80::f17b:6c72:fea6:5dc5",59484,2,186,0,0,2,186,0,0
"192.168.1.62",59484,2,146,0,0,2,146,0,0
"fe80::f17b:6c72:fea6:5dc5",58376,2,186,0,0,2,186,0,0
"192.168.1.62",58376,2,146,0,0,2,146,0,0
"fe80::f17b:6c72:fea6:5dc5",60129,2,186,0,0,2,186,0,0
"fe80::f17b:6c72:fea6:5dc5",51802,2,186,0,0,2,186,0,0
"192.168.1.62",60129,2,146,0,0,2,146,0,0
"192.168.1.62",51802,2,146,0,0,2,146,0,0
"fe80::f17b:6c72:fea6:5dc5",56318,2,186,0,0,2,186,0,0
"192.168.1.62",56318,2,146,0,0,2,146,0,0
"192.168.1.1",36972,6,2354,0,0,6,2354,0,0
"192.168.1.1",48189,2,884,0,0,2,884,0,0
"fe80::f17b:6c72:fea6:5dc5",49815,2,186,0,0,2,186,0,0
"192.168.1.62",49815,2,146,0,0,2,146,0,0
"2001:14ba:a051:8c00:61b5:31a4:d1f8:cc83",52841,2,216,0,0,2,216,0,0
"192.168.1.177",52841,2,192,0,0,1,88,1,104
"192.168.1.1",45615,6,2354,0,0,6,2354,0,0
"fe80::f17b:6c72:fea6:5dc5",51363,2,186,0,0,2,186,0,0
"192.168.1.62",51363,2,146,0,0,2,146,0,0
"fe80::f17b:6c72:fea6:5dc5",57101,2,186,0,0,2,186,0,0
"192.168.1.62",57101,2,146,0,0,2,146,0,0
"192.168.1.1",39300,2,884,0,0,2,884,0,0
"fe80::f17b:6c72:fea6:5dc5",57319,2,186,0,0,2,186,0,0
"192.168.1.62",57319,2,146,0,0,2,146,0,0
"fe80::f17b:6c72:fea6:5dc5",60203,2,186,0,0,2,186,0,0
"192.168.1.62",60203,2,146,0,0,2,146,0,0
"fe80::f17b:6c72:fea6:5dc5",58990,2,186,0,0,2,186,0,0
"192.168.1.62",58990,2,146,0,0,2,146,0,0
"fe80::f17b:6c72:fea6:5dc5",64579,2,186,0,0,2,186,0,0
"192.168.1.62",64579,2,146,0,0,2,146,0,0
"fe80::f17b:6c72:fea6:5dc5",59103,2,186,0,0,2,186,0,0
"192.168.1.62",59103,2,146,0,0,2,146,0,0
"fe80::f17b:6c72:fea6:5dc5",62490,2,186,0,0,2,186,0,0
"192.168.1.62",62490,2,146,0,0,2,146,0,0
"fe80::f17b:6c72:fea6:5dc5",58056,2,186,0,0,2,186,0,0
"192.168.1.62",58056,2,146,0,0,2,146,0,0
"fe80::f17b:6c72:fea6:5dc5",56789,2,186,0,0,2,186,0,0
"192.168.1.62",56789,2,146,0,0,2,146,0,0
"fe80::f17b:6c72:fea6:5dc5",49925,2,186,0,0,2,186,0,0
"192.168.1.62",49925,2,146,0,0,2,146,0,0
"fe80::f17b:6c72:fea6:5dc5",54123,2,186,0,0,2,186,0,0
"192.168.1.62",54123,2,146,0,0,2,146,0,0
"fe80::f17b:6c72:fea6:5dc5",58702,2,186,0,0,2,186,0,0
"192.168.1.62",58702,2,146,0,0,2,146,0,0
"fe80::f17b:6c72:fea6:5dc5",55301,2,186,0,0,2,186,0,0
"192.168.1.62",55301,2,146,0,0,2,146,0,0
"192.168.1.1",32813,6,2354,0,0,6,2354,0,0
"192.168.1.1",43321,2,884,0,0,2,884,0,0
"fe80::f17b:6c72:fea6:5dc5",64791,2,186,0,0,2,186,0,0
"192.168.1.62",64791,2,146,0,0,2,146,0,0
"fe80::f17b:6c72:fea6:5dc5",58621,2,186,0,0,2,186,0,0
"192.168.1.62",58621,2,146,0,0,2,146,0,0
"fe80::f17b:6c72:fea6:5dc5",61244,2,186,0,0,2,186,0,0
"192.168.1.62",61244,2,146,0,0,2,146,0,0
"fe80::f17b:6c72:fea6:5dc5",57907,2,186,0,0,2,186,0,0
"192.168.1.62",57907,2,146,0,0,2,146,0,0
"fe80::f17b:6c72:fea6:5dc5",53211,2,186,0,0,2,186,0,0
"192.168.1.62",53211,2,146,0,0,2,146,0,0
"192.168.1.1",52669,1,92,0,0,1,92,0,0
"192.168.1.1",34646,6,2354,0,0,6,2354,0,0
"192.168.1.1",52544,2,884,0,0,2,884,0,0
"2001:14ba:a051:8c00:61b5:31a4:d1f8:cc83",58938,2,216,0,0,2,216,0,0
"192.168.1.177",58938,2,192,0,0,1,88,1,104
"192.168.1.177",58939,4,848,0,0,4,848,0,0
"192.168.1.1",42145,6,2354,0,0,6,2354,0,0
"192.168.1.1",42293,2,884,0,0,2,884,0,0
"fe80::f17b:6c72:fea6:5dc5",60089,2,186,0,0,2,186,0,0
"192.168.1.62",60089,2,146,0,0,2,146,0,0
"192.168.1.1",42062,6,2354,0,0,6,2354,0,0
"192.168.1.1",34054,2,884,0,0,2,884,0,0
"fe80::f17b:6c72:fea6:5dc5",50697,2,186,0,0,2,186,0,0
"192.168.1.62",50697,2,146,0,0,2,146,0,0
"fe80::f17b:6c72:fea6:5dc5",59572,2,186,0,0,2,186,0,0
"192.168.1.62",59572,2,146,0,0,2,146,0,0
"fe80::f17b:6c72:fea6:5dc5",64832,1,93,0,0,1,93,0,0
"192.168.1.62",64832,2,146,0,0,2,146,0,0
"fe80::f17b:6c72:fea6:5dc5",50170,1,93,0,0,1,93,0,0
"192.168.1.62",50170,1,73,0,0,1,73,0,0
"fe80::f17b:6c72:fea6:5dc5",62519,2,186,0,0,2,186,0,0
"192.168.1.62",62519,2,146,0,0,2,146,0,0
"fe80::f17b:6c72:fea6:5dc5",57050,3,279,0,0,3,279,0,0
"192.168.1.62",57050,4,292,0,0,4,292,0,0
"fe80::f17b:6c72:fea6:5dc5",56272,2,186,0,0,2,186,0,0
"192.168.1.62",56272,2,146,0,0,2,146,0,0
"fe80::f17b:6c72:fea6:5dc5",63228,2,186,0,0,2,186,0,0
"192.168.1.62",63228,2,146,0,0,2,146,0,0
"fe80::f17b:6c72:fea6:5dc5",62639,2,186,0,0,2,186,0,0
"192.168.1.62",62639,2,146,0,0,2,146,0,0
"192.168.1.177",62790,4,868,0,0,4,868,0,0
"192.168.1.62",62641,4,868,0,0,4,868,0,0
"192.168.1.1",52621,6,2354,0,0,6,2354,0,0
"fe80::f17b:6c72:fea6:5dc5",60883,2,186,0,0,2,186,0,0
"192.168.1.62",60883,2,146,0,0,2,146,0,0
"fe80::f17b:6c72:fea6:5dc5",63566,2,186,0,0,2,186,0,0
"fe80::f17b:6c72:fea6:5dc5",54999,2,186,0,0,2,186,0,0
"192.168.1.62",63566,2,146,0,0,2,146,0,0
"192.168.1.62",54999,2,146,0,0,2,146,0,0
"fe80::f17b:6c72:fea6:5dc5",58869,2,186,0,0,2,186,0,0
"192.168.1.62",58869,2,146,0,0,2,146,0,0
"192.168.1.1",41282,2,884,0,0,2,884,0,0
"fe80::f17b:6c72:fea6:5dc5",58584,2,186,0,0,2,186,0,0
"192.168.1.62",58584,2,146,0,0,2,146,0,0
"fe80::f17b:6c72:fea6:5dc5",52667,2,186,0,0,2,186,0,0
"192.168.1.62",52667,2,146,0,0,2,146,0,0
"fe80::f17b:6c72:fea6:5dc5",64871,2,186,0,0,2,186,0,0
"192.168.1.62",64871,2,146,0,0,2,146,0,0
"fe80::f17b:6c72:fea6:5dc5",51723,2,186,0,0,2,186,0,0
"192.168.1.62",51723,2,146,0,0,2,146,0,0
"192.168.1.1",45651,6,2354,0,0,6,2354,0,0
"192.168.1.1",41604,2,884,0,0,2,884,0,0
"fe80::f17b:6c72:fea6:5dc5",60386,2,186,0,0,2,186,0,0
"192.168.1.62",60386,2,146,0,0,2,146,0,0
"fe80::f17b:6c72:fea6:5dc5",57869,2,186,0,0,2,186,0,0
"192.168.1.62",57869,2,146,0,0,2,146,0,0
"fe80::f17b:6c72:fea6:5dc5",50313,2,186,0,0,2,186,0,0
"192.168.1.62",50313,2,146,0,0,2,146,0,0
"fe80::f17b:6c72:fea6:5dc5",60997,2,186,0,0,2,186,0,0
"192.168.1.62",60997,2,146,0,0,2,146,0,0
"192.168.1.1",48081,1,92,0,0,1,92,0,0
"fe80::f17b:6c72:fea6:5dc5",52856,1,93,0,0,1,93,0,0
"192.168.1.62",52856,1,73,0,0,1,73,0,0
"fe80::f17b:6c72:fea6:5dc5",61046,1,93,0,0,1,93,0,0
"192.168.1.62",61046,1,73,0,0,1,73,0,0
"fe80::f17b:6c72:fea6:5dc5",55434,2,186,0,0,2,186,0,0
"192.168.1.62",55434,2,146,0,0,2,146,0,0
"fe80::f17b:6c72:fea6:5dc5",50325,2,186,0,0,2,186,0,0
"192.168.1.62",50325,2,146,0,0,2,146,0,0
"2001:14ba:a051:8c00:61b5:31a4:d1f8:cc83",52013,2,224,0,0,2,224,0,0
"2001:14ba:a051:8c00:61b5:31a4:d1f8:cc83",60776,2,224,0,0,2,224,0,0
"192.168.1.1",48125,6,2354,0,0,6,2354,0,0
"192.168.1.177",60776,2,242,0,0,1,92,1,150
"192.168.1.177",52013,2,200,0,0,1,92,1,108
"192.168.1.1",42840,2,884,0,0,2,884,0,0
"2001:14ba:a051:8c00:61b5:31a4:d1f8:cc83",49450,1,112,0,0,1,112,0,0
"192.168.1.177",60777,151,121652,0,0,38,8540,113,113112
"192.168.1.177",49450,4,378,0,0,2,181,2,197
"fe80::f17b:6c72:fea6:5dc5",60661,2,186,0,0,2,186,0,0
"192.168.1.62",60661,2,146,0,0,2,146,0,0
"fe80::f17b:6c72:fea6:5dc5",52050,2,186,0,0,2,186,0,0
"192.168.1.62",52050,2,146,0,0,2,146,0,0
"fe80::f17b:6c72:fea6:5dc5",65167,2,186,0,0,2,186,0,0
"192.168.1.62",65167,2,146,0,0,2,146,0,0
"fe80::f17b:6c72:fea6:5dc5",58249,2,186,0,0,2,186,0,0
"192.168.1.62",58249,2,146,0,0,2,146,0,0
"192.168.1.1",43486,6,2354,0,0,6,2354,0,0
"192.168.1.1",46073,2,884,0,0,2,884,0,0
"fe80::f17b:6c72:fea6:5dc5",53981,2,186,0,0,2,186,0,0
"192.168.1.62",53981,2,146,0,0,2,146,0,0
"fe80::f17b:6c72:fea6:5dc5",62127,2,186,0,0,2,186,0,0
"192.168.1.62",62127,2,146,0,0,2,146,0,0
"192.168.1.253",61497,4,868,0,0,4,868,0,0
"192.168.1.1",55247,6,2354,0,0,6,2354,0,0
"192.168.1.1",41518,2,884,0,0,2,884,0,0
"fe80::f17b:6c72:fea6:5dc5",51246,2,186,0,0,2,186,0,0
"192.168.1.62",51246,2,146,0,0,2,146,0,0
"fe80::f17b:6c72:fea6:5dc5",59730,2,186,0,0,2,186,0,0
"192.168.1.62",59730,2,146,0,0,2,146,0,0
"192.168.1.1",34803,6,2354,0,0,6,2354,0,0
"192.168.1.1",40793,2,884,0,0,2,884,0,0
"fe80::f17b:6c72:fea6:5dc5",64036,2,186,0,0,2,186,0,0
"192.168.1.62",64036,2,146,0,0,2,146,0,0
"fe80::f17b:6c72:fea6:5dc5",58973,2,186,0,0,2,186,0,0
"192.168.1.62",58973,2,146,0,0,2,146,0,0
"fe80::f17b:6c72:fea6:5dc5",53472,2,186,0,0,2,186,0,0
"fe80::f17b:6c72:fea6:5dc5",55290,2,186,0,0,2,186,0,0
"192.168.1.62",55290,2,146,0,0,2,146,0,0
"192.168.1.62",53472,2,146,0,0,2,146,0,0
"fe80::f17b:6c72:fea6:5dc5",50293,2,186,0,0,2,186,0,0
"192.168.1.62",50293,2,146,0,0,2,146,0,0
"fe80::f17b:6c72:fea6:5dc5",57899,2,186,0,0,2,186,0,0
"192.168.1.62",57899,2,146,0,0,2,146,0,0
"fe80::f17b:6c72:fea6:5dc5",65090,2,186,0,0,2,186,0,0
"192.168.1.62",65090,2,146,0,0,2,146,0,0
"fe80::f17b:6c72:fea6:5dc5",56731,2,186,0,0,2,186,0,0
"192.168.1.62",56731,2,146,0,0,2,146,0,0
"fe80::f17b:6c72:fea6:5dc5",62187,2,186,0,0,2,186,0,0
"192.168.1.62",62187,2,146,0,0,2,146,0,0
"fe80::f17b:6c72:fea6:5dc5",51961,2,186,0,0,2,186,0,0
"192.168.1.62",51961,2,146,0,0,2,146,0,0
"fe80::f17b:6c72:fea6:5dc5",63294,2,186,0,0,2,186,0,0
"192.168.1.62",63294,2,146,0,0,2,146,0,0
"192.168.1.1",57133,1,92,0,0,1,92,0,0
"192.168.1.62",60106,2,146,0,0,2,146,0,0
"fe80::f17b:6c72:fea6:5dc5",58197,2,186,0,0,2,186,0,0
"fe80::f17b:6c72:fea6:5dc5",52240,2,186,0,0,2,186,0,0
"192.168.1.62",58197,2,146,0,0,2,146,0,0
"192.168.1.62",52240,2,146,0,0,2,146,0,0
"fe80::f17b:6c72:fea6:5dc5",58541,2,186,0,0,2,186,0,0
"192.168.1.62",58541,2,146,0,0,2,146,0,0
"fe80::f17b:6c72:fea6:5dc5",60106,1,93,0,0,1,93,0,0
"192.168.1.1",41294,6,2354,0,0,6,2354,0,0
"192.168.1.1",50842,2,884,0,0,2,884,0,0
"192.168.1.177",56604,155,117865,0,0,34,8222,121,109643
"fe80::f17b:6c72:fea6:5dc5",55442,2,186,0,0,2,186,0,0
"192.168.1.62",55442,2,146,0,0,2,146,0,0
"fe80::f17b:6c72:fea6:5dc5",65054,2,186,0,0,2,186,0,0
"192.168.1.62",65054,2,146,0,0,2,146,0,0
"fe80::f17b:6c72:fea6:5dc5",51219,2,186,0,0,2,186,0,0
"192.168.1.62",51219,2,146,0,0,2,146,0,0
"192.168.1.1",51739,6,2354,0,0,6,2354,0,0
"192.168.1.1",54279,2,884,0,0,2,884,0,0
"fe80::f17b:6c72:fea6:5dc5",58181,2,186,0,0,2,186,0,0
"192.168.1.62",58181,2,146,0,0,2,146,0,0
"fe80::f17b:6c72:fea6:5dc5",59770,2,186,0,0,2,186,0,0
"192.168.1.62",59770,2,146,0,0,2,146,0,0
"fe80::f17b:6c72:fea6:5dc5",59979,2,186,0,0,2,186,0,0
"192.168.1.62",59979,2,146,0,0,2,146,0,0
"fe80::f17b:6c72:fea6:5dc5",53261,2,186,0,0,2,186,0,0
"192.168.1.62",53261,2,146,0,0,2,146,0,0
"fe80::f17b:6c72:fea6:5dc5",51751,2,186,0,0,2,186,0,0
"192.168.1.62",51751,2,146,0,0,2,146,0,0
"fe80::f17b:6c72:fea6:5dc5",59561,2,186,0,0,2,186,0,0
"192.168.1.62",59561,2,146,0,0,2,146,0,0
"fe80::f17b:6c72:fea6:5dc5",57047,2,186,0,0,2,186,0,0
"192.168.1.62",57047,2,146,0,0,2,146,0,0
"fe80::f17b:6c72:fea6:5dc5",61686,2,186,0,0,2,186,0,0
"192.168.1.62",61686,2,146,0,0,2,146,0,0
"fe80::f17b:6c72:fea6:5dc5",60368,2,186,0,0,2,186,0,0
"192.168.1.62",60368,2,146,0,0,2,146,0,0
"fe80::f17b:6c72:fea6:5dc5",51443,2,186,0,0,2,186,0,0
"192.168.1.62",51443,2,146,0,0,2,146,0,0
"fe80::f17b:6c72:fea6:5dc5",55690,2,186,0,0,2,186,0,0
"192.168.1.62",55690,2,146,0,0,2,146,0,0
"fe80::f17b:6c72:fea6:5dc5",50725,2,186,0,0,2,186,0,0
"192.168.1.62",50725,2,146,0,0,2,146,0,0
"192.168.1.1",54455,6,2354,0,0,6,2354,0,0
"192.168.1.1",51373,2,884,0,0,2,884,0,0
"fe80::f17b:6c72:fea6:5dc5",65374,2,186,0,0,2,186,0,0
"192.168.1.62",65374,2,146,0,0,2,146,0,0
"fe80::f17b:6c72:fea6:5dc5",55778,2,186,0,0,2,186,0,0
"192.168.1.62",55778,2,146,0,0,2,146,0,0
"fe80::f17b:6c72:fea6:5dc5",54445,2,186,0,0,2,186,0,0
"192.168.1.62",54445,2,146,0,0,2,146,0,0
"192.168.1.1",43958,6,2354,0,0,6,2354,0,0
"fe80::f17b:6c72:fea6:5dc5",57542,2,186,0,0,2,186,0,0
"192.168.1.62",57542,2,146,0,0,2,146,0,0
"fe80::f17b:6c72:fea6:5dc5",65468,2,186,0,0,2,186,0,0
"192.168.1.62",65468,2,146,0,0,2,146,0,0
"192.168.1.1",59832,2,884,0,0,2,884,0,0
"192.168.1.177",56605,4,848,0,0,4,848,0,0
"192.168.1.1",55130,6,2354,0,0,6,2354,0,0
"192.168.1.1",48514,4,1768,0,0,4,1768,0,0
"fe80::f17b:6c72:fea6:5dc5",60590,2,186,0,0,2,186,0,0
"192.168.1.62",60590,2,146,0,0,2,146,0,0
"fe80::f17b:6c72:fea6:5dc5",54364,2,186,0,0,2,186,0,0
"192.168.1.62",54364,2,146,0,0,2,146,0,0
"192.168.1.1",42235,6,2354,0,0,6,2354,0,0
"fe80::f17b:6c72:fea6:5dc5",56575,2,186,0,0,2,186,0,0
"192.168.1.62",56575,2,146,0,0,2,146,0,0
"192.168.1.1",39845,2,884,0,0,2,884,0,0
"192.168.1.1",37660,1,92,0,0,1,92,0,0
"fe80::f17b:6c72:fea6:5dc5",53174,2,186,0,0,2,186,0,0
"192.168.1.62",53174,2,146,0,0,2,146,0,0
"fe80::f17b:6c72:fea6:5dc5",55055,2,186,0,0,2,186,0,0
"192.168.1.62",55055,2,146,0,0,2,146,0,0
"fe80::f17b:6c72:fea6:5dc5",64414,2,186,0,0,2,186,0,0
"192.168.1.62",64414,2,146,0,0,2,146,0,0
"fe80::f17b:6c72:fea6:5dc5",51970,2,186,0,0,2,186,0,0
"192.168.1.62",51970,2,146,0,0,2,146,0,0
"fe80::f17b:6c72:fea6:5dc5",53501,2,186,0,0,2,186,0,0
"192.168.1.62",53501,2,146,0,0,2,146,0,0
"fe80::f17b:6c72:fea6:5dc5",53442,2,186,0,0,2,186,0,0
"192.168.1.62",53442,2,146,0,0,2,146,0,0
"fe80::f17b:6c72:fea6:5dc5",61098,2,186,0,0,2,186,0,0
"192.168.1.62",61098,2,146,0,0,2,146,0,0
"fe80::f17b:6c72:fea6:5dc5",62472,2,186,0,0,2,186,0,0
"192.168.1.62",62472,2,146,0,0,2,146,0,0
"192.168.1.62",62474,4,868,0,0,4,868,0,0
"192.168.1.1",53037,6,2354,0,0,6,2354,0,0
"192.168.1.1",43450,2,884,0,0,2,884,0,0
"fe80::f17b:6c72:fea6:5dc5",58653,2,186,0,0,2,186,0,0
"192.168.1.62",58653,2,146,0,0,2,146,0,0
"fe80::f17b:6c72:fea6:5dc5",50163,2,186,0,0,2,186,0,0
"192.168.1.62",50163,2,146,0,0,2,146,0,0
"192.168.1.1",45606,6,2354,0,0,6,2354,0,0
"192.168.1.1",37316,2,884,0,0,2,884,0,0
"fe80::f17b:6c72:fea6:5dc5",56113,2,186,0,0,2,186,0,0
"192.168.1.62",56113,2,146,0,0,2,146,0,0
"fe80::f17b:6c72:fea6:5dc5",61672,2,186,0,0,2,186,0,0
"192.168.1.62",61672,2,146,0,0,2,146,0,0
"fe80::f17b:6c72:fea6:5dc5",51154,2,186,0,0,2,186,0,0
"192.168.1.62",51154,2,146,0,0,2,146,0,0
"fe80::f17b:6c72:fea6:5dc5",52791,2,186,0,0,2,186,0,0
"192.168.1.62",52791,2,146,0,0,2,146,0,0
"2001:14ba:a051:8c00:61b5:31a4:d1f8:cc83",60961,1,111,0,0,1,111,0,0
"2001:14ba:a051:8c00:61b5:31a4:d1f8:cc83",57840,1,111,0,0,1,111,0,0
"192.168.1.177",60961,2,315,0,0,1,91,1,224
"fe80::f17b:6c72:fea6:5dc5",60740,2,186,0,0,2,186,0,0
"192.168.1.62",60740,2,146,0,0,2,146,0,0
"fe80::f17b:6c72:fea6:5dc5",53854,2,186,0,0,2,186,0,0
"192.168.1.62",53854,2,146,0,0,2,146,0,0
"fe80::f17b:6c72:fea6:5dc5",53794,2,186,0,0,2,186,0,0
"192.168.1.62",53794,2,146,0,0,2,146,0,0
"fe80::f17b:6c72:fea6:5dc5",54265,2,186,0,0,2,186,0,0
"192.168.1.62",54265,2,146,0,0,2,146,0,0
"fe80::f17b:6c72:fea6:5dc5",59070,2,186,0,0,2,186,0,0
"192.168.1.62",59070,2,146,0,0,2,146,0,0
"fe80::3c64:85d8:f884:544c",57842,14,10052,0,0,14,10052,0,0
"192.168.1.177",57841,14,9772,0,0,14,9772,0,0
"2001:14ba:a051:8c00:61b5:31a4:d1f8:cc83",60424,1,107,0,0,1,107,0,0
"2001:14ba:a051:8c00:61b5:31a4:d1f8:cc83",56851,1,107,0,0,1,107,0,0
"192.168.1.177",60424,2,258,0,0,1,87,1,171
"192.168.1.177",56851,2,292,0,0,1,87,1,205
"2001:14ba:a051:8c00:61b5:31a4:d1f8:cc83",56197,1,102,0,0,1,102,0,0
"192.168.1.177",56197,2,164,0,0,1,82,1,82
"2001:14ba:a051:8c00:61b5:31a4:d1f8:cc83",63056,1,97,0,0,1,97,0,0
"192.168.1.177",63056,2,296,0,0,1,77,1,219
"2001:14ba:a051:8c00:61b5:31a4:d1f8:cc83",59397,1,101,0,0,1,101,0,0
"192.168.1.177",59397,2,178,0,0,1,81,1,97
"2001:14ba:a051:8c00:61b5:31a4:d1f8:cc83",49210,1,101,0,0,1,101,0,0
"192.168.1.177",49210,2,162,0,0,1,81,1,81
"2001:14ba:a051:8c00:61b5:31a4:d1f8:cc83",64067,1,115,0,0,1,115,0,0
"2001:14ba:a051:8c00:61b5:31a4:d1f8:cc83",52464,1,115,0,0,1,115,0,0
"192.168.1.177",64067,2,252,0,0,1,95,1,157
"192.168.1.177",52464,2,321,0,0,1,95,1,226
"2001:14ba:a051:8c00:61b5:31a4:d1f8:cc83",49359,1,115,0,0,1,115,0,0
"2001:14ba:a051:8c00:61b5:31a4:d1f8:cc83",64975,1,94,0,0,1,94,0,0
"2001:14ba:a051:8c00:61b5:31a4:d1f8:cc83",51010,1,94,0,0,1,94,0,0
"192.168.1.177",49359,2,206,0,0,1,95,1,111
"2001:14ba:a051:8c00:61b5:31a4:d1f8:cc83",50536,1,115,0,0,1,115,0,0
"192.168.1.177",64975,2,247,0,0,1,74,1,173
"192.168.1.177",51010,2,271,0,0,1,74,1,197
"192.168.1.177",50536,2,190,0,0,1,95,1,95
"2001:14ba:a051:8c00:61b5:31a4:d1f8:cc83",62862,1,101,0,0,1,101,0,0
"192.168.1.177",62862,2,194,0,0,1,81,1,113
"2001:14ba:a051:8c00:61b5:31a4:d1f8:cc83",55374,1,101,0,0,1,101,0,0
"192.168.1.177",55374,2,218,0,0,1,81,1,137
"192.168.1.1",59858,6,2354,0,0,6,2354,0,0
"2001:14ba:a051:8c00:61b5:31a4:d1f8:cc83",52644,1,94,0,0,1,94,0,0
"192.168.1.177",52644,2,250,0,0,1,74,1,176
"2001:14ba:a051:8c00:61b5:31a4:d1f8:cc83",53605,1,115,0,0,1,115,0,0
"192.168.1.177",53605,2,255,0,0,1,95,1,160
"192.168.1.1",56405,2,884,0,0,2,884,0,0
"fe80::f17b:6c72:fea6:5dc5",49832,2,186,0,0,2,186,0,0
"192.168.1.62",49832,2,146,0,0,2,146,0,0
"fe80::f17b:6c72:fea6:5dc5",51368,2,186,0,0,2,186,0,0
"192.168.1.62",51368,2,146,0,0,2,146,0,0
"fe80::f17b:6c72:fea6:5dc5",49985,2,186,0,0,2,186,0,0
"192.168.1.62",49985,2,146,0,0,2,146,0,0
"192.168.1.1",48089,6,2354,0,0,6,2354,0,0
"fe80::f17b:6c72:fea6:5dc5",64813,2,186,0,0,2,186,0,0
"192.168.1.62",64813,2,146,0,0,2,146,0,0
"fe80::f17b:6c72:fea6:5dc5",56089,2,186,0,0,2,186,0,0
"192.168.1.62",56089,2,146,0,0,2,146,0,0
"192.168.1.1",36579,2,884,0,0,2,884,0,0
"fe80::f17b:6c72:fea6:5dc5",59773,2,186,0,0,2,186,0,0
"fe80::f17b:6c72:fea6:5dc5",60514,2,186,0,0,2,186,0,0
"192.168.1.62",59773,2,146,0,0,2,146,0,0
"192.168.1.62",60514,2,146,0,0,2,146,0,0
"fe80::f17b:6c72:fea6:5dc5",55845,2,186,0,0,2,186,0,0
"192.168.1.62",55845,2,146,0,0,2,146,0,0
"fe80::f17b:6c72:fea6:5dc5",60166,2,186,0,0,2,186,0,0
"192.168.1.62",60166,2,146,0,0,2,146,0,0
"192.168.1.1",55545,1,92,0,0,1,92,0,0
"fe80::f17b:6c72:fea6:5dc5",51258,2,186,0,0,2,186,0,0
"192.168.1.62",51258,2,146,0,0,2,146,0,0
"192.168.1.253",57142,4,868,0,0,4,868,0,0
"2001:14ba:a051:8c00:61b5:31a4:d1f8:cc83",65452,1,116,0,0,1,116,0,0
"192.168.1.177",65452,2,275,0,0,1,96,1,179
"2001:14ba:a051:8c00:61b5:31a4:d1f8:cc83",60735,2,232,0,0,2,232,0,0
"192.168.1.177",60735,4,400,0,0,2,192,2,208
"2001:14ba:a051:8c00:61b5:31a4:d1f8:cc83",51048,1,133,0,0,1,133,0,0
"192.168.1.177",51048,2,226,0,0,1,113,1,113
"2001:14ba:a051:8c00:61b5:31a4:d1f8:cc83",58969,1,115,0,0,1,115,0,0
"2001:14ba:a051:8c00:61b5:31a4:d1f8:cc83",63090,1,115,0,0,1,115,0,0
"192.168.1.177",63090,2,356,0,0,1,95,1,261
"192.168.1.177",58969,2,344,0,0,1,95,1,249
"2001:14ba:a051:8c00:61b5:31a4:d1f8:cc83",57768,1,137,0,0,1,137,0,0
"192.168.1.177",57768,2,250,0,0,1,117,1,133
"2001:14ba:a051:8c00:61b5:31a4:d1f8:cc83",64358,1,137,0,0,1,137,0,0
"192.168.1.177",64358,2,262,0,0,1,117,1,145
"fe80::f17b:6c72:fea6:5dc5",52716,2,186,0,0,2,186,0,0
"192.168.1.62",52716,2,146,0,0,2,146,0,0
"fe80::f17b:6c72:fea6:5dc5",62848,2,186,0,0,2,186,0,0
"192.168.1.62",62848,2,146,0,0,2,146,0,0
"192.168.1.1",48179,6,2354,0,0,6,2354,0,0
"192.168.1.1",58897,2,884,0,0,2,884,0,0
"fe80::f17b:6c72:fea6:5dc5",55461,2,186,0,0,2,186,0,0
"192.168.1.62",55461,2,146,0,0,2,146,0,0
"fe80::f17b:6c72:fea6:5dc5",57896,2,186,0,0,2,186,0,0
"192.168.1.62",57896,2,146,0,0,2,146,0,0
"fe80::f17b:6c72:fea6:5dc5",62767,2,186,0,0,2,186,0,0
"192.168.1.62",62767,2,146,0,0,2,146,0,0
"fe80::f17b:6c72:fea6:5dc5",58210,2,186,0,0,2,186,0,0
"192.168.1.62",58210,2,146,0,0,2,146,0,0
"192.168.1.1",50614,6,2354,0,0,6,2354,0,0
"fe80::f17b:6c72:fea6:5dc5",55984,2,186,0,0,2,186,0,0
"192.168.1.62",55984,2,146,0,0,2,146,0,0
"fe80::f17b:6c72:fea6:5dc5",49340,2,186,0,0,2,186,0,0
"192.168.1.62",49340,2,146,0,0,2,146,0,0
"192.168.1.1",57305,2,884,0,0,2,884,0,0
"fe80::f17b:6c72:fea6:5dc5",62619,2,186,0,0,2,186,0,0
"192.168.1.62",62619,2,146,0,0,2,146,0,0
"fe80::f17b:6c72:fea6:5dc5",56810,2,186,0,0,2,186,0,0
"192.168.1.62",56810,2,146,0,0,2,146,0,0
"fe80::f17b:6c72:fea6:5dc5",53136,2,186,0,0,2,186,0,0
"192.168.1.62",53136,2,146,0,0,2,146,0,0
"fe80::f17b:6c72:fea6:5dc5",50577,2,186,0,0,2,186,0,0
"192.168.1.62",50577,2,146,0,0,2,146,0,0
"192.168.1.62",53716,2,146,0,0,2,146,0,0
"fe80::f17b:6c72:fea6:5dc5",53716,1,93,0,0,1,93,0,0
"fe80::f17b:6c72:fea6:5dc5",56856,2,186,0,0,2,186,0,0
"192.168.1.62",56856,2,146,0,0,2,146,0,0
"fe80::f17b:6c72:fea6:5dc5",58026,2,186,0,0,2,186,0,0
"192.168.1.62",58026,2,146,0,0,2,146,0,0
"fe80::f17b:6c72:fea6:5dc5",54733,2,186,0,0,2,186,0,0
"192.168.1.62",54733,2,146,0,0,2,146,0,0
"fe80::f17b:6c72:fea6:5dc5",57953,2,186,0,0,2,186,0,0
"192.168.1.62",57953,2,146,0,0,2,146,0,0
"fe80::f17b:6c72:fea6:5dc5",49253,2,186,0,0,2,186,0,0
"192.168.1.62",49253,2,146,0,0,2,146,0,0
"192.168.1.1",44851,2,884,0,0,2,884,0,0
"2001:14ba:a051:8c00:61b5:31a4:d1f8:cc83",59750,1,103,0,0,1,103,0,0
"2001:14ba:a051:8c00:61b5:31a4:d1f8:cc83",60222,1,103,0,0,1,103,0,0
"192.168.1.177",60222,2,194,0,0,1,83,1,111
"192.168.1.177",59750,2,182,0,0,1,83,1,99
"2001:14ba:a051:8c00:61b5:31a4:d1f8:cc83",64485,1,103,0,0,1,103,0,0
"192.168.1.177",64485,2,182,0,0,1,83,1,99
"2001:14ba:a051:8c00:61b5:31a4:d1f8:cc83",64307,1,103,0,0,1,103,0,0
"192.168.1.177",64307,2,194,0,0,1,83,1,111
"192.168.1.1",48177,6,2354,0,0,6,2354,0,0
"192.168.1.1",37578,2,884,0,0,2,884,0,0
"fe80::f17b:6c72:fea6:5dc5",52014,2,186,0,0,2,186,0,0
"192.168.1.62",52014,2,146,0,0,2,146,0,0
"fe80::f17b:6c72:fea6:5dc5",56382,2,186,0,0,2,186,0,0
"192.168.1.62",56382,2,146,0,0,2,146,0,0
"fe80::f17b:6c72:fea6:5dc5",50594,2,186,0,0,2,186,0,0
"192.168.1.62",50594,2,146,0,0,2,146,0,0
"fe80::f17b:6c72:fea6:5dc5",60817,2,186,0,0,2,186,0,0
"192.168.1.62",60817,2,146,0,0,2,146,0,0
"fe80::f17b:6c72:fea6:5dc5",63052,2,186,0,0,2,186,0,0
"192.168.1.62",63052,2,146,0,0,2,146,0,0
"fe80::f17b:6c72:fea6:5dc5",53076,2,186,0,0,2,186,0,0
"192.168.1.62",53076,2,146,0,0,2,146,0,0
"fe80::f17b:6c72:fea6:5dc5",56578,2,186,0,0,2,186,0,0
"192.168.1.62",56578,2,146,0,0,2,146,0,0
"fe80::f17b:6c72:fea6:5dc5",52388,2,186,0,0,2,186,0,0
"192.168.1.62",52388,2,146,0,0,2,146,0,0
"fe80::f17b:6c72:fea6:5dc5",60244,2,186,0,0,2,186,0,0
"192.168.1.62",60244,2,146,0,0,2,146,0,0
"fe80::f17b:6c72:fea6:5dc5",56992,2,186,0,0,2,186,0,0
"192.168.1.62",56992,2,146,0,0,2,146,0,0
"192.168.1.1",40820,6,2354,0,0,6,2354,0,0
"192.168.1.1",44394,2,884,0,0,2,884,0,0
"192.168.1.1",60594,1,92,0,0,1,92,0,0
"fe80::f17b:6c72:fea6:5dc5",52262,2,186,0,0,2,186,0,0
"192.168.1.62",52262,2,146,0,0,2,146,0,0
"fe80::f17b:6c72:fea6:5dc5",64800,2,186,0,0,2,186,0,0
"192.168.1.62",64800,2,146,0,0,2,146,0,0
"fe80::f17b:6c72:fea6:5dc5",61735,2,186,0,0,2,186,0,0
"fe80::f17b:6c72:fea6:5dc5",53891,2,186,0,0,2,186,0,0
"192.168.1.62",61735,2,146,0,0,2,146,0,0
"192.168.1.62",53891,2,146,0,0,2,146,0,0
"fe80::f17b:6c72:fea6:5dc5",65185,2,186,0,0,2,186,0,0
"fe80::f17b:6c72:fea6:5dc5",61345,2,186,0,0,2,186,0,0
"192.168.1.62",65185,2,146,0,0,2,146,0,0
"192.168.1.62",61345,2,146,0,0,2,146,0,0
"192.168.1.1",50595,6,2354,0,0,6,2354,0,0
"192.168.1.1",53969,2,884,0,0,2,884,0,0
"fe80::f17b:6c72:fea6:5dc5",59602,2,186,0,0,2,186,0,0
"192.168.1.62",59602,2,146,0,0,2,146,0,0
"fe80::f17b:6c72:fea6:5dc5",53511,4,372,0,0,4,372,0,0
"fe80::f17b:6c72:fea6:5dc5",60348,2,186,0,0,2,186,0,0
"192.168.1.62",60348,2,146,0,0,2,146,0,0
"fe80::f17b:6c72:fea6:5dc5",51195,2,186,0,0,2,186,0,0
"192.168.1.62",51195,2,146,0,0,2,146,0,0
"fe80::f17b:6c72:fea6:5dc5",61203,2,186,0,0,2,186,0,0
"192.168.1.62",61203,2,146,0,0,2,146,0,0
"192.168.1.177",64308,4,848,0,0,4,848,0,0
"fe80::f17b:6c72:fea6:5dc5",62176,2,186,0,0,2,186,0,0
"192.168.1.62",62176,2,146,0,0,2,146,0,0
"fe80::f17b:6c72:fea6:5dc5",53488,2,186,0,0,2,186,0,0
"192.168.1.62",53488,2,146,0,0,2,146,0,0
"fe80::f17b:6c72:fea6:5dc5",64083,2,186,0,0,2,186,0,0
"192.168.1.62",64083,2,146,0,0,2,146,0,0
"fe80::f17b:6c72:fea6:5dc5",63814,2,186,0,0,2,186,0,0
"192.168.1.62",63814,2,146,0,0,2,146,0,0
"192.168.1.1",48625,6,2354,0,0,6,2354,0,0
"192.168.1.1",39371,2,884,0,0,2,884,0,0
"fe80::f17b:6c72:fea6:5dc5",55960,2,186,0,0,2,186,0,0
"192.168.1.62",55960,2,146,0,0,2,146,0,0
"fe80::f17b:6c72:fea6:5dc5",53792,2,186,0,0,2,186,0,0
"192.168.1.62",53792,2,146,0,0,2,146,0,0
"fe80::f17b:6c72:fea6:5dc5",50439,2,186,0,0,2,186,0,0
"192.168.1.62",50439,2,146,0,0,2,146,0,0
"192.168.1.103",41732,1,167,0,0,1,167,0,0
"fe80::f17b:6c72:fea6:5dc5",49245,2,186,0,0,2,186,0,0
"192.168.1.62",49245,2,146,0,0,2,146,0,0
"fe80::f17b:6c72:fea6:5dc5",63118,2,186,0,0,2,186,0,0
"192.168.1.62",63118,2,146,0,0,2,146,0,0
"fe80::f17b:6c72:fea6:5dc5",63828,2,186,0,0,2,186,0,0
"192.168.1.62",63828,2,146,0,0,2,146,0,0
"192.168.1.1",44336,6,2354,0,0,6,2354,0,0
"2001:14ba:a051:8c00:61b5:31a4:d1f8:cc83",53681,1,100,0,0,1,100,0,0
"192.168.1.177",53681,2,176,0,0,1,80,1,96
"fe80::f17b:6c72:fea6:5dc5",57268,2,186,0,0,2,186,0,0
"192.168.1.62",57268,2,146,0,0,2,146,0,0
"192.168.1.1",39675,2,884,0,0,2,884,0,0
"fe80::f17b:6c72:fea6:5dc5",52053,2,186,0,0,2,186,0,0
"192.168.1.62",52053,2,146,0,0,2,146,0,0
"fe80::f17b:6c72:fea6:5dc5",57212,2,186,0,0,2,186,0,0
"192.168.1.62",57212,2,146,0,0,2,146,0,0
"fe80::f17b:6c72:fea6:5dc5",56779,4,372,0,0,4,372,0,0
"192.168.1.62",56779,4,292,0,0,4,292,0,0
"fe80::f17b:6c72:fea6:5dc5",55567,2,186,0,0,2,186,0,0
"192.168.1.62",55567,2,146,0,0,2,146,0,0
"fe80::f17b:6c72:fea6:5dc5",54996,2,186,0,0,2,186,0,0
"192.168.1.62",54996,2,146,0,0,2,146,0,0
"fe80::f17b:6c72:fea6:5dc5",61738,2,186,0,0,2,186,0,0
"192.168.1.62",61738,2,146,0,0,2,146,0,0
"fe80::f17b:6c72:fea6:5dc5",60137,2,186,0,0,2,186,0,0
"192.168.1.62",60137,2,146,0,0,2,146,0,0
"192.168.1.177",53682,4,868,0,0,4,868,0,0
"192.168.1.62",49668,4,868,0,0,4,868,0,0
"192.168.1.1",36424,6,2354,0,0,6,2354,0,0
"192.168.1.1",60484,2,884,0,0,2,884,0,0
"192.168.1.1",36250,1,92,0,0,1,92,0,0
"192.168.1.1",39865,6,2354,0,0,6,2354,0,0
"192.168.1.1",45454,2,884,0,0,2,884,0,0
"2001:14ba:a051:8c00:61b5:31a4:d1f8:cc83",52367,2,206,0,0,2,206,0,0
"fe80::f17b:6c72:fea6:5dc5",53905,2,174,0,0,2,174,0,0
"192.168.1.62",53905,2,134,0,0,2,134,0,0
"192.168.1.177",52367,2,194,0,0,1,83,1,111
"2001:14ba:a051:8c00:61b5:31a4:d1f8:cc83",53117,2,206,0,0,2,206,0,0
"192.168.1.177",53117,6,552,0,0,3,246,3,306
"fe80::f17b:6c72:fea6:5dc5",53889,2,176,0,0,2,176,0,0
"192.168.1.62",53889,2,136,0,0,2,136,0,0
"fe80::f17b:6c72:fea6:5dc5",49989,2,176,0,0,2,176,0,0
"192.168.1.62",49989,2,136,0,0,2,136,0,0
"fe80::f17b:6c72:fea6:5dc5",53963,2,186,0,0,2,186,0,0
"192.168.1.62",53963,2,146,0,0,2,146,0,0
"fe80::f17b:6c72:fea6:5dc5",57790,2,186,0,0,2,186,0,0
"192.168.1.62",57790,2,146,0,0,2,146,0,0
"fe80::f17b:6c72:fea6:5dc5",58885,2,186,0,0,2,186,0,0
"192.168.1.62",58885,2,146,0,0,2,146,0,0
"fe80::f17b:6c72:fea6:5dc5",60807,2,186,0,0,2,186,0,0
"192.168.1.62",60807,2,146,0,0,2,146,0,0
"fe80::f17b:6c72:fea6:5dc5",56285,2,176,0,0,2,176,0,0
"192.168.1.62",56285,2,136,0,0,2,136,0,0
"fe80::f17b:6c72:fea6:5dc5",61204,2,176,0,0,2,176,0,0
"192.168.1.62",61204,2,136,0,0,2,136,0,0
"fe80::f17b:6c72:fea6:5dc5",62827,1,93,0,0,1,93,0,0
"192.168.1.62",62827,2,146,0,0,2,146,0,0
"fe80::f17b:6c72:fea6:5dc5",65191,1,93,0,0,1,93,0,0
"fe80::f17b:6c72:fea6:5dc5",53377,1,93,0,0,1,93,0,0
"192.168.1.62",65191,2,146,0,0,2,146,0,0
"192.168.1.62",53377,2,146,0,0,2,146,0,0
"fe80::f17b:6c72:fea6:5dc5",54676,2,186,0,0,2,186,0,0
"192.168.1.62",54676,2,146,0,0,2,146,0,0
"fe80::f17b:6c72:fea6:5dc5",51248,2,176,0,0,2,176,0,0
"192.168.1.62",51248,2,136,0,0,2,136,0,0
"fe80::f17b:6c72:fea6:5dc5",52730,2,186,0,0,2,186,0,0
"192.168.1.62",52730,2,146,0,0,2,146,0,0
"fe80::f17b:6c72:fea6:5dc5",60512,2,186,0,0,2,186,0,0
"fe80::f17b:6c72:fea6:5dc5",55918,2,186,0,0,2,186,0,0
"192.168.1.62",60512,2,146,0,0,2,146,0,0
"192.168.1.62",55918,2,146,0,0,2,146,0,0
"fe80::f17b:6c72:fea6:5dc5",50509,2,186,0,0,2,186,0,0
"192.168.1.62",50509,2,146,0,0,2,146,0,0
"192.168.1.1",47809,6,2354,0,0,6,2354,0,0
"192.168.1.1",42647,2,884,0,0,2,884,0,0
"fe80::f17b:6c72:fea6:5dc5",61518,2,176,0,0,2,176,0,0
"192.168.1.62",61518,2,136,0,0,2,136,0,0
"fe80::f17b:6c72:fea6:5dc5",55115,2,176,0,0,2,176,0,0
"192.168.1.62",55115,2,136,0,0,2,136,0,0
"fe80::f17b:6c72:fea6:5dc5",65011,2,186,0,0,2,186,0,0
"192.168.1.62",65011,2,146,0,0,2,146,0,0
"fe80::f17b:6c72:fea6:5dc5",60985,2,186,0,0,2,186,0,0
"192.168.1.62",60985,2,146,0,0,2,146,0,0
"192.168.1.1",34124,6,2354,0,0,6,2354,0,0
"fe80::f17b:6c72:fea6:5dc5",54639,2,186,0,0,2,186,0,0
"192.168.1.62",54639,2,146,0,0,2,146,0,0
"fe80::f17b:6c72:fea6:5dc5",54416,2,186,0,0,2,186,0,0
"192.168.1.62",54416,2,146,0,0,2,146,0,0
"fe80::f17b:6c72:fea6:5dc5",55151,2,186,0,0,2,186,0,0
"192.168.1.62",55151,2,146,0,0,2,146,0,0
"192.168.1.1",52336,2,884,0,0,2,884,0,0
"fe80::f17b:6c72:fea6:5dc5",56607,2,186,0,0,2,186,0,0
"192.168.1.62",56607,2,146,0,0,2,146,0,0
"fe80::f17b:6c72:fea6:5dc5",62498,2,186,0,0,2,186,0,0
"192.168.1.62",62498,2,146,0,0,2,146,0,0
"fe80::f17b:6c72:fea6:5dc5",63980,4,372,0,0,4,372,0,0
"192.168.1.62",63980,4,292,0,0,4,292,0,0
"fe80::f17b:6c72:fea6:5dc5",58985,2,186,0,0,2,186,0,0
"192.168.1.62",58985,2,146,0,0,2,146,0,0
"fe80::f17b:6c72:fea6:5dc5",56587,2,186,0,0,2,186,0,0
"192.168.1.62",56587,2,146,0,0,2,146,0,0
"fe80::f17b:6c72:fea6:5dc5",62434,1,93,0,0,1,93,0,0
"fe80::f17b:6c72:fea6:5dc5",61238,1,93,0,0,1,93,0,0
"192.168.1.62",61238,1,73,0,0,1,73,0,0
"192.168.1.253",60956,4,868,0,0,4,868,0,0
"fe80::f17b:6c72:fea6:5dc5",62855,1,93,0,0,1,93,0,0
"192.168.1.62",62855,1,73,0,0,1,73,0,0
"fe80::f17b:6c72:fea6:5dc5",57826,1,93,0,0,1,93,0,0
"192.168.1.62",57826,1,73,0,0,1,73,0,0
"192.168.1.1",55810,6,2354,0,0,6,2354,0,0
"192.168.1.1",55579,2,884,0,0,2,884,0,0
"fe80::f17b:6c72:fea6:5dc5",50228,2,186,0,0,2,186,0,0
"fe80::f17b:6c72:fea6:5dc5",50295,2,186,0,0,2,186,0,0
"192.168.1.62",50295,2,146,0,0,2,146,0,0
"fe80::f17b:6c72:fea6:5dc5",53026,2,186,0,0,2,186,0,0
"192.168.1.62",53026,2,146,0,0,2,146,0,0
"fe80::f17b:6c72:fea6:5dc5",53102,2,186,0,0,2,186,0,0
"192.168.1.62",53102,2,146,0,0,2,146,0,0
"192.168.1.1",41969,1,92,0,0,1,92,0,0
"192.168.1.1",57545,6,2354,0,0,6,2354,0,0
"192.168.1.1",57442,2,884,0,0,2,884,0,0
"fe80::f17b:6c72:fea6:5dc5",59956,2,186,0,0,2,186,0,0
"192.168.1.62",59956,2,146,0,0,2,146,0,0
"fe80::f17b:6c72:fea6:5dc5",61380,2,186,0,0,2,186,0,0
"fe80::f17b:6c72:fea6:5dc5",51801,2,186,0,0,2,186,0,0
"192.168.1.62",61380,2,146,0,0,2,146,0,0
"192.168.1.62",51801,2,146,0,0,2,146,0,0
"fe80::f17b:6c72:fea6:5dc5",64977,2,186,0,0,2,186,0,0
"192.168.1.62",64977,2,146,0,0,2,146,0,0
"fe80::f17b:6c72:fea6:5dc5",50279,2,186,0,0,2,186,0,0
"192.168.1.62",50279,2,146,0,0,2,146,0,0
"fe80::f17b:6c72:fea6:5dc5",58796,2,186,0,0,2,186,0,0
"192.168.1.62",58796,2,146,0,0,2,146,0,0
"2001:14ba:a051:8c00:61b5:31a4:d1f8:cc83",64136,2,201,0,0,2,201,0,0
"2001:14ba:a051:8c00:61b5:31a4:d1f8:cc83",50555,1,103,0,0,1,103,0,0
"192.168.1.177",50555,2,194,0,0,1,83,1,111
"192.168.1.177",64136,4,354,0,0,2,161,2,193
"2001:14ba:a051:8c00:61b5:31a4:d1f8:cc83",57287,1,103,0,0,1,103,0,0
"192.168.1.177",57287,2,182,0,0,1,83,1,99
"2001:14ba:a051:8c00:61b5:31a4:d1f8:cc83",56856,1,103,0,0,1,103,0,0
"192.168.1.177",56856,2,194,0,0,1,83,1,111
"fe80::f17b:6c72:fea6:5dc5",62575,2,186,0,0,2,186,0,0
"192.168.1.62",62575,2,146,0,0,2,146,0,0
"fe80::f17b:6c72:fea6:5dc5",56075,2,186,0,0,2,186,0,0
"192.168.1.62",56075,2,146,0,0,2,146,0,0
"fe80::f17b:6c72:fea6:5dc5",61478,2,186,0,0,2,186,0,0
"192.168.1.62",61478,2,146,0,0,2,146,0,0
"192.168.1.1",52299,6,2354,0,0,6,2354,0,0
"192.168.1.1",44194,2,884,0,0,2,884,0,0
"192.168.1.1",55206,6,2354,0,0,6,2354,0,0
"192.168.1.1",54732,2,884,0,0,2,884,0,0
"fe80::f17b:6c72:fea6:5dc5",62213,2,186,0,0,2,186,0,0
"192.168.1.62",62213,2,146,0,0,2,146,0,0
"fe80::f17b:6c72:fea6:5dc5",59587,2,186,0,0,2,186,0,0
"192.168.1.62",59587,2,146,0,0,2,146,0,0
"fe80::f17b:6c72:fea6:5dc5",57862,2,186,0,0,2,186,0,0
"192.168.1.62",57862,2,146,0,0,2,146,0,0
"fe80::f17b:6c72:fea6:5dc5",54807,2,186,0,0,2,186,0,0
"192.168.1.62",54807,2,146,0,0,2,146,0,0
"fe80::f17b:6c72:fea6:5dc5",50537,2,186,0,0,2,186,0,0
"fe80::f17b:6c72:fea6:5dc5",57557,2,186,0,0,2,186,0,0
"192.168.1.62",50537,2,146,0,0,2,146,0,0
"192.168.1.62",57557,2,146,0,0,2,146,0,0
"fe80::f17b:6c72:fea6:5dc5",56739,2,186,0,0,2,186,0,0
"192.168.1.62",56739,2,146,0,0,2,146,0,0
"fe80::f17b:6c72:fea6:5dc5",53128,2,186,0,0,2,186,0,0
"192.168.1.62",53128,2,146,0,0,2,146,0,0
"192.168.1.1",50821,6,2354,0,0,6,2354,0,0
"192.168.1.1",36713,2,884,0,0,2,884,0,0
"fe80::f17b:6c72:fea6:5dc5",62446,2,186,0,0,2,186,0,0
"192.168.1.62",62446,2,146,0,0,2,146,0,0
"fe80::f17b:6c72:fea6:5dc5",56139,2,186,0,0,2,186,0,0
"192.168.1.62",56139,2,146,0,0,2,146,0,0
"fe80::f17b:6c72:fea6:5dc5",50790,2,186,0,0,2,186,0,0
"192.168.1.62",50790,2,146,0,0,2,146,0,0
"fe80::f17b:6c72:fea6:5dc5",57707,2,186,0,0,2,186,0,0
"192.168.1.62",57707,2,146,0,0,2,146,0,0
"fe80::f17b:6c72:fea6:5dc5",62463,2,186,0,0,2,186,0,0
"192.168.1.62",62463,2,146,0,0,2,146,0,0
"fe80::f17b:6c72:fea6:5dc5",64374,2,186,0,0,2,186,0,0
"192.168.1.62",64374,2,146,0,0,2,146,0,0
"fe80::f17b:6c72:fea6:5dc5",64743,2,186,0,0,2,186,0,0
"192.168.1.62",64743,2,146,0,0,2,146,0,0
"fe80::f17b:6c72:fea6:5dc5",49712,2,186,0,0,2,186,0,0
"192.168.1.62",49712,2,146,0,0,2,146,0,0
"192.168.1.1",33454,6,2354,0,0,6,2354,0,0
"192.168.1.1",35748,2,884,0,0,2,884,0,0
"fe80::f17b:6c72:fea6:5dc5",50132,2,186,0,0,2,186,0,0
"192.168.1.62",50132,2,146,0,0,2,146,0,0
"fe80::f17b:6c72:fea6:5dc5",58675,2,186,0,0,2,186,0,0
"192.168.1.62",58675,2,146,0,0,2,146,0,0
"fe80::f17b:6c72:fea6:5dc5",61650,2,186,0,0,2,186,0,0
"192.168.1.62",61650,2,146,0,0,2,146,0,0
"fe80::f17b:6c72:fea6:5dc5",55098,2,186,0,0,2,186,0,0
"192.168.1.62",55098,2,146,0,0,2,146,0,0
"fe80::f17b:6c72:fea6:5dc5",64994,2,186,0,0,2,186,0,0
"192.168.1.62",64994,2,146,0,0,2,146,0,0
"192.168.1.177",53910,4,848,0,0,4,848,0,0
"fe80::f17b:6c72:fea6:5dc5",53911,2,186,0,0,2,186,0,0
"192.168.1.62",53911,2,146,0,0,2,146,0,0
"fe80::f17b:6c72:fea6:5dc5",55767,2,186,0,0,2,186,0,0
"192.168.1.62",55767,2,146,0,0,2,146,0,0
"fe80::f17b:6c72:fea6:5dc5",60764,2,186,0,0,2,186,0,0
"192.168.1.62",60764,2,146,0,0,2,146,0,0
"192.168.1.1",47159,1,92,0,0,1,92,0,0
"192.168.1.177",52709,2,253,0,0,1,83,1,170
"192.168.1.177",61323,2,241,0,0,1,83,1,158
"192.168.1.177",55330,2,315,0,0,1,83,1,232
"192.168.1.1",53351,2,884,0,0,2,884,0,0
"fe80::f17b:6c72:fea6:5dc5",59615,2,186,0,0,2,186,0,0
"192.168.1.62",59615,2,146,0,0,2,146,0,0
"fe80::f17b:6c72:fea6:5dc5",53455,2,186,0,0,2,186,0,0
"192.168.1.62",53455,2,146,0,0,2,146,0,0
"fe80::f17b:6c72:fea6:5dc5",60393,2,186,0,0,2,186,0,0
"192.168.1.62",60393,2,146,0,0,2,146,0,0
"fe80::f17b:6c72:fea6:5dc5",63056,2,186,0,0,2,186,0,0
"192.168.1.62",63056,2,146,0,0,2,146,0,0
"fe80::f17b:6c72:fea6:5dc5",62868,2,186,0,0,2,186,0,0
"192.168.1.62",62868,2,146,0,0,2,146,0,0
"fe80::f17b:6c72:fea6:5dc5",60560,4,372,0,0,4,372,0,0
"fe80::f17b:6c72:fea6:5dc5",55606,2,186,0,0,2,186,0,0
"192.168.1.62",60560,4,292,0,0,4,292,0,0
"192.168.1.62",55606,2,146,0,0,2,146,0,0
"fe80::f17b:6c72:fea6:5dc5",53910,2,186,0,0,2,186,0,0
"192.168.1.62",53910,2,146,0,0,2,146,0,0
"192.168.1.1",36522,12,4708,0,0,12,4708,0,0
"192.168.1.1",53470,2,884,0,0,2,884,0,0
"fe80::f17b:6c72:fea6:5dc5",58328,2,186,0,0,2,186,0,0
"192.168.1.62",58328,2,146,0,0,2,146,0,0
"fe80::f17b:6c72:fea6:5dc5",60787,2,186,0,0,2,186,0,0
"fe80::f17b:6c72:fea6:5dc5",65496,2,186,0,0,2,186,0,0
"192.168.1.62",65496,2,146,0,0,2,146,0,0
"192.168.1.62",60787,2,146,0,0,2,146,0,0
"fe80::f17b:6c72:fea6:5dc5",56266,2,186,0,0,2,186,0,0
"192.168.1.62",56266,2,146,0,0,2,146,0,0
"fe80::f17b:6c72:fea6:5dc5",58442,2,186,0,0,2,186,0,0
"192.168.1.62",58442,2,146,0,0,2,146,0,0
"fe80::f17b:6c72:fea6:5dc5",61433,2,186,0,0,2,186,0,0
"192.168.1.62",61433,2,146,0,0,2,146,0,0
"fe80::f17b:6c72:fea6:5dc5",64901,2,186,0,0,2,186,0,0
"192.168.1.62",64901,2,146,0,0,2,146,0,0
"fe80::f17b:6c72:fea6:5dc5",59969,2,186,0,0,2,186,0,0
"192.168.1.62",59969,2,146,0,0,2,146,0,0
"fe80::f17b:6c72:fea6:5dc5",59533,2,186,0,0,2,186,0,0
"192.168.1.62",59533,2,146,0,0,2,146,0,0
"fe80::f17b:6c72:fea6:5dc5",59685,2,186,0,0,2,186,0,0
"192.168.1.62",59685,2,146,0,0,2,146,0,0
"192.168.1.177",59993,4,868,0,0,4,868,0,0
"192.168.1.62",59687,4,868,0,0,4,868,0,0
"192.168.1.1",37686,6,2354,0,0,6,2354,0,0
"192.168.1.1",34847,2,884,0,0,2,884,0,0
"192.168.1.1",52302,6,2354,0,0,6,2354,0,0
"192.168.1.1",43611,2,884,0,0,2,884,0,0
"2001:14ba:a051:8c00:61b5:31a4:d1f8:cc83",60386,1,107,0,0,1,107,0,0
"192.168.1.177",60386,2,223,0,0,1,87,1,136
"2001:14ba:a051:8c00:61b5:31a4:d1f8:cc83",55442,1,108,0,0,1,108,0,0
"192.168.1.177",55442,2,243,0,0,1,88,1,155
"fe80::f17b:6c72:fea6:5dc5",58317,2,186,0,0,2,186,0,0
"192.168.1.62",58317,2,146,0,0,2,146,0,0
"fe80::f17b:6c72:fea6:5dc5",52677,2,186,0,0,2,186,0,0
"192.168.1.62",52677,2,146,0,0,2,146,0,0
"fe80::f17b:6c72:fea6:5dc5",59160,2,186,0,0,2,186,0,0
"192.168.1.62",59160,2,146,0,0,2,146,0,0
"fe80::f17b:6c72:fea6:5dc5",59029,2,186,0,0,2,186,0,0
"192.168.1.62",59029,2,146,0,0,2,146,0,0
"fe80::f17b:6c72:fea6:5dc5",54980,2,186,0,0,2,186,0,0
"fe80::f17b:6c72:fea6:5dc5",63460,2,186,0,0,2,186,0,0
"192.168.1.62",63460,2,146,0,0,2,146,0,0
"192.168.1.62",54980,2,146,0,0,2,146,0,0
"2001:14ba:a051:8c00:61b5:31a4:d1f8:cc83",60338,1,100,0,0,1,100,0,0
"192.168.1.177",60338,2,207,0,0,1,80,1,127
"2001:14ba:a051:8c00:61b5:31a4:d1f8:cc83",58166,1,108,0,0,1,108,0,0
"192.168.1.177",58166,2,176,0,0,1,88,1,88
"fe80::f17b:6c72:fea6:5dc5",62380,2,186,0,0,2,186,0,0
"192.168.1.62",62380,2,146,0,0,2,146,0,0
"fe80::f17b:6c72:fea6:5dc5",65518,2,186,0,0,2,186,0,0
"192.168.1.62",65518,2,146,0,0,2,146,0,0
"fe80::f17b:6c72:fea6:5dc5",54121,2,186,0,0,2,186,0,0
"192.168.1.62",54121,2,146,0,0,2,146,0,0
"192.168.1.1",38065,6,2354,0,0,6,2354,0,0
"192.168.1.1",45618,2,884,0,0,2,884,0,0
"fe80::f17b:6c72:fea6:5dc5",56577,2,186,0,0,2,186,0,0
"192.168.1.62",56577,2,146,0,0,2,146,0,0
"fe80::f17b:6c72:fea6:5dc5",50254,2,186,0,0,2,186,0,0
"192.168.1.62",50254,2,146,0,0,2,146,0,0
"fe80::f17b:6c72:fea6:5dc5",60163,2,186,0,0,2,186,0,0
"192.168.1.62",60163,2,146,0,0,2,146,0,0
"192.168.1.1",59973,1,92,0,0,1,92,0,0
"fe80::f17b:6c72:fea6:5dc5",59929,2,186,0,0,2,186,0,0
"192.168.1.62",59929,2,146,0,0,2,146,0,0
"fe80::f17b:6c72:fea6:5dc5",64095,2,186,0,0,2,186,0,0
"192.168.1.62",64095,2,146,0,0,2,146,0,0
"192.168.1.1",55407,2,884,0,0,2,884,0,0
"fe80::f17b:6c72:fea6:5dc5",57584,2,186,0,0,2,186,0,0
"192.168.1.62",57584,2,146,0,0,2,146,0,0
"2001:14ba:a051:8c00:61b5:31a4:d1f8:cc83",59361,1,103,0,0,1,103,0,0
"2001:14ba:a051:8c00:61b5:31a4:d1f8:cc83",56719,1,103,0,0,1,103,0,0
"2001:14ba:a051:8c00:61b5:31a4:d1f8:cc83",50485,1,103,0,0,1,103,0,0
"2001:14ba:a051:8c00:61b5:31a4:d1f8:cc83",49809,1,103,0,0,1,103,0,0
"192.168.1.177",56719,2,194,0,0,1,83,1,111
"192.168.1.177",49809,2,194,0,0,1,83,1,111
"192.168.1.177",59361,2,182,0,0,1,83,1,99
"192.168.1.177",50485,2,182,0,0,1,83,1,99
"2001:14ba:a051:8c00:61b5:31a4:d1f8:cc83",61066,1,103,0,0,1,103,0,0
"2001:14ba:a051:8c00:61b5:31a4:d1f8:cc83",59184,1,103,0,0,1,103,0,0
"192.168.1.177",59184,2,182,0,0,1,83,1,99
"192.168.1.177",61066,2,182,0,0,1,83,1,99
"2001:14ba:a051:8c00:61b5:31a4:d1f8:cc83",52428,1,103,0,0,1,103,0,0
"192.168.1.177",52428,2,194,0,0,1,83,1,111
"fe80::f17b:6c72:fea6:5dc5",51054,2,186,0,0,2,186,0,0
"192.168.1.62",51054,2,146,0,0,2,146,0,0
"fe80::f17b:6c72:fea6:5dc5",59443,2,186,0,0,2,186,0,0
"192.168.1.62",59443,2,146,0,0,2,146,0,0
"fe80::f17b:6c72:fea6:5dc5",60741,2,186,0,0,2,186,0,0
"192.168.1.62",60741,2,146,0,0,2,146,0,0
"192.168.1.253",58369,4,868,0,0,4,868,0,0
"2001:14ba:a051:8c00:61b5:31a4:d1f8:cc83",55249,3,287,0,0,3,287,0,0
"2001:14ba:a051:8c00:61b5:31a4:d1f8:cc83",56409,1,89,0,0,1,89,0,0
"192.168.1.177",56409,2,138,0,0,1,69,1,69
"192.168.1.177",55249,4,340,0,0,2,148,2,192
"192.168.1.177",60423,2,154,0,0,1,69,1,85
"192.168.1.177",61293,2,138,0,0,1,69,1,69
"fe80::f17b:6c72:fea6:5dc5",54621,2,186,0,0,2,186,0,0
"192.168.1.62",54621,2,146,0,0,2,146,0,0
"192.168.1.1",38156,6,2354,0,0,6,2354,0,0
"192.168.1.1",48855,2,884,0,0,2,884,0,0
"fe80::f17b:6c72:fea6:5dc5",55092,2,186,0,0,2,186,0,0
"192.168.1.62",55092,2,146,0,0,2,146,0,0
"fe80::f17b:6c72:fea6:5dc5",58723,2,186,0,0,2,186,0,0
"192.168.1.62",58723,2,146,0,0,2,146,0,0
"fe80::f17b:6c72:fea6:5dc5",55998,2,186,0,0,2,186,0,0
"192.168.1.62",55998,2,146,0,0,2,146,0,0
"fe80::f17b:6c72:fea6:5dc5",63027,2,186,0,0,2,186,0,0
"192.168.1.62",63027,2,146,0,0,2,146,0,0
"fe80::f17b:6c72:fea6:5dc5",54422,2,186,0,0,2,186,0,0
"192.168.1.62",54422,2,146,0,0,2,146,0,0
"192.168.1.1",51345,6,2354,0,0,6,2354,0,0
"fe80::f17b:6c72:fea6:5dc5",59469,1,93,0,0,1,93,0,0
"192.168.1.62",59469,1,73,0,0,1,73,0,0
"fe80::f17b:6c72:fea6:5dc5",59540,1,93,0,0,1,93,0,0
"192.168.1.62",59540,1,73,0,0,1,73,0,0
"192.168.1.1",60781,2,884,0,0,2,884,0,0
"fe80::f17b:6c72:fea6:5dc5",59479,2,186,0,0,2,186,0,0
"192.168.1.62",59479,2,146,0,0,2,146,0,0
"192.168.1.177",53066,2,236,0,0,1,85,1,151
"192.168.1.177",57685,2,224,0,0,1,85,1,139
"192.168.1.177",57444,2,298,0,0,1,85,1,213
"fe80::f17b:6c72:fea6:5dc5",65213,2,186,0,0,2,186,0,0
"192.168.1.62",65213,2,146,0,0,2,146,0,0
"fe80::f17b:6c72:fea6:5dc5",52837,2,186,0,0,2,186,0,0
"192.168.1.62",52837,2,146,0,0,2,146,0,0
"fe80::f17b:6c72:fea6:5dc5",52096,2,186,0,0,2,186,0,0
"192.168.1.62",52096,2,146,0,0,2,146,0,0
"fe80::f17b:6c72:fea6:5dc5",62312,2,186,0,0,2,186,0,0
"192.168.1.62",62312,2,146,0,0,2,146,0,0
"fe80::f17b:6c72:fea6:5dc5",56553,2,186,0,0,2,186,0,0
"192.168.1.62",56553,2,146,0,0,2,146,0,0
"fe80::f17b:6c72:fea6:5dc5",52647,2,186,0,0,2,186,0,0
"192.168.1.62",52647,2,146,0,0,2,146,0,0
"192.168.1.1",41371,6,2354,0,0,6,2354,0,0
"192.168.1.1",37811,2,884,0,0,2,884,0,0
"192.168.1.1",55563,1,92,0,0,1,92,0,0
"192.168.1.1",50535,6,2354,0,0,6,2354,0,0
"192.168.1.1",58233,2,884,0,0,2,884,0,0
"fe80::f17b:6c72:fea6:5dc5",49152,2,186,0,0,2,186,0,0
"192.168.1.62",49152,2,146,0,0,2,146,0,0
"fe80::f17b:6c72:fea6:5dc5",53373,2,186,0,0,2,186,0,0
"192.168.1.62",53373,2,146,0,0,2,146,0,0
"fe80::f17b:6c72:fea6:5dc5",63046,2,186,0,0,2,186,0,0
"192.168.1.62",63046,2,146,0,0,2,146,0,0
"192.168.1.177",51856,2,186,0,0,1,76,1,110
"192.168.1.177",63036,2,168,0,0,1,76,1,92
"fe80::f17b:6c72:fea6:5dc5",57883,4,372,0,0,4,372,0,0
"192.168.1.62",57883,4,292,0,0,4,292,0,0
"fe80::f17b:6c72:fea6:5dc5",53193,2,186,0,0,2,186,0,0
"192.168.1.62",53193,2,146,0,0,2,146,0,0
"fe80::f17b:6c72:fea6:5dc5",58612,2,186,0,0,2,186,0,0
"192.168.1.62",58612,2,146,0,0,2,146,0,0
"fe80::f17b:6c72:fea6:5dc5",55325,2,186,0,0,2,186,0,0
"192.168.1.62",55325,2,146,0,0,2,146,0,0
"fe80::f17b:6c72:fea6:5dc5",56820,2,186,0,0,2,186,0,0
"fe80::f17b:6c72:fea6:5dc5",55740,2,186,0,0,2,186,0,0
"192.168.1.62",56820,2,146,0,0,2,146,0,0
"192.168.1.62",55740,2,146,0,0,2,146,0,0
"fe80::f17b:6c72:fea6:5dc5",56424,2,186,0,0,2,186,0,0
"192.168.1.62",56424,2,146,0,0,2,146,0,0
"192.168.1.1",50080,6,2354,0,0,6,2354,0,0
"192.168.1.1",45238,2,884,0,0,2,884,0,0
"192.168.1.1",60427,1,353,0,0,1,353,0,0
"192.168.1.1",40046,1,362,0,0,1,362,0,0
"192.168.1.1",33480,1,417,0,0,1,417,0,0
"192.168.1.1",47105,7,2703,0,0,7,2703,0,0
"192.168.1.1",36589,1,310,0,0,1,310,0,0
"192.168.1.1",51517,1,433,0,0,1,433,0,0
"192.168.1.1",56166,1,369,0,0,1,369,0,0
"192.168.1.1",52028,1,310,0,0,1,310,0,0
"192.168.1.1",39010,1,427,0,0,1,427,0,0
"192.168.1.1",51512,1,415,0,0,1,415,0,0
"192.168.1.1",60475,1,353,0,0,1,353,0,0
"192.168.1.1",51350,1,425,0,0,1,425,0,0
"192.168.1.1",45247,1,417,0,0,1,417,0,0
"192.168.1.1",48524,1,349,0,0,1,349,0,0
"192.168.1.1",43980,1,310,0,0,1,310,0,0
"192.168.1.1",46724,1,433,0,0,1,433,0,0
"192.168.1.1",40893,1,369,0,0,1,369,0,0
"192.168.1.1",49279,1,310,0,0,1,310,0,0
"192.168.1.1",41778,1,427,0,0,1,427,0,0
"192.168.1.1",44279,1,415,0,0,1,415,0,0
"192.168.1.1",51179,1,353,0,0,1,353,0,0
"192.168.1.1",43901,1,425,0,0,1,425,0,0
"192.168.1.1",34531,1,362,0,0,1,362,0,0
"192.168.1.1",49717,1,417,0,0,1,417,0,0
"192.168.1.1",59750,1,349,0,0,1,349,0,0
"192.168.1.1",38825,1,310,0,0,1,310,0,0
"192.168.1.1",54240,1,433,0,0,1,433,0,0
"192.168.1.1",45207,1,369,0,0,1,369,0,0
"192.168.1.1",44748,2,620,0,0,2,620,0,0
"192.168.1.1",45459,1,427,0,0,1,427,0,0
"192.168.1.1",45303,1,415,0,0,1,415,0,0
"fe80::f17b:6c72:fea6:5dc5",52760,2,186,0,0,2,186,0,0
"192.168.1.62",52760,2,146,0,0,2,146,0,0
"fe80::f17b:6c72:fea6:5dc5",61043,2,186,0,0,2,186,0,0
"192.168.1.62",61043,2,146,0,0,2,146,0,0
"fe80::f17b:6c72:fea6:5dc5",54428,2,186,0,0,2,186,0,0
"192.168.1.62",54428,2,146,0,0,2,146,0,0
"fe80::f17b:6c72:fea6:5dc5",65503,2,186,0,0,2,186,0,0
"192.168.1.62",65503,2,146,0,0,2,146,0,0
"192.168.1.177",55948,2,154,0,0,1,69,1,85
"192.168.1.177",59388,2,138,0,0,1,69,1,69
"192.168.1.1",58244,6,2354,0,0,6,2354,0,0
"192.168.1.1",34246,2,884,0,0,2,884,0,0
"fe80::f17b:6c72:fea6:5dc5",50182,2,186,0,0,2,186,0,0
"192.168.1.62",50182,2,146,0,0,2,146,0,0
"fe80::f17b:6c72:fea6:5dc5",63927,2,186,0,0,2,186,0,0
"192.168.1.62",63927,2,146,0,0,2,146,0,0
"fe80::f17b:6c72:fea6:5dc5",59451,2,186,0,0,2,186,0,0
"192.168.1.62",59451,2,146,0,0,2,146,0,0
"fe80::f17b:6c72:fea6:5dc5",57551,2,186,0,0,2,186,0,0
"192.168.1.62",57551,2,146,0,0,2,146,0,0
"fe80::f17b:6c72:fea6:5dc5",59083,2,186,0,0,2,186,0,0
"192.168.1.62",59083,2,146,0,0,2,146,0,0
"192.168.1.177",59389,4,848,0,0,4,848,0,0
"fe80::f17b:6c72:fea6:5dc5",57400,2,186,0,0,2,186,0,0
"192.168.1.62",57400,2,146,0,0,2,146,0,0
"fe80::f17b:6c72:fea6:5dc5",60664,2,186,0,0,2,186,0,0
"192.168.1.62",60664,2,146,0,0,2,146,0,0
"fe80::f17b:6c72:fea6:5dc5",50717,2,186,0,0,2,186,0,0
"192.168.1.62",50717,2,146,0,0,2,146,0,0
"fe80::f17b:6c72:fea6:5dc5",63297,2,186,0,0,2,186,0,0
"192.168.1.62",63297,2,146,0,0,2,146,0,0
"fe80::f17b:6c72:fea6:5dc5",49361,2,186,0,0,2,186,0,0
"192.168.1.62",49361,2,146,0,0,2,146,0,0
"192.168.1.177",57387,2,242,0,0,1,92,1,150
"192.168.1.177",60916,2,200,0,0,1,92,1,108
"192.168.1.177",57388,447,358223,0,0,94,21400,353,336823
"192.168.1.177",61360,2,184,0,0,1,92,1,92
"192.168.1.1",34791,2,884,0,0,2,884,0,0
"fe80::f17b:6c72:fea6:5dc5",52543,2,186,0,0,2,186,0,0
"192.168.1.62",52543,2,146,0,0,2,146,0,0
"fe80::f17b:6c72:fea6:5dc5",60711,2,186,0,0,2,186,0,0
"192.168.1.62",60711,2,146,0,0,2,146,0,0
"fe80::f17b:6c72:fea6:5dc5",60180,2,186,0,0,2,186,0,0
"192.168.1.62",60180,2,146,0,0,2,146,0,0
"192.168.1.1",47164,2,884,0,0,2,884,0,0
"fe80::f17b:6c72:fea6:5dc5",59461,2,186,0,0,2,186,0,0
"192.168.1.62",59461,2,146,0,0,2,146,0,0
"fe80::f17b:6c72:fea6:5dc5",61792,2,186,0,0,2,186,0,0
"192.168.1.62",61792,2,146,0,0,2,146,0,0
"fe80::f17b:6c72:fea6:5dc5",54461,2,186,0,0,2,186,0,0
"192.168.1.62",54461,2,146,0,0,2,146,0,0
"fe80::f17b:6c72:fea6:5dc5",63455,2,186,0,0,2,186,0,0
"192.168.1.62",63455,2,146,0,0,2,146,0,0
"fe80::f17b:6c72:fea6:5dc5",59285,2,186,0,0,2,186,0,0
"192.168.1.62",59285,2,146,0,0,2,146,0,0
"fe80::f17b:6c72:fea6:5dc5",64349,2,186,0,0,2,186,0,0
"192.168.1.62",64349,2,146,0,0,2,146,0,0
"fe80::f17b:6c72:fea6:5dc5",64072,2,186,0,0,2,186,0,0
"192.168.1.62",64072,2,146,0,0,2,146,0,0
"fe80::f17b:6c72:fea6:5dc5",59771,2,186,0,0,2,186,0,0
"192.168.1.62",59771,2,146,0,0,2,146,0,0
"192.168.1.1",54051,1,92,0,0,1,92,0,0
"fe80::f17b:6c72:fea6:5dc5",49367,2,186,0,0,2,186,0,0
"192.168.1.62",49367,2,146,0,0,2,146,0,0
"fe80::f17b:6c72:fea6:5dc5",50811,2,186,0,0,2,186,0,0
"192.168.1.62",50811,2,146,0,0,2,146,0,0
"fe80::f17b:6c72:fea6:5dc5",57342,2,186,0,0,2,186,0,0
"192.168.1.62",57342,2,146,0,0,2,146,0,0
"192.168.1.177",60684,4,868,0,0,4,868,0,0
"192.168.1.62",57344,6,1014,0,0,6,1014,0,0
"fe80::f17b:6c72:fea6:5dc5",64025,2,186,0,0,2,186,0,0
"192.168.1.62",64025,2,146,0,0,2,146,0,0
"192.168.1.1",53279,6,2354,0,0,6,2354,0,0
"192.168.1.1",60021,2,884,0,0,2,884,0,0
"192.168.1.1",53605,6,2354,0,0,6,2354,0,0
"192.168.1.1",46368,2,884,0,0,2,884,0,0
"fe80::f17b:6c72:fea6:5dc5",62712,2,186,0,0,2,186,0,0
"192.168.1.62",62712,2,146,0,0,2,146,0,0
"fe80::f17b:6c72:fea6:5dc5",52749,2,186,0,0,2,186,0,0
"192.168.1.62",52749,2,146,0,0,2,146,0,0
"fe80::f17b:6c72:fea6:5dc5",50996,2,186,0,0,2,186,0,0
"192.168.1.62",50996,2,146,0,0,2,146,0,0
"fe80::f17b:6c72:fea6:5dc5",50359,2,186,0,0,2,186,0,0
"192.168.1.62",50359,2,146,0,0,2,146,0,0
"fe80::f17b:6c72:fea6:5dc5",52552,2,186,0,0,2,186,0,0
"192.168.1.62",52552,2,146,0,0,2,146,0,0
"fe80::f17b:6c72:fea6:5dc5",54813,2,186,0,0,2,186,0,0
"192.168.1.62",54813,2,146,0,0,2,146,0,0
"fe80::f17b:6c72:fea6:5dc5",65415,2,186,0,0,2,186,0,0
"fe80::f17b:6c72:fea6:5dc5",52117,2,186,0,0,2,186,0,0
"192.168.1.62",52117,2,146,0,0,2,146,0,0
"192.168.1.62",65415,2,146,0,0,2,146,0,0
"fe80::f17b:6c72:fea6:5dc5",63592,2,186,0,0,2,186,0,0
"192.168.1.62",63592,2,146,0,0,2,146,0,0
"192.168.1.1",47829,6,2354,0,0,6,2354,0,0
"192.168.1.1",36811,2,884,0,0,2,884,0,0
"fe80::f17b:6c72:fea6:5dc5",62689,2,186,0,0,2,186,0,0
"192.168.1.62",62689,2,146,0,0,2,146,0,0
"fe80::f17b:6c72:fea6:5dc5",59560,2,186,0,0,2,186,0,0
"192.168.1.62",59560,2,146,0,0,2,146,0,0
"fe80::f17b:6c72:fea6:5dc5",58525,2,186,0,0,2,186,0,0
"192.168.1.62",58525,2,146,0,0,2,146,0,0
"fe80::f17b:6c72:fea6:5dc5",52136,2,186,0,0,2,186,0,0
"192.168.1.62",52136,2,146,0,0,2,146,0,0
"192.168.1.1",58934,6,2354,0,0,6,2354,0,0
"fe80::f17b:6c72:fea6:5dc5",61196,2,186,0,0,2,186,0,0
"fe80::f17b:6c72:fea6:5dc5",64427,2,186,0,0,2,186,0,0
"192.168.1.62",61196,2,146,0,0,2,146,0,0
"192.168.1.1",39467,2,884,0,0,2,884,0,0
"fe80::f17b:6c72:fea6:5dc5",54874,2,186,0,0,2,186,0,0
"192.168.1.62",54874,2,146,0,0,2,146,0,0
"fe80::f17b:6c72:fea6:5dc5",49893,2,186,0,0,2,186,0,0
"192.168.1.62",49893,2,146,0,0,2,146,0,0
"fe80::f17b:6c72:fea6:5dc5",57661,2,186,0,0,2,186,0,0
"192.168.1.62",57661,2,146,0,0,2,146,0,0
"fe80::f17b:6c72:fea6:5dc5",50256,2,186,0,0,2,186,0,0
"192.168.1.62",50256,2,146,0,0,2,146,0,0
"192.168.1.103",39165,1,167,0,0,1,167,0,0
"192.168.1.253",52533,4,868,0,0,4,868,0,0
"fe80::f17b:6c72:fea6:5dc5",57139,2,186,0,0,2,186,0,0
"192.168.1.62",57139,2,146,0,0,2,146,0,0
"fe80::f17b:6c72:fea6:5dc5",64297,2,186,0,0,2,186,0,0
"192.168.1.62",64297,2,146,0,0,2,146,0,0
"2001:14ba:a051:8c00:61b5:31a4:d1f8:cc83",54968,2,246,0,0,2,246,0,0
"192.168.1.177",54968,2,222,0,0,1,103,1,119
"192.168.1.1",45334,6,2354,0,0,6,2354,0,0
"192.168.1.1",40409,2,884,0,0,2,884,0,0
"fe80::f17b:6c72:fea6:5dc5",49777,2,186,0,0,2,186,0,0
"192.168.1.62",49777,2,146,0,0,2,146,0,0
"fe80::f17b:6c72:fea6:5dc5",56743,2,186,0,0,2,186,0,0
"192.168.1.62",56743,2,146,0,0,2,146,0,0
"fe80::f17b:6c72:fea6:5dc5",57577,2,186,0,0,2,186,0,0
"192.168.1.62",57577,2,146,0,0,2,146,0,0
"192.168.1.1",39758,1,92,0,0,1,92,0,0
"fe80::f17b:6c72:fea6:5dc5",65128,2,186,0,0,2,186,0,0
"192.168.1.62",65128,2,146,0,0,2,146,0,0
"fe80::f17b:6c72:fea6:5dc5",54239,2,186,0,0,2,186,0,0
"192.168.1.62",54239,2,146,0,0,2,146,0,0
"192.168.1.1",53302,6,2354,0,0,6,2354,0,0
"fe80::f17b:6c72:fea6:5dc5",64629,2,186,0,0,2,186,0,0
"192.168.1.62",64629,2,146,0,0,2,146,0,0
"192.168.1.1",58416,2,884,0,0,2,884,0,0
"fe80::f17b:6c72:fea6:5dc5",52305,2,186,0,0,2,186,0,0
"192.168.1.62",52305,2,146,0,0,2,146,0,0
"fe80::f17b:6c72:fea6:5dc5",61441,2,186,0,0,2,186,0,0
"192.168.1.62",61441,2,146,0,0,2,146,0,0
"fe80::f17b:6c72:fea6:5dc5",63337,2,186,0,0,2,186,0,0
"192.168.1.62",63337,2,146,0,0,2,146,0,0
"fe80::f17b:6c72:fea6:5dc5",54050,2,186,0,0,2,186,0,0
"192.168.1.62",54050,2,146,0,0,2,146,0,0
"fe80::f17b:6c72:fea6:5dc5",49950,2,186,0,0,2,186,0,0
"192.168.1.62",49950,2,146,0,0,2,146,0,0
"fe80::f17b:6c72:fea6:5dc5",54283,2,186,0,0,2,186,0,0
"192.168.1.62",54283,2,146,0,0,2,146,0,0
"fe80::f17b:6c72:fea6:5dc5",61072,2,186,0,0,2,186,0,0
"192.168.1.62",61072,2,146,0,0,2,146,0,0
"fe80::f17b:6c72:fea6:5dc5",60524,2,186,0,0,2,186,0,0
"192.168.1.62",60524,2,146,0,0,2,146,0,0
"2001:14ba:a051:8c00:61b5:31a4:d1f8:cc83",54697,1,89,0,0,1,89,0,0
"2001:14ba:a051:8c00:61b5:31a4:d1f8:cc83",60044,2,197,0,0,2,197,0,0
"192.168.1.177",54697,2,154,0,0,1,69,1,85
"192.168.1.177",60044,4,354,0,0,2,157,2,197
"fe80::f17b:6c72:fea6:5dc5",50456,2,186,0,0,2,186,0,0
"192.168.1.62",50456,2,146,0,0,2,146,0,0
"192.168.1.1",33352,6,2354,0,0,6,2354,0,0
"192.168.1.1",33925,2,884,0,0,2,884,0,0
"192.168.1.1",48938,6,2354,0,0,6,2354,0,0
"192.168.1.1",42140,2,884,0,0,2,884,0,0
"fe80::f17b:6c72:fea6:5dc5",58251,2,186,0,0,2,186,0,0
"192.168.1.62",58251,2,146,0,0,2,146,0,0
"fe80::f17b:6c72:fea6:5dc5",51032,2,186,0,0,2,186,0,0
"192.168.1.62",51032,2,146,0,0,2,146,0,0
"fe80::f17b:6c72:fea6:5dc5",64648,2,186,0,0,2,186,0,0
"192.168.1.62",64648,2,146,0,0,2,146,0,0
"fe80::f17b:6c72:fea6:5dc5",59495,2,186,0,0,2,186,0,0
"192.168.1.62",59495,2,146,0,0,2,146,0,0
"fe80::f17b:6c72:fea6:5dc5",53130,2,186,0,0,2,186,0,0
"192.168.1.62",53130,2,146,0,0,2,146,0,0
"192.168.1.1",51349,6,2354,0,0,6,2354,0,0
"192.168.1.1",41231,2,884,0,0,2,884,0,0
"fe80::f17b:6c72:fea6:5dc5",50231,2,186,0,0,2,186,0,0
"192.168.1.62",50231,2,146,0,0,2,146,0,0
"fe80::f17b:6c72:fea6:5dc5",61239,2,186,0,0,2,186,0,0
"192.168.1.62",61239,2,146,0,0,2,146,0,0
"fe80::f17b:6c72:fea6:5dc5",54114,2,186,0,0,2,186,0,0
"192.168.1.62",54114,2,146,0,0,2,146,0,0
"fe80::f17b:6c72:fea6:5dc5",50216,2,186,0,0,2,186,0,0
"192.168.1.62",50216,2,146,0,0,2,146,0,0
"192.168.1.1",58329,6,2354,0,0,6,2354,0,0
"192.168.1.1",56452,2,884,0,0,2,884,0,0
"fe80::f17b:6c72:fea6:5dc5",58524,2,186,0,0,2,186,0,0
"192.168.1.62",58524,2,146,0,0,2,146,0,0
"fe80::f17b:6c72:fea6:5dc5",64377,2,186,0,0,2,186,0,0
"192.168.1.62",64377,2,146,0,0,2,146,0,0
"fe80::f17b:6c72:fea6:5dc5",49968,2,186,0,0,2,186,0,0
"192.168.1.62",49968,2,146,0,0,2,146,0,0
"fe80::f17b:6c72:fea6:5dc5",51915,2,186,0,0,2,186,0,0
"192.168.1.62",51915,2,146,0,0,2,146,0,0
"fe80::f17b:6c72:fea6:5dc5",49407,2,186,0,0,2,186,0,0
"192.168.1.62",49407,2,146,0,0,2,146,0,0
"192.168.1.177",60045,4,848,0,0,4,848,0,0
"192.168.1.1",49037,1,92,0,0,1,92,0,0
"fe80::f17b:6c72:fea6:5dc5",49788,2,186,0,0,2,186,0,0
"192.168.1.62",49788,2,146,0,0,2,146,0,0
"fe80::f17b:6c72:fea6:5dc5",60527,2,186,0,0,2,186,0,0
"192.168.1.62",60527,2,146,0,0,2,146,0,0
"fe80::f17b:6c72:fea6:5dc5",54026,2,186,0,0,2,186,0,0
"192.168.1.62",54026,2,146,0,0,2,146,0,0
"192.168.1.1",42876,6,2354,0,0,6,2354,0,0
"192.168.1.1",54335,2,884,0,0,2,884,0,0
"fe80::f17b:6c72:fea6:5dc5",64501,2,186,0,0,2,186,0,0
"192.168.1.62",64501,2,146,0,0,2,146,0,0
"192.168.1.62",63863,2,146,0,0,2,146,0,0
"fe80::f17b:6c72:fea6:5dc5",63863,1,93,0,0,1,93,0,0
"fe80::f17b:6c72:fea6:5dc5",55623,2,186,0,0,2,186,0,0
"192.168.1.62",55623,2,146,0,0,2,146,0,0
"fe80::f17b:6c72:fea6:5dc5",51408,2,186,0,0,2,186,0,0
"192.168.1.62",51408,2,146,0,0,2,146,0,0
"192.168.1.1",37148,6,2354,0,0,6,2354,0,0
"fe80::f17b:6c72:fea6:5dc5",56296,2,186,0,0,2,186,0,0
"192.168.1.62",56296,2,146,0,0,2,146,0,0
"fe80::f17b:6c72:fea6:5dc5",59603,2,186,0,0,2,186,0,0
"192.168.1.62",59603,2,146,0,0,2,146,0,0
"fe80::f17b:6c72:fea6:5dc5",52249,2,186,0,0,2,186,0,0
"192.168.1.62",52249,2,146,0,0,2,146,0,0
"fe80::f17b:6c72:fea6:5dc5",51192,2,186,0,0,2,186,0,0
"fe80::f17b:6c72:fea6:5dc5",62344,2,186,0,0,2,186,0,0
"192.168.1.62",62344,2,146,0,0,2,146,0,0
"192.168.1.62",51192,1,73,0,0,1,73,0,0
"fe80::f17b:6c72:fea6:5dc5",51207,1,93,0,0,1,93,0,0
"192.168.1.62",51207,1,73,0,0,1,73,0,0
"fe80::f17b:6c72:fea6:5dc5",59246,1,93,0,0,1,93,0,0
"192.168.1.62",59246,1,73,0,0,1,73,0,0
"fe80::f17b:6c72:fea6:5dc5",65259,2,186,0,0,2,186,0,0
"192.168.1.62",65259,2,146,0,0,2,146,0,0
"fe80::f17b:6c72:fea6:5dc5",55049,2,186,0,0,2,186,0,0
"192.168.1.62",55049,2,146,0,0,2,146,0,0
"fe80::f17b:6c72:fea6:5dc5",51515,2,186,0,0,2,186,0,0
"192.168.1.62",51515,2,146,0,0,2,146,0,0
"fe80::f17b:6c72:fea6:5dc5",55332,4,372,0,0,4,372,0,0
"192.168.1.62",55332,4,292,0,0,4,292,0,0
"fe80::f17b:6c72:fea6:5dc5",59040,2,186,0,0,2,186,0,0
"192.168.1.62",59040,2,146,0,0,2,146,0,0
"fe80::f17b:6c72:fea6:5dc5",50649,2,186,0,0,2,186,0,0
"192.168.1.62",50649,2,146,0,0,2,146,0,0
"fe80::f17b:6c72:fea6:5dc5",58341,2,186,0,0,2,186,0,0
"192.168.1.62",58341,2,146,0,0,2,146,0,0
"fe80::f17b:6c72:fea6:5dc5",62258,2,186,0,0,2,186,0,0
"192.168.1.62",62258,2,146,0,0,2,146,0,0
"192.168.1.177",54975,4,868,0,0,4,868,0,0
"192.168.1.62",62260,4,868,0,0,4,868,0,0
"192.168.1.1",40900,6,2354,0,0,6,2354,0,0
"192.168.1.1",37178,2,884,0,0,2,884,0,0
"192.168.1.1",58435,6,2354,0,0,6,2354,0,0
"192.168.1.1",60018,2,884,0,0,2,884,0,0
"fe80::f17b:6c72:fea6:5dc5",63932,2,186,0,0,2,186,0,0
"fe80::f17b:6c72:fea6:5dc5",56713,2,186,0,0,2,186,0,0
"192.168.1.62",56713,2,146,0,0,2,146,0,0
"fe80::f17b:6c72:fea6:5dc5",51899,2,186,0,0,2,186,0,0
"192.168.1.62",51899,2,146,0,0,2,146,0,0
"fe80::f17b:6c72:fea6:5dc5",52792,2,186,0,0,2,186,0,0
"192.168.1.62",52792,2,146,0,0,2,146,0,0
"fe80::f17b:6c72:fea6:5dc5",55890,2,186,0,0,2,186,0,0
"192.168.1.62",55890,2,146,0,0,2,146,0,0
"fe80::f17b:6c72:fea6:5dc5",61359,2,186,0,0,2,186,0,0
"192.168.1.62",61359,2,146,0,0,2,146,0,0
"fe80::f17b:6c72:fea6:5dc5",53887,2,186,0,0,2,186,0,0
"192.168.1.62",53887,2,146,0,0,2,146,0,0
"fe80::f17b:6c72:fea6:5dc5",65525,2,186,0,0,2,186,0,0
"192.168.1.62",65525,2,146,0,0,2,146,0,0
"fe80::f17b:6c72:fea6:5dc5",51134,2,186,0,0,2,186,0,0
"192.168.1.62",51134,2,146,0,0,2,146,0,0
"fe80::f17b:6c72:fea6:5dc5",59677,2,186,0,0,2,186,0,0
"192.168.1.62",59677,2,146,0,0,2,146,0,0
"fe80::f17b:6c72:fea6:5dc5",57222,2,186,0,0,2,186,0,0
"192.168.1.62",57222,2,146,0,0,2,146,0,0
"192.168.1.1",44367,6,2354,0,0,6,2354,0,0
"192.168.1.1",46119,2,884,0,0,2,884,0,0
"fe80::f17b:6c72:fea6:5dc5",52470,2,186,0,0,2,186,0,0
"192.168.1.62",52470,2,146,0,0,2,146,0,0
"fe80::f17b:6c72:fea6:5dc5",65325,2,186,0,0,2,186,0,0
"192.168.1.62",65325,2,146,0,0,2,146,0,0
"fe80::f17b:6c72:fea6:5dc5",56724,2,186,0,0,2,186,0,0
"192.168.1.62",56724,2,146,0,0,2,146,0,0
"192.168.1.1",37401,1,92,0,0,1,92,0,0
"fe80::f17b:6c72:fea6:5dc5",52009,2,186,0,0,2,186,0,0
"192.168.1.62",52009,2,146,0,0,2,146,0,0
"fe80::f17b:6c72:fea6:5dc5",58475,2,186,0,0,2,186,0,0
"192.168.1.62",58475,2,146,0,0,2,146,0,0
"fe80::f17b:6c72:fea6:5dc5",62017,2,186,0,0,2,186,0,0
"192.168.1.62",62017,2,146,0,0,2,146,0,0
"192.168.1.1",33369,6,2354,0,0,6,2354,0,0
"192.168.1.1",39207,3,976,0,0,3,976,0,0
"fe80::f17b:6c72:fea6:5dc5",54862,2,186,0,0,2,186,0,0
"192.168.1.62",54862,2,146,0,0,2,146,0,0
"fe80::f17b:6c72:fea6:5dc5",62303,2,186,0,0,2,186,0,0
"192.168.1.62",62303,2,146,0,0,2,146,0,0
"fe80::f17b:6c72:fea6:5dc5",55330,2,186,0,0,2,186,0,0
"fe80::f17b:6c72:fea6:5dc5",57045,2,186,0,0,2,186,0,0
"192.168.1.62",57045,2,146,0,0,2,146,0,0
"fe80::f17b:6c72:fea6:5dc5",58437,2,186,0,0,2,186,0,0
"192.168.1.62",58437,2,146,0,0,2,146,0,0
"fe80::f17b:6c72:fea6:5dc5",51387,2,186,0,0,2,186,0,0
"192.168.1.62",51387,2,146,0,0,2,146,0,0
"fe80::f17b:6c72:fea6:5dc5",56982,2,186,0,0,2,186,0,0
"192.168.1.62",56982,2,146,0,0,2,146,0,0
"fe80::f17b:6c72:fea6:5dc5",58439,2,186,0,0,2,186,0,0
"192.168.1.62",58439,2,146,0,0,2,146,0,0
"fe80::f17b:6c72:fea6:5dc5",62881,2,186,0,0,2,186,0,0
"192.168.1.62",62881,2,146,0,0,2,146,0,0
"192.168.1.253",58868,4,868,0,0,4,868,0,0
"fe80::f17b:6c72:fea6:5dc5",56695,2,186,0,0,2,186,0,0
"192.168.1.62",56695,2,146,0,0,2,146,0,0
"fe80::f17b:6c72:fea6:5dc5",50849,2,186,0,0,2,186,0,0
"192.168.1.62",50849,2,146,0,0,2,146,0,0
"2001:14ba:a051:8c00:61b5:31a4:d1f8:cc83",59179,2,192,0,0,2,192,0,0
"192.168.1.1",51457,6,2354,0,0,6,2354,0,0
"192.168.1.1",36505,2,884,0,0,2,884,0,0
"192.168.1.177",59179,2,168,0,0,1,76,1,92
"fe80::f17b:6c72:fea6:5dc5",59413,2,186,0,0,2,186,0,0
"192.168.1.62",59413,2,146,0,0,2,146,0,0
"fe80::f17b:6c72:fea6:5dc5",56223,2,186,0,0,2,186,0,0
"192.168.1.62",56223,2,146,0,0,2,146,0,0
"fe80::f17b:6c72:fea6:5dc5",49683,2,186,0,0,2,186,0,0
"192.168.1.62",49683,2,146,0,0,2,146,0,0
"fe80::f17b:6c72:fea6:5dc5",52514,2,186,0,0,2,186,0,0
"192.168.1.62",52514,2,146,0,0,2,146,0,0
"fe80::f17b:6c72:fea6:5dc5",61341,1,93,0,0,1,93,0,0
"192.168.1.62",61341,1,73,0,0,1,73,0,0
"fe80::f17b:6c72:fea6:5dc5",62753,1,93,0,0,1,93,0,0
"192.168.1.62",62753,1,73,0,0,1,73,0,0
"2001:14ba:a051:8c00:61b5:31a4:d1f8:cc83",60211,1,112,0,0,1,112,0,0
"2001:14ba:a051:8c00:61b5:31a4:d1f8:cc83",53157,1,112,0,0,1,112,0,0
"192.168.1.177",53157,2,242,0,0,1,92,1,150
"192.168.1.177",60211,2,200,0,0,1,92,1,108
"2001:14ba:a051:8c00:61b5:31a4:d1f8:cc83",61250,1,112,0,0,1,112,0,0
"192.168.1.177",53158,156,118174,0,0,34,8238,122,109936
"192.168.1.177",61250,2,200,0,0,1,92,1,108
"2001:14ba:a051:8c00:61b5:31a4:d1f8:cc83",65525,1,112,0,0,1,112,0,0
"192.168.1.177",65525,2,184,0,0,1,92,1,92
"fe80::f17b:6c72:fea6:5dc5",61313,2,186,0,0,2,186,0,0
"192.168.1.62",61313,2,146,0,0,2,146,0,0
"fe80::f17b:6c72:fea6:5dc5",58825,2,186,0,0,2,186,0,0
"192.168.1.62",58825,2,146,0,0,2,146,0,0
"192.168.1.1",52434,6,2354,0,0,6,2354,0,0
"192.168.1.1",47803,2,884,0,0,2,884,0,0
"fe80::f17b:6c72:fea6:5dc5",58434,2,186,0,0,2,186,0,0
"192.168.1.62",58434,2,146,0,0,2,146,0,0
"fe80::f17b:6c72:fea6:5dc5",64251,2,186,0,0,2,186,0,0
"192.168.1.62",64251,2,146,0,0,2,146,0,0
"fe80::f17b:6c72:fea6:5dc5",56568,2,186,0,0,2,186,0,0
"192.168.1.62",56568,2,146,0,0,2,146,0,0
"fe80::f17b:6c72:fea6:5dc5",58940,2,186,0,0,2,186,0,0
"192.168.1.62",58940,2,146,0,0,2,146,0,0
"fe80::f17b:6c72:fea6:5dc5",51699,2,186,0,0,2,186,0,0
"192.168.1.62",51699,2,146,0,0,2,146,0,0
"fe80::f17b:6c72:fea6:5dc5",53985,2,186,0,0,2,186,0,0
"192.168.1.62",53985,2,146,0,0,2,146,0,0
"fe80::f17b:6c72:fea6:5dc5",65261,2,186,0,0,2,186,0,0
"192.168.1.62",65261,2,146,0,0,2,146,0,0
"fe80::f17b:6c72:fea6:5dc5",54722,2,186,0,0,2,186,0,0
"192.168.1.62",54722,2,146,0,0,2,146,0,0
"fe80::f17b:6c72:fea6:5dc5",55925,2,186,0,0,2,186,0,0
"192.168.1.62",55925,2,146,0,0,2,146,0,0
"192.168.1.1",57838,6,2354,0,0,6,2354,0,0
"192.168.1.1",36081,2,884,0,0,2,884,0,0
"192.168.1.1",40404,6,2354,0,0,6,2354,0,0
"192.168.1.1",42282,2,884,0,0,2,884,0,0
"192.168.1.1",46946,1,92,0,0,1,92,0,0
"fe80::f17b:6c72:fea6:5dc5",52928,2,186,0,0,2,186,0,0
"192.168.1.62",52928,2,146,0,0,2,146,0,0
"fe80::f17b:6c72:fea6:5dc5",63871,2,186,0,0,2,186,0,0
"192.168.1.62",63871,2,146,0,0,2,146,0,0
"fe80::f17b:6c72:fea6:5dc5",56099,2,186,0,0,2,186,0,0
"192.168.1.62",56099,2,146,0,0,2,146,0,0
"fe80::f17b:6c72:fea6:5dc5",58778,2,186,0,0,2,186,0,0
"192.168.1.62",58778,2,146,0,0,2,146,0,0
"fe80::f17b:6c72:fea6:5dc5",53214,2,186,0,0,2,186,0,0
"192.168.1.62",53214,2,146,0,0,2,146,0,0
"fe80::f17b:6c72:fea6:5dc5",56976,2,186,0,0,2,186,0,0
"192.168.1.62",56976,2,146,0,0,2,146,0,0
"fe80::f17b:6c72:fea6:5dc5",62763,2,186,0,0,2,186,0,0
"192.168.1.62",62763,2,146,0,0,2,146,0,0
"192.168.1.62",63853,2,146,0,0,2,146,0,0
"fe80::f17b:6c72:fea6:5dc5",54646,2,186,0,0,2,186,0,0
"192.168.1.62",54646,2,146,0,0,2,146,0,0
"fe80::f17b:6c72:fea6:5dc5",63853,1,93,0,0,1,93,0,0
"192.168.1.1",33841,2,884,0,0,2,884,0,0
"2001:14ba:a051:8c00:61b5:31a4:d1f8:cc83",60443,2,200,0,0,2,200,0,0
"fe80::f17b:6c72:fea6:5dc5",53904,2,186,0,0,2,186,0,0
"192.168.1.62",53904,2,146,0,0,2,146,0,0
"fe80::f17b:6c72:fea6:5dc5",51302,2,186,0,0,2,186,0,0
"192.168.1.62",51302,2,146,0,0,2,146,0,0
"fe80::f17b:6c72:fea6:5dc5",58170,2,186,0,0,2,186,0,0
"192.168.1.62",58170,2,146,0,0,2,146,0,0
"192.168.1.177",60443,2,263,0,0,1,80,1,183
"fe80::f17b:6c72:fea6:5dc5",60686,2,186,0,0,2,186,0,0
"192.168.1.62",60686,2,146,0,0,2,146,0,0
"fe80::f17b:6c72:fea6:5dc5",55731,2,186,0,0,2,186,0,0
"fe80::f17b:6c72:fea6:5dc5",65182,2,186,0,0,2,186,0,0
"192.168.1.62",65182,2,146,0,0,2,146,0,0
"192.168.1.62",55731,2,146,0,0,2,146,0,0
"fe80::f17b:6c72:fea6:5dc5",60269,2,186,0,0,2,186,0,0
"192.168.1.62",60269,2,146,0,0,2,146,0,0
"192.168.1.1",57886,6,2354,0,0,6,2354,0,0
"192.168.1.1",39543,2,884,0,0,2,884,0,0
"fe80::f17b:6c72:fea6:5dc5",63664,2,186,0,0,2,186,0,0
"192.168.1.62",63664,2,146,0,0,2,146,0,0
"fe80::f17b:6c72:fea6:5dc5",65023,2,186,0,0,2,186,0,0
"192.168.1.62",65023,2,146,0,0,2,146,0,0
"fe80::f17b:6c72:fea6:5dc5",59923,2,186,0,0,2,186,0,0
"192.168.1.62",59923,2,146,0,0,2,146,0,0
"fe80::f17b:6c72:fea6:5dc5",61806,2,186,0,0,2,186,0,0
"192.168.1.62",61806,2,146,0,0,2,146,0,0
"2001:14ba:a051:8c00:61b5:31a4:d1f8:cc83",57597,2,206,0,0,2,206,0,0
"2001:14ba:a051:8c00:61b5:31a4:d1f8:cc83",64048,2,206,0,0,2,206,0,0
"192.168.1.177",64049,4,848,0,0,4,848,0,0
"192.168.1.177",57597,2,182,0,0,1,83,1,99
"192.168.1.177",64048,2,194,0,0,1,83,1,111
"2001:14ba:a051:8c00:61b5:31a4:d1f8:cc83",63565,1,103,0,0,1,103,0,0
"192.168.1.177",63565,2,182,0,0,1,83,1,99
"2001:14ba:a051:8c00:61b5:31a4:d1f8:cc83",52937,1,103,0,0,1,103,0,0
"192.168.1.177",52937,2,194,0,0,1,83,1,111
"fe80::f17b:6c72:fea6:5dc5",63350,2,186,0,0,2,186,0,0
"192.168.1.62",63350,2,146,0,0,2,146,0,0
"fe80::f17b:6c72:fea6:5dc5",50693,2,186,0,0,2,186,0,0
"192.168.1.62",50693,2,146,0,0,2,146,0,0
"fe80::f17b:6c72:fea6:5dc5",56798,2,186,0,0,2,186,0,0
"192.168.1.62",56798,2,146,0,0,2,146,0,0
"fe80::f17b:6c72:fea6:5dc5",57949,2,186,0,0,2,186,0,0
"192.168.1.62",57949,2,146,0,0,2,146,0,0
"fe80::f17b:6c72:fea6:5dc5",52988,2,186,0,0,2,186,0,0
"192.168.1.62",52988,2,146,0,0,2,146,0,0
"192.168.1.1",40098,6,2354,0,0,6,2354,0,0
"192.168.1.1",52836,2,884,0,0,2,884,0,0
"192.168.1.103",46930,1,167,0,0,1,167,0,0
"fe80::f17b:6c72:fea6:5dc5",62600,2,186,0,0,2,186,0,0
"192.168.1.62",62600,2,146,0,0,2,146,0,0
"fe80::f17b:6c72:fea6:5dc5",56466,2,186,0,0,2,186,0,0
"192.168.1.62",56466,2,146,0,0,2,146,0,0
"fe80::f17b:6c72:fea6:5dc5",63388,2,186,0,0,2,186,0,0
"192.168.1.62",63388,2,146,0,0,2,146,0,0
"192.168.1.1",46633,6,2354,0,0,6,2354,0,0
"192.168.1.1",56044,2,884,0,0,2,884,0,0
"fe80::f17b:6c72:fea6:5dc5",62544,2,186,0,0,2,186,0,0
"192.168.1.62",62544,2,146,0,0,2,146,0,0
"fe80::f17b:6c72:fea6:5dc5",51106,2,186,0,0,2,186,0,0
"192.168.1.62",51106,2,146,0,0,2,146,0,0
"192.168.1.1",58425,1,92,0,0,1,92,0,0
"fe80::f17b:6c72:fea6:5dc5",54301,2,186,0,0,2,186,0,0
"fe80::f17b:6c72:fea6:5dc5",50336,2,186,0,0,2,186,0,0
"192.168.1.62",54301,2,146,0,0,2,146,0,0
"192.168.1.62",50336,2,146,0,0,2,146,0,0
"fe80::f17b:6c72:fea6:5dc5",51525,2,186,0,0,2,186,0,0
"192.168.1.62",51525,2,146,0,0,2,146,0,0
"fe80::f17b:6c72:fea6:5dc5",62270,2,186,0,0,2,186,0,0
"192.168.1.62",62270,2,146,0,0,2,146,0,0
"fe80::f17b:6c72:fea6:5dc5",60670,2,186,0,0,2,186,0,0
"192.168.1.62",60670,2,146,0,0,2,146,0,0
"fe80::f17b:6c72:fea6:5dc5",60822,2,186,0,0,2,186,0,0
"192.168.1.62",60822,2,146,0,0,2,146,0,0
"2001:14ba:a051:8c00:61b5:31a4:d1f8:cc83",62732,2,194,0,0,2,194,0,0
"192.168.1.177",62732,2,193,0,0,1,77,1,116
"2001:14ba:a051:8c00:61b5:31a4:d1f8:cc83",60391,1,99,0,0,1,99,0,0
"192.168.1.177",60391,2,174,0,0,1,79,1,95
"fe80::f17b:6c72:fea6:5dc5",50033,2,186,0,0,2,186,0,0
"192.168.1.62",50033,2,146,0,0,2,146,0,0
"fe80::f17b:6c72:fea6:5dc5",59725,2,186,0,0,2,186,0,0
"192.168.1.62",59725,2,146,0,0,2,146,0,0
"192.168.1.177",60392,4,868,0,0,4,868,0,0
"192.168.1.62",59727,4,868,0,0,4,868,0,0
"fe80::f17b:6c72:fea6:5dc5",51792,2,186,0,0,2,186,0,0
"192.168.1.62",51792,2,146,0,0,2,146,0,0
"2001:14ba:a051:8c00:61b5:31a4:d1f8:cc83",52263,1,94,0,0,1,94,0,0
"192.168.1.177",52263,2,212,0,0,1,74,1,138
"192.168.1.1",36053,6,2354,0,0,6,2354,0,0
"192.168.1.1",58170,2,884,0,0,2,884,0,0
"192.168.1.1",46806,6,2354,0,0,6,2354,0,0
"192.168.1.1",41965,2,884,0,0,2,884,0,0
"fe80::f17b:6c72:fea6:5dc5",58220,2,186,0,0,2,186,0,0
"192.168.1.62",58220,2,146,0,0,2,146,0,0
"fe80::f17b:6c72:fea6:5dc5",56562,2,186,0,0,2,186,0,0
"192.168.1.62",56562,2,146,0,0,2,146,0,0
"fe80::f17b:6c72:fea6:5dc5",52151,2,186,0,0,2,186,0,0
"192.168.1.62",52151,2,146,0,0,2,146,0,0
"fe80::f17b:6c72:fea6:5dc5",62444,2,186,0,0,2,186,0,0
"192.168.1.62",62444,2,146,0,0,2,146,0,0
"fe80::3c64:85d8:f884:544c",52265,14,10052,0,0,14,10052,0,0
"192.168.1.177",52264,14,9772,0,0,14,9772,0,0
"fe80::f17b:6c72:fea6:5dc5",63838,2,186,0,0,2,186,0,0
"192.168.1.62",63838,2,146,0,0,2,146,0,0
"fe80::f17b:6c72:fea6:5dc5",54182,2,186,0,0,2,186,0,0
"192.168.1.62",54182,2,146,0,0,2,146,0,0
"fe80::f17b:6c72:fea6:5dc5",58613,4,372,0,0,4,372,0,0
"192.168.1.62",58613,4,292,0,0,4,292,0,0
"fe80::f17b:6c72:fea6:5dc5",57591,2,186,0,0,2,186,0,0
"192.168.1.62",57591,2,146,0,0,2,146,0,0
"192.168.1.1",55965,6,2354,0,0,6,2354,0,0
"192.168.1.1",49303,2,884,0,0,2,884,0,0
"fe80::f17b:6c72:fea6:5dc5",61154,2,186,0,0,2,186,0,0
"192.168.1.62",61154,2,146,0,0,2,146,0,0
"fe80::f17b:6c72:fea6:5dc5",56941,2,186,0,0,2,186,0,0
"192.168.1.62",56941,2,146,0,0,2,146,0,0
"fe80::f17b:6c72:fea6:5dc5",53705,2,186,0,0,2,186,0,0
"192.168.1.62",53705,2,146,0,0,2,146,0,0
"fe80::f17b:6c72:fea6:5dc5",65164,2,186,0,0,2,186,0,0
"192.168.1.62",65164,2,146,0,0,2,146,0,0
"fe80::f17b:6c72:fea6:5dc5",52771,2,186,0,0,2,186,0,0
"192.168.1.62",52771,2,146,0,0,2,146,0,0
"192.168.1.1",49876,6,2354,0,0,6,2354,0,0
"192.168.1.1",58805,2,884,0,0,2,884,0,0
"fe80::f17b:6c72:fea6:5dc5",56241,2,186,0,0,2,186,0,0
"192.168.1.62",56241,2,146,0,0,2,146,0,0
"fe80::f17b:6c72:fea6:5dc5",63613,2,186,0,0,2,186,0,0
"fe80::f17b:6c72:fea6:5dc5",55356,2,186,0,0,2,186,0,0
"192.168.1.62",55356,2,146,0,0,2,146,0,0
"192.168.1.62",63613,2,146,0,0,2,146,0,0
"fe80::f17b:6c72:fea6:5dc5",56953,2,186,0,0,2,186,0,0
"192.168.1.62",56953,2,146,0,0,2,146,0,0
"fe80::f17b:6c72:fea6:5dc5",53238,2,186,0,0,2,186,0,0
"192.168.1.62",53238,2,146,0,0,2,146,0,0
"fe80::f17b:6c72:fea6:5dc5",58837,2,186,0,0,2,186,0,0
"192.168.1.62",58837,2,146,0,0,2,146,0,0
"fe80::f17b:6c72:fea6:5dc5",50756,2,186,0,0,2,186,0,0
"192.168.1.62",50756,2,146,0,0,2,146,0,0
"fe80::f17b:6c72:fea6:5dc5",57150,2,186,0,0,2,186,0,0
"192.168.1.62",57150,2,146,0,0,2,146,0,0
"fe80::f17b:6c72:fea6:5dc5",57344,2,186,0,0,2,186,0,0
"192.168.1.253",51922,4,868,0,0,4,868,0,0
"192.168.1.1",38295,6,2354,0,0,6,2354,0,0
"fe80::f17b:6c72:fea6:5dc5",56081,2,186,0,0,2,186,0,0
"192.168.1.62",56081,2,146,0,0,2,146,0,0
"192.168.1.1",47397,2,884,0,0,2,884,0,0
"fe80::f17b:6c72:fea6:5dc5",57613,2,186,0,0,2,186,0,0
"192.168.1.62",57613,2,146,0,0,2,146,0,0
"fe80::f17b:6c72:fea6:5dc5",56258,2,186,0,0,2,186,0,0
"192.168.1.62",56258,2,146,0,0,2,146,0,0
"192.168.1.1",36838,1,92,0,0,1,92,0,0
"fe80::f17b:6c72:fea6:5dc5",58972,2,186,0,0,2,186,0,0
"192.168.1.62",58972,2,146,0,0,2,146,0,0
"fe80::f17b:6c72:fea6:5dc5",64921,2,186,0,0,2,186,0,0
"192.168.1.62",64921,2,146,0,0,2,146,0,0
"192.168.1.1",50345,6,2354,0,0,6,2354,0,0
"192.168.1.1",59457,2,884,0,0,2,884,0,0
"fe80::f17b:6c72:fea6:5dc5",50382,2,186,0,0,2,186,0,0
"192.168.1.62",50382,2,146,0,0,2,146,0,0
"fe80::f17b:6c72:fea6:5dc5",63949,2,186,0,0,2,186,0,0
"192.168.1.62",63949,2,146,0,0,2,146,0,0
"fe80::f17b:6c72:fea6:5dc5",59374,2,186,0,0,2,186,0,0
"192.168.1.62",59374,2,146,0,0,2,146,0,0
"fe80::f17b:6c72:fea6:5dc5",57710,2,186,0,0,2,186,0,0
"192.168.1.62",57710,2,146,0,0,2,146,0,0
"fe80::f17b:6c72:fea6:5dc5",54975,2,186,0,0,2,186,0,0
"192.168.1.62",54975,2,146,0,0,2,146,0,0
"fe80::f17b:6c72:fea6:5dc5",65147,2,186,0,0,2,186,0,0
"192.168.1.62",65147,2,146,0,0,2,146,0,0
"fe80::f17b:6c72:fea6:5dc5",61078,2,186,0,0,2,186,0,0
"192.168.1.62",61078,2,146,0,0,2,146,0,0
"fe80::f17b:6c72:fea6:5dc5",51488,2,186,0,0,2,186,0,0
"192.168.1.62",51488,2,146,0,0,2,146,0,0
"fe80::f17b:6c72:fea6:5dc5",59292,2,186,0,0,2,186,0,0
"192.168.1.62",59292,2,146,0,0,2,146,0,0
"fe80::f17b:6c72:fea6:5dc5",58607,2,186,0,0,2,186,0,0
"192.168.1.62",58607,2,146,0,0,2,146,0,0
"fe80::f17b:6c72:fea6:5dc5",54097,2,186,0,0,2,186,0,0
"192.168.1.62",54097,2,146,0,0,2,146,0,0
"192.168.1.1",37679,6,2354,0,0,6,2354,0,0
"192.168.1.1",54845,2,884,0,0,2,884,0,0
"192.168.1.177",58566,2,227,0,0,1,83,1,144
"192.168.1.177",50961,2,215,0,0,1,83,1,132
"192.168.1.177",60504,2,289,0,0,1,83,1,206
"192.168.1.1",33604,6,2354,0,0,6,2354,0,0
"192.168.1.1",47410,2,884,0,0,2,884,0,0
"2001:14ba:a051:8c00:61b5:31a4:d1f8:cc83",63000,1,123,0,0,1,123,0,0
"192.168.1.177",63000,4,376,0,0,2,172,2,204
"2001:14ba:a051:8c00:61b5:31a4:d1f8:cc83",62763,1,103,0,0,1,103,0,0
"2001:14ba:a051:8c00:61b5:31a4:d1f8:cc83",53376,1,103,0,0,1,103,0,0
"192.168.1.177",53376,2,194,0,0,1,83,1,111
"192.168.1.177",62763,2,182,0,0,1,83,1,99
"2001:14ba:a051:8c00:61b5:31a4:d1f8:cc83",52300,1,103,0,0,1,103,0,0
"fe80::f17b:6c72:fea6:5dc5",58785,2,186,0,0,2,186,0,0
"192.168.1.62",58785,2,146,0,0,2,146,0,0
"fe80::f17b:6c72:fea6:5dc5",64547,2,186,0,0,2,186,0,0
"192.168.1.62",64547,2,146,0,0,2,146,0,0
"fe80::f17b:6c72:fea6:5dc5",63654,2,186,0,0,2,186,0,0
"192.168.1.62",63654,2,146,0,0,2,146,0,0
"fe80::f17b:6c72:fea6:5dc5",53235,2,186,0,0,2,186,0,0
"192.168.1.62",53235,2,146,0,0,2,146,0,0
"fe80::f17b:6c72:fea6:5dc5",64870,2,186,0,0,2,186,0,0
"192.168.1.62",64870,2,146,0,0,2,146,0,0
"fe80::f17b:6c72:fea6:5dc5",63955,2,186,0,0,2,186,0,0
"192.168.1.62",63955,2,146,0,0,2,146,0,0
"fe80::f17b:6c72:fea6:5dc5",50576,2,186,0,0,2,186,0,0
"192.168.1.62",50576,2,146,0,0,2,146,0,0
"fe80::f17b:6c72:fea6:5dc5",50940,2,186,0,0,2,186,0,0
"192.168.1.62",50940,2,146,0,0,2,146,0,0
"fe80::f17b:6c72:fea6:5dc5",62020,2,174,0,0,2,174,0,0
"192.168.1.62",62020,2,134,0,0,2,134,0,0
"fe80::f17b:6c72:fea6:5dc5",53773,2,176,0,0,2,176,0,0
"192.168.1.62",53773,2,136,0,0,2,136,0,0
"fe80::f17b:6c72:fea6:5dc5",54716,2,176,0,0,2,176,0,0
"192.168.1.62",54716,2,136,0,0,2,136,0,0
"fe80::f17b:6c72:fea6:5dc5",60376,2,186,0,0,2,186,0,0
"fe80::f17b:6c72:fea6:5dc5",52676,2,186,0,0,2,186,0,0
"192.168.1.62",60376,2,146,0,0,2,146,0,0
"192.168.1.62",52676,2,146,0,0,2,146,0,0
"fe80::f17b:6c72:fea6:5dc5",63590,2,186,0,0,2,186,0,0
"192.168.1.62",63590,2,146,0,0,2,146,0,0
"192.168.1.1",58137,6,2354,0,0,6,2354,0,0
"fe80::f17b:6c72:fea6:5dc5",53974,2,174,0,0,2,174,0,0
"192.168.1.62",53974,2,134,0,0,2,134,0,0
"fe80::f17b:6c72:fea6:5dc5",62832,2,174,0,0,2,174,0,0
"192.168.1.62",62832,2,134,0,0,2,134,0,0
"fe80::f17b:6c72:fea6:5dc5",64978,2,176,0,0,2,176,0,0
"192.168.1.62",64978,2,136,0,0,2,136,0,0
"fe80::f17b:6c72:fea6:5dc5",58956,2,176,0,0,2,176,0,0
"192.168.1.62",58956,2,136,0,0,2,136,0,0
"192.168.1.1",55219,2,884,0,0,2,884,0,0
"fe80::f17b:6c72:fea6:5dc5",52246,2,186,0,0,2,186,0,0
"192.168.1.62",52246,2,146,0,0,2,146,0,0
"fe80::f17b:6c72:fea6:5dc5",58171,2,186,0,0,2,186,0,0
"192.168.1.62",58171,2,146,0,0,2,146,0,0
"192.168.1.1",45035,6,2354,0,0,6,2354,0,0
"fe80::f17b:6c72:fea6:5dc5",64789,2,186,0,0,2,186,0,0
"192.168.1.62",64789,2,146,0,0,2,146,0,0
"fe80::f17b:6c72:fea6:5dc5",50283,2,186,0,0,2,186,0,0
"192.168.1.62",50283,2,146,0,0,2,146,0,0
"fe80::f17b:6c72:fea6:5dc5",53650,2,186,0,0,2,186,0,0
"192.168.1.62",53650,2,146,0,0,2,146,0,0
"fe80::f17b:6c72:fea6:5dc5",53897,2,186,0,0,2,186,0,0
"192.168.1.62",53897,2,146,0,0,2,146,0,0
"fe80::f17b:6c72:fea6:5dc5",54642,2,186,0,0,2,186,0,0
"192.168.1.62",54642,2,146,0,0,2,146,0,0
"fe80::f17b:6c72:fea6:5dc5",56497,2,186,0,0,2,186,0,0
"192.168.1.62",56497,2,146,0,0,2,146,0,0
"fe80::f17b:6c72:fea6:5dc5",56721,2,186,0,0,2,186,0,0
"192.168.1.62",56721,2,146,0,0,2,146,0,0
"192.168.1.177",52301,4,848,0,0,4,848,0,0
"fe80::f17b:6c72:fea6:5dc5",54338,2,186,0,0,2,186,0,0
"192.168.1.62",54338,2,146,0,0,2,146,0,0
"fe80::f17b:6c72:fea6:5dc5",54554,2,186,0,0,2,186,0,0
"192.168.1.62",54554,2,146,0,0,2,146,0,0
"192.168.1.1",57104,1,92,0,0,1,92,0,0
"192.168.1.1",53965,6,2354,0,0,6,2354,0,0
"192.168.1.1",37737,2,884,0,0,2,884,0,0
"fe80::f17b:6c72:fea6:5dc5",57442,2,186,0,0,2,186,0,0
"192.168.1.62",57442,2,146,0,0,2,146,0,0
"fe80::f17b:6c72:fea6:5dc5",51381,2,186,0,0,2,186,0,0
"192.168.1.62",51381,2,146,0,0,2,146,0,0
"fe80::f17b:6c72:fea6:5dc5",51311,2,186,0,0,2,186,0,0
"192.168.1.62",51311,2,146,0,0,2,146,0,0
"fe80::f17b:6c72:fea6:5dc5",64460,2,186,0,0,2,186,0,0
"192.168.1.62",64460,2,146,0,0,2,146,0,0
"192.168.1.62",62613,4,868,0,0,4,868,0,0
"fe80::f17b:6c72:fea6:5dc5",59746,2,186,0,0,2,186,0,0
"192.168.1.62",59746,2,146,0,0,2,146,0,0
"fe80::f17b:6c72:fea6:5dc5",53460,2,186,0,0,2,186,0,0
"192.168.1.62",53460,2,146,0,0,2,146,0,0
"192.168.1.1",32773,6,2354,0,0,6,2354,0,0
"192.168.1.1",35225,2,884,0,0,2,884,0,0
"fe80::f17b:6c72:fea6:5dc5",58108,2,186,0,0,2,186,0,0
"192.168.1.62",58108,2,146,0,0,2,146,0,0
"2001:14ba:a051:8c00:61b5:31a4:d1f8:cc83",57565,1,89,0,0,1,89,0,0
"2001:14ba:a051:8c00:61b5:31a4:d1f8:cc83",49612,1,89,0,0,1,89,0,0
"fe80::f17b:6c72:fea6:5dc5",63733,2,186,0,0,2,186,0,0
"192.168.1.62",63733,2,146,0,0,2,146,0,0
"192.168.1.177",49612,2,138,0,0,1,69,1,69
"192.168.1.177",57565,2,154,0,0,1,69,1,85
"fe80::f17b:6c72:fea6:5dc5",50314,2,186,0,0,2,186,0,0
"192.168.1.62",50314,2,146,0,0,2,146,0,0
"fe80::f17b:6c72:fea6:5dc5",59912,2,186,0,0,2,186,0,0
"192.168.1.62",59912,2,146,0,0,2,146,0,0
"fe80::f17b:6c72:fea6:5dc5",54855,2,186,0,0,2,186,0,0
"192.168.1.62",54855,2,146,0,0,2,146,0,0
"192.168.1.177",55600,2,154,0,0,1,69,1,85
"192.168.1.177",62628,2,138,0,0,1,69,1,69
"fe80::f17b:6c72:fea6:5dc5",62332,2,186,0,0,2,186,0,0
"192.168.1.62",62332,2,146,0,0,2,146,0,0
"fe80::f17b:6c72:fea6:5dc5",51011,2,186,0,0,2,186,0,0
"192.168.1.62",51011,2,146,0,0,2,146,0,0
"192.168.1.177",62629,4,868,0,0,4,868,0,0
"192.168.1.1",45968,6,2354,0,0,6,2354,0,0
"fe80::f17b:6c72:fea6:5dc5",63869,2,186,0,0,2,186,0,0
"192.168.1.62",63869,2,146,0,0,2,146,0,0
"fe80::f17b:6c72:fea6:5dc5",53616,2,186,0,0,2,186,0,0
"192.168.1.62",53616,2,146,0,0,2,146,0,0
"192.168.1.1",42956,2,884,0,0,2,884,0,0
"2001:14ba:a051:8c00:61b5:31a4:d1f8:cc83",61237,2,234,0,0,2,234,0,0
"192.168.1.177",61237,2,272,0,0,1,97,1,175
"2001:14ba:a051:8c00:61b5:31a4:d1f8:cc83",55928,1,128,0,0,1,128,0,0
"192.168.1.177",55928,2,232,0,0,1,108,1,124
"fe80::f17b:6c72:fea6:5dc5",61195,2,186,0,0,2,186,0,0
"192.168.1.62",61195,2,146,0,0,2,146,0,0
"fe80::f17b:6c72:fea6:5dc5",59834,2,186,0,0,2,186,0,0
"192.168.1.62",59834,2,146,0,0,2,146,0,0
"2001:14ba:a051:8c00:61b5:31a4:d1f8:cc83",58953,1,108,0,0,1,108,0,0
"192.168.1.177",58953,2,192,0,0,1,88,1,104
"192.168.1.1",37348,6,2354,0,0,6,2354,0,0
"192.168.1.1",51242,2,884,0,0,2,884,0,0
"fe80::f17b:6c72:fea6:5dc5",58585,2,186,0,0,2,186,0,0
"192.168.1.62",58585,2,146,0,0,2,146,0,0
"2001:14ba:a051:8c00:61b5:31a4:d1f8:cc83",65252,2,178,0,0,2,178,0,0
"2001:14ba:a051:8c00:61b5:31a4:d1f8:cc83",64194,2,178,0,0,2,178,0,0
"192.168.1.177",64194,2,138,0,0,1,69,1,69
"192.168.1.177",65252,2,154,0,0,1,69,1,85
"192.168.1.1",38548,6,2354,0,0,6,2354,0,0
"192.168.1.1",60275,2,884,0,0,2,884,0,0
"192.168.1.1",53210,8,3238,0,0,8,3238,0,0
"192.168.1.1",42568,2,884,0,0,2,884,0,0
"192.168.1.253",61736,4,868,0,0,4,868,0,0
"192.168.1.177",49356,2,182,0,0,1,83,1,99
"192.168.1.177",56673,2,194,0,0,1,83,1,111
"192.168.1.177",56218,2,182,0,0,1,83,1,99
"192.168.1.177",65469,2,194,0,0,1,83,1,111
"192.168.1.1",38950,6,2354,0,0,6,2354,0,0
"192.168.1.1",38021,2,884,0,0,2,884,0,0
"192.168.1.1",43882,1,92,0,0,1,92,0,0
"192.168.1.1",32973,6,2354,0,0,6,2354,0,0
"192.168.1.1",38074,2,884,0,0,2,884,0,0
"192.168.1.177",55246,2,200,0,0,1,92,1,108
"192.168.1.177",64098,2,242,0,0,1,92,1,150
"192.168.1.177",55196,2,200,0,0,1,92,1,108
"192.168.1.177",64099,166,118818,0,0,50,9393,116,109425
"192.168.1.177",58061,2,184,0,0,1,92,1,92
"192.168.1.1",38984,2,884,0,0,2,884,0,0
"192.168.1.1",43987,6,2354,0,0,6,2354,0,0
"192.168.1.1",34516,2,884,0,0,2,884,0,0
"192.168.1.177",55033,2,154,0,0,1,69,1,85
"192.168.1.177",60530,2,138,0,0,1,69,1,69
"192.168.1.1",35964,6,2354,0,0,6,2354,0,0
"192.168.1.1",54765,2,884,0,0,2,884,0,0
"2001:14ba:a051:8c00:61b5:31a4:d1f8:cc83",63116,2,206,0,0,2,206,0,0
"2001:14ba:a051:8c00:61b5:31a4:d1f8:cc83",51833,2,206,0,0,2,206,0,0
"192.168.1.177",51833,2,194,0,0,1,83,1,111
"192.168.1.177",63116,2,182,0,0,1,83,1,99
"2001:14ba:a051:8c00:61b5:31a4:d1f8:cc83",62272,1,103,0,0,1,103,0,0
"192.168.1.177",62272,2,182,0,0,1,83,1,99
"2001:14ba:a051:8c00:61b5:31a4:d1f8:cc83",59655,1,103,0,0,1,103,0,0
"192.168.1.177",59655,2,194,0,0,1,83,1,111
"192.168.1.1",44104,6,2354,0,0,6,2354,0,0
"192.168.1.1",46053,2,884,0,0,2,884,0,0
"192.168.1.177",59656,4,848,0,0,4,848,0,0
"192.168.1.1",55500,1,92,0,0,1,92,0,0
"192.168.1.1",51159,6,2354,0,0,6,2354,0,0
"192.168.1.1",56908,2,884,0,0,2,884,0,0
"2001:14ba:a051:8c00:61b5:31a4:d1f8:cc83",62286,2,188,0,0,2,188,0,0
"2001:14ba:a051:8c00:61b5:31a4:d1f8:cc83",55211,2,200,0,0,2,200,0,0
"2001:14ba:a051:8c00:61b5:31a4:d1f8:cc83",59502,2,200,0,0,2,200,0,0
"192.168.1.177",62286,2,164,0,0,1,74,1,90
"192.168.1.177",55211,2,197,0,0,1,80,1,117
"192.168.1.177",59502,2,209,0,0,1,80,1,129
"2001:14ba:a051:8c00:61b5:31a4:d1f8:cc83",59585,1,97,0,0,1,97,0,0
"192.168.1.177",59585,2,170,0,0,1,77,1,93
"2001:14ba:a051:8c00:61b5:31a4:d1f8:cc83",61084,1,97,0,0,1,97,0,0
"192.168.1.177",61084,2,182,0,0,1,77,1,105
"2001:14ba:a051:8c00:61b5:31a4:d1f8:cc83",56970,1,93,0,0,1,93,0,0
"192.168.1.177",56970,2,197,0,0,1,73,1,124
"2001:14ba:a051:8c00:61b5:31a4:d1f8:cc83",60087,1,101,0,0,1,101,0,0
"192.168.1.177",60087,2,178,0,0,1,81,1,97
"192.168.1.1",46292,6,2354,0,0,6,2354,0,0
"2001:14ba:a051:8c00:61b5:31a4:d1f8:cc83",60088,13,18187,0,0,13,18187,0,0
"2a00:1450:4026:805::200e",443,61,84376,0,0,0,0,61,84376
"2001:14ba:a051:8c00:61b5:31a4:d1f8:cc83",64936,1,95,0,0,1,95,0,0
"2001:14ba:a051:8c00:61b5:31a4:d1f8:cc83",58917,1,95,0,0,1,95,0,0
"2001:14ba:a051:8c00:61b5:31a4:d1f8:cc83",58943,1,105,0,0,1,105,0,0
"2001:14ba:a051:8c00:61b5:31a4:d1f8:cc83",52469,1,105,0,0,1,105,0,0
"2001:14ba:a051:8c00:61b5:31a4:d1f8:cc83",62454,1,95,0,0,1,95,0,0
"2001:14ba:a051:8c00:61b5:31a4:d1f8:cc83",54626,1,95,0,0,1,95,0,0
"192.168.1.177",58917,2,178,0,0,1,75,1,103
"192.168.1.177",58943,2,215,0,0,1,85,1,130
"192.168.1.177",64936,2,166,0,0,1,75,1,91
"192.168.1.177",52469,2,227,0,0,1,85,1,142
"192.168.1.177",62454,2,166,0,0,1,75,1,91
"192.168.1.177",54626,2,178,0,0,1,75,1,103
"2001:14ba:a051:8c00:61b5:31a4:d1f8:cc83",54776,1,116,0,0,1,116,0,0
"2001:14ba:a051:8c00:61b5:31a4:d1f8:cc83",57066,1,95,0,0,1,95,0,0
"2001:14ba:a051:8c00:61b5:31a4:d1f8:cc83",52526,1,97,0,0,1,97,0,0
"2001:14ba:a051:8c00:61b5:31a4:d1f8:cc83",56853,1,97,0,0,1,97,0,0
"192.168.1.177",57066,2,166,0,0,1,75,1,91
"192.168.1.177",54776,2,208,0,0,1,96,1,112
"2001:14ba:a051:8c00:61b5:31a4:d1f8:cc83",61628,1,95,0,0,1,95,0,0
"2001:14ba:a051:8c00:61b5:31a4:d1f8:cc83",65066,1,116,0,0,1,116,0,0
"192.168.1.177",52526,2,170,0,0,1,77,1,93
"192.168.1.177",56853,2,182,0,0,1,77,1,105
"192.168.1.177",61628,2,178,0,0,1,75,1,103
"192.168.1.177",65066,2,220,0,0,1,96,1,124
"2001:14ba:a051:8c00:61b5:31a4:d1f8:cc83",63226,1,97,0,0,1,97,0,0
"192.168.1.177",63226,2,170,0,0,1,77,1,93
"2001:14ba:a051:8c00:61b5:31a4:d1f8:cc83",62834,1,97,0,0,1,97,0,0
"192.168.1.177",62834,2,182,0,0,1,77,1,105
"2001:14ba:a051:8c00:61b5:31a4:d1f8:cc83",62835,13,18187,0,0,13,18187,0,0
"2a00:1450:4026:802::2003",443,13,18187,0,0,0,0,13,18187
"2001:14ba:a051:8c00:61b5:31a4:d1f8:cc83",62836,13,18187,0,0,13,18187,0,0
"2a00:1450:4026:808::2003",443,27,36275,0,0,0,0,27,36275
"2001:14ba:a051:8c00:61b5:31a4:d1f8:cc83",62837,13,18187,0,0,13,18187,0,0
"2a00:1450:4026:805::2003",443,13,18187,0,0,0,0,13,18187
"2001:14ba:a051:8c00:61b5:31a4:d1f8:cc83",62838,13,18187,0,0,13,18187,0,0
"2a00:1450:4026:804::2001",443,26,36374,0,0,0,0,26,36374
"2001:14ba:a051:8c00:61b5:31a4:d1f8:cc83",49305,1,95,0,0,1,95,0,0
"2001:14ba:a051:8c00:61b5:31a4:d1f8:cc83",63057,1,95,0,0,1,95,0,0
"192.168.1.177",63057,2,199,0,0,1,75,1,124
"192.168.1.177",49305,2,187,0,0,1,75,1,112
"2001:14ba:a051:8c00:61b5:31a4:d1f8:cc83",64502,1,97,0,0,1,97,0,0
"192.168.1.177",64502,2,170,0,0,1,77,1,93
"2001:14ba:a051:8c00:61b5:31a4:d1f8:cc83",56964,1,97,0,0,1,97,0,0
"192.168.1.1",42627,2,884,0,0,2,884,0,0
"192.168.1.177",56964,2,182,0,0,1,77,1,105
"2001:14ba:a051:8c00:61b5:31a4:d1f8:cc83",52375,2,188,0,0,2,188,0,0
"2001:14ba:a051:8c00:61b5:31a4:d1f8:cc83",58626,2,198,0,0,2,198,0,0
"192.168.1.177",52375,2,185,0,0,1,74,1,111
"2001:14ba:a051:8c00:61b5:31a4:d1f8:cc83",55250,13,18187,0,0,13,18187,0,0
"2001:14ba:a051:8c00:61b5:31a4:d1f8:cc83",56186,1,99,0,0,1,99,0,0
"192.168.1.177",56186,2,174,0,0,1,79,1,95
"2001:14ba:a051:8c00:61b5:31a4:d1f8:cc83",54692,1,99,0,0,1,99,0,0
"192.168.1.177",54692,2,186,0,0,1,79,1,107
"2001:14ba:a051:8c00:61b5:31a4:d1f8:cc83",54693,13,18187,0,0,13,18187,0,0
"2a00:1450:4026:808::200d",443,22,29815,0,0,0,0,22,29815
"2001:14ba:a051:8c00:61b5:31a4:d1f8:cc83",62401,1,100,0,0,1,100,0,0
"192.168.1.177",62401,2,176,0,0,1,80,1,96
"192.168.1.177",62402,4,868,0,0,4,868,0,0
"192.168.1.1",33070,6,2354,0,0,6,2354,0,0
"192.168.1.1",50229,2,884,0,0,2,884,0,0
"192.168.1.1",49291,6,2354,0,0,6,2354,0,0
"192.168.1.1",41199,2,884,0,0,2,884,0,0
"2001:14ba:a051:8c00:61b5:31a4:d1f8:cc83",58374,2,214,0,0,2,214,0,0
"192.168.1.177",58374,2,223,0,0,1,87,1,136
"2001:14ba:a051:8c00:61b5:31a4:d1f8:cc83",60531,1,107,0,0,1,107,0,0
"192.168.1.177",60531,2,235,0,0,1,87,1,148
"2001:14ba:a051:8c00:61b5:31a4:d1f8:cc83",49469,1,108,0,0,1,108,0,0
"192.168.1.177",49469,2,192,0,0,1,88,1,104
"2001:14ba:a051:8c00:61b5:31a4:d1f8:cc83",61079,1,108,0,0,1,108,0,0
"192.168.1.177",61079,2,204,0,0,1,88,1,116
"2001:14ba:a051:8c00:61b5:31a4:d1f8:cc83",50811,1,108,0,0,1,108,0,0
"192.168.1.177",50811,2,243,0,0,1,88,1,155
"192.168.1.1",41910,6,2354,0,0,6,2354,0,0
"192.168.1.1",51409,2,884,0,0,2,884,0,0
"2001:14ba:a051:8c00:61b5:31a4:d1f8:cc83",54533,14,18287,0,0,14,18287,0,0
"192.168.1.177",54533,2,207,0,0,1,80,1,127
"2001:14ba:a051:8c00:61b5:31a4:d1f8:cc83",56915,1,108,0,0,1,108,0,0
"192.168.1.177",56915,2,216,0,0,1,88,1,128
"192.168.1.1",35015,2,519,0,0,2,519,0,0
"192.168.1.1",34511,6,2354,0,0,6,2354,0,0
"192.168.1.1",47254,2,884,0,0,2,884,0,0
"2001:14ba:a051:8c00:61b5:31a4:d1f8:cc83",55459,1,108,0,0,1,108,0,0
"2001:14ba:a051:8c00:61b5:31a4:d1f8:cc83",64798,1,108,0,0,1,108,0,0
"192.168.1.177",55459,2,192,0,0,1,88,1,104
"192.168.1.177",64798,2,204,0,0,1,88,1,116
"2001:14ba:a051:8c00:61b5:31a4:d1f8:cc83",57648,1,108,0,0,1,108,0,0
"192.168.1.177",57648,2,192,0,0,1,88,1,104
"2001:14ba:a051:8c00:61b5:31a4:d1f8:cc83",49622,1,108,0,0,1,108,0,0
"192.168.1.177",49622,2,204,0,0,1,88,1,116
"2001:14ba:a051:8c00:61b5:31a4:d1f8:cc83",49623,13,18187,0,0,13,18187,0,0
"2a00:1450:4026:808::200a",443,61,84376,0,0,0,0,61,84376
"2001:14ba:a051:8c00:61b5:31a4:d1f8:cc83",49679,1,103,0,0,1,103,0,0
"2001:14ba:a051:8c00:61b5:31a4:d1f8:cc83",55805,1,103,0,0,1,103,0,0
"192.168.1.177",49679,2,182,0,0,1,83,1,99
"192.168.1.177",55805,2,194,0,0,1,83,1,111
"2001:14ba:a051:8c00:61b5:31a4:d1f8:cc83",62880,1,103,0,0,1,103,0,0
"192.168.1.177",62880,2,182,0,0,1,83,1,99
"2001:14ba:a051:8c00:61b5:31a4:d1f8:cc83",50061,13,18187,0,0,13,18187,0,0
"2a00:1450:4026:808::200e",443,57,77817,0,0,0,0,57,77817
"2001:14ba:a051:8c00:61b5:31a4:d1f8:cc83",59712,1,109,0,0,1,109,0,0
"2001:14ba:a051:8c00:61b5:31a4:d1f8:cc83",61156,1,109,0,0,1,109,0,0
"192.168.1.177",59712,2,315,0,0,1,89,1,226
"192.168.1.177",61156,2,359,0,0,1,89,1,270
"192.168.1.253",61741,4,868,0,0,4,868,0,0
"192.168.1.1",43506,8,3238,0,0,8,3238,0,0
"192.168.1.1",60581,2,884,0,0,2,884,0,0
"2001:14ba:a051:8c00:61b5:31a4:d1f8:cc83",63875,1,89,0,0,1,89,0,0
"2001:14ba:a051:8c00:61b5:31a4:d1f8:cc83",61549,1,89,0,0,1,89,0,0
"192.168.1.177",61549,2,138,0,0,1,69,1,69
"192.168.1.177",63875,2,154,0,0,1,69,1,85
"192.168.1.177",56943,2,138,0,0,1,69,1,69
"192.168.1.1",51705,6,2354,0,0,6,2354,0,0
"192.168.1.1",37264,2,884,0,0,2,884,0,0
"192.168.1.1",60925,1,353,0,0,1,353,0,0
"192.168.1.1",51125,1,425,0,0,1,425,0,0
"192.168.1.1",39723,1,362,0,0,1,362,0,0
"192.168.1.1",38628,1,417,0,0,1,417,0,0
"192.168.1.1",46613,1,349,0,0,1,349,0,0
"192.168.1.1",38806,1,310,0,0,1,310,0,0
"192.168.1.1",58995,1,369,0,0,1,369,0,0
"192.168.1.1",48603,1,310,0,0,1,310,0,0
"192.168.1.1",45714,1,427,0,0,1,427,0,0
"192.168.1.1",49559,1,415,0,0,1,415,0,0
"192.168.1.1",56664,1,353,0,0,1,353,0,0
"192.168.1.1",54477,1,425,0,0,1,425,0,0
"192.168.1.1",34316,1,362,0,0,1,362,0,0
"192.168.1.1",59784,1,417,0,0,1,417,0,0
"192.168.1.1",56684,1,349,0,0,1,349,0,0
"192.168.1.1",52045,1,433,0,0,1,433,0,0
"192.168.1.1",39576,1,369,0,0,1,369,0,0
"192.168.1.1",50033,1,310,0,0,1,310,0,0
"192.168.1.1",44035,1,415,0,0,1,415,0,0
"192.168.1.1",37000,1,353,0,0,1,353,0,0
"192.168.1.1",48018,1,425,0,0,1,425,0,0
"192.168.1.1",50293,1,362,0,0,1,362,0,0
"192.168.1.1",40851,1,417,0,0,1,417,0,0
"192.168.1.1",60101,1,349,0,0,1,349,0,0
"192.168.1.1",42989,1,310,0,0,1,310,0,0
"192.168.1.1",58119,1,433,0,0,1,433,0,0
"192.168.1.1",57949,1,369,0,0,1,369,0,0
"192.168.1.1",33990,1,310,0,0,1,310,0,0
"192.168.1.1",44280,1,427,0,0,1,427,0,0
"192.168.1.1",34886,1,415,0,0,1,415,0,0
"192.168.1.1",38544,1,92,0,0,1,92,0,0
"192.168.1.1",53497,6,2354,0,0,6,2354,0,0
"192.168.1.1",45843,2,884,0,0,2,884,0,0
"192.168.1.1",43759,6,2354,0,0,6,2354,0,0
"192.168.1.1",49224,2,884,0,0,2,884,0,0
"192.168.1.177",59778,2,180,0,0,1,74,1,106
"192.168.1.177",65453,2,204,0,0,1,74,1,130
"2001:14ba:a051:8c00:61b5:31a4:d1f8:cc83",65453,2,188,0,0,2,188,0,0
"192.168.1.1",41676,6,2354,0,0,6,2354,0,0
"192.168.1.1",38437,2,884,0,0,2,884,0,0
"192.168.1.1",44245,6,2354,0,0,6,2354,0,0
"192.168.1.1",33378,2,884,0,0,2,884,0,0
"192.168.1.1",44673,1,92,0,0,1,92,0,0
"192.168.1.177",65454,4,848,0,0,4,848,0,0
"192.168.1.1",39085,6,2354,0,0,6,2354,0,0
"192.168.1.1",57930,2,884,0,0,2,884,0,0
"192.168.1.1",39667,6,2354,0,0,6,2354,0,0
"192.168.1.1",52618,2,884,0,0,2,884,0,0
"192.168.1.177",56360,4,868,0,0,4,868,0,0
"192.168.1.1",59679,6,2354,0,0,6,2354,0,0
"192.168.1.1",51912,2,884,0,0,2,884,0,0
"192.168.1.1",48669,6,2354,0,0,6,2354,0,0
"192.168.1.177",56762,2,158,0,0,1,71,1,87
"192.168.1.1",41228,2,884,0,0,2,884,0,0
"192.168.1.1",38678,6,2354,0,0,6,2354,0,0
"192.168.1.1",44823,2,884,0,0,2,884,0,0
"192.168.1.1",50617,1,92,0,0,1,92,0,0
"192.168.1.1",34995,6,2354,0,0,6,2354,0,0
"192.168.1.1",52395,2,884,0,0,2,884,0,0
"192.168.1.177",51691,2,174,0,0,1,79,1,95
"192.168.1.253",52852,4,868,0,0,4,868,0,0
"192.168.1.1",36988,6,2354,0,0,6,2354,0,0
"192.168.1.177",52150,2,222,0,0,1,103,1,119
"192.168.1.1",42742,6,2354,0,0,6,2354,0,0
"192.168.1.1",55086,2,884,0,0,2,884,0,0
"192.168.1.1",52797,1,92,0,0,1,92,0,0
"192.168.1.1",46495,6,2354,0,0,6,2354,0,0
"192.168.1.1",59552,2,884,0,0,2,884,0,0
"192.168.1.1",47911,6,2354,0,0,6,2354,0,0
"192.168.1.1",44594,2,884,0,0,2,884,0,0
"192.168.1.103",41457,1,167,0,0,1,167,0,0
"192.168.1.1",45083,6,2354,0,0,6,2354,0,0
"192.168.1.1",47242,2,884,0,0,2,884,0,0
"192.168.1.1",60697,6,2354,0,0,6,2354,0,0
"192.168.1.1",39756,2,884,0,0,2,884,0,0
"192.168.1.177",59024,4,848,0,0,4,848,0,0
"192.168.1.1",52735,6,2354,0,0,6,2354,0,0
"192.168.1.1",39984,2,884,0,0,2,884,0,0
"2001:14ba:a051:8c00:61b5:31a4:d1f8:cc83",56598,2,214,0,0,2,214,0,0
"192.168.1.1",42042,6,2354,0,0,6,2354,0,0
"192.168.1.177",56598,2,190,0,0,1,87,1,103
"2001:14ba:a051:8c00:61b5:31a4:d1f8:cc83",50154,1,94,0,0,1,94,0,0
"192.168.1.1",44599,2,884,0,0,2,884,0,0
"192.168.1.177",50154,2,164,0,0,1,74,1,90
"2001:14ba:a051:8c00:61b5:31a4:d1f8:cc83",58902,1,89,0,0,1,89,0,0
"2001:14ba:a051:8c00:61b5:31a4:d1f8:cc83",57353,1,89,0,0,1,89,0,0
"192.168.1.177",58902,2,154,0,0,1,69,1,85
"192.168.1.177",57353,2,166,0,0,1,69,1,97
"2001:14ba:a051:8c00:61b5:31a4:d1f8:cc83",51951,1,89,0,0,1,89,0,0
"192.168.1.177",51951,2,154,0,0,1,69,1,85
"2001:14ba:a051:8c00:61b5:31a4:d1f8:cc83",55392,1,89,0,0,1,89,0,0
"192.168.1.177",55392,2,166,0,0,1,69,1,97
"2001:14ba:a051:8c00:61b5:31a4:d1f8:cc83",60380,1,95,0,0,1,95,0,0
"2001:14ba:a051:8c00:61b5:31a4:d1f8:cc83",60572,1,95,0,0,1,95,0,0
"192.168.1.177",60380,2,166,0,0,1,75,1,91
"192.168.1.177",60572,2,178,0,0,1,75,1,103
"2001:14ba:a051:8c00:61b5:31a4:d1f8:cc83",62196,1,95,0,0,1,95,0,0
"192.168.1.177",62196,2,166,0,0,1,75,1,91
"2001:14ba:a051:8c00:61b5:31a4:d1f8:cc83",53212,1,95,0,0,1,95,0,0
"192.168.1.177",53212,2,178,0,0,1,75,1,103
"2001:14ba:a051:8c00:61b5:31a4:d1f8:cc83",60084,1,105,0,0,1,105,0,0
"2001:14ba:a051:8c00:61b5:31a4:d1f8:cc83",57315,1,105,0,0,1,105,0,0
"192.168.1.177",57315,2,227,0,0,1,85,1,142
"192.168.1.177",60084,2,215,0,0,1,85,1,130
"2001:14ba:a051:8c00:61b5:31a4:d1f8:cc83",61063,1,116,0,0,1,116,0,0
"192.168.1.177",61063,2,208,0,0,1,96,1,112
"2001:14ba:a051:8c00:61b5:31a4:d1f8:cc83",65115,1,116,0,0,1,116,0,0
"2001:14ba:a051:8c00:61b5:31a4:d1f8:cc83",56058,1,105,0,0,1,105,0,0
"192.168.1.177",65115,2,220,0,0,1,96,1,124
"192.168.1.177",56058,2,215,0,0,1,85,1,130
"2001:14ba:a051:8c00:61b5:31a4:d1f8:cc83",55051,1,93,0,0,1,93,0,0
"2001:14ba:a051:8c00:61b5:31a4:d1f8:cc83",55620,1,93,0,0,1,93,0,0
"192.168.1.177",55620,2,195,0,0,1,73,1,122
"192.168.1.177",55051,2,183,0,0,1,73,1,110
"2001:14ba:a051:8c00:61b5:31a4:d1f8:cc83",65360,1,97,0,0,1,97,0,0
"192.168.1.177",65360,2,170,0,0,1,77,1,93
"2001:14ba:a051:8c00:61b5:31a4:d1f8:cc83",55452,1,97,0,0,1,97,0,0
"192.168.1.177",55452,2,182,0,0,1,77,1,105
"2001:14ba:a051:8c00:61b5:31a4:d1f8:cc83",55453,13,18187,0,0,13,18187,0,0
"2001:14ba:a051:8c00:61b5:31a4:d1f8:cc83",59819,1,94,0,0,1,94,0,0
"2001:14ba:a051:8c00:61b5:31a4:d1f8:cc83",55932,1,94,0,0,1,94,0,0
"192.168.1.177",55932,2,176,0,0,1,74,1,102
"192.168.1.177",59819,2,164,0,0,1,74,1,90
"2001:14ba:a051:8c00:61b5:31a4:d1f8:cc83",57692,1,94,0,0,1,94,0,0
"2001:14ba:a051:8c00:61b5:31a4:d1f8:cc83",53841,1,93,0,0,1,93,0,0
"192.168.1.177",57692,2,164,0,0,1,74,1,90
"2001:14ba:a051:8c00:61b5:31a4:d1f8:cc83",56602,1,94,0,0,1,94,0,0
"192.168.1.177",53841,2,193,0,0,1,73,1,120
"192.168.1.177",56602,2,176,0,0,1,74,1,102
"2001:14ba:a051:8c00:61b5:31a4:d1f8:cc83",56603,13,18187,0,0,13,18187,0,0
"2a00:1450:4026:804::2004",443,13,18187,0,0,0,0,13,18187
"2001:14ba:a051:8c00:61b5:31a4:d1f8:cc83",55287,1,109,0,0,1,109,0,0
"2001:14ba:a051:8c00:61b5:31a4:d1f8:cc83",58204,1,109,0,0,1,109,0,0
"192.168.1.177",55287,2,194,0,0,1,89,1,105
"2001:14ba:a051:8c00:61b5:31a4:d1f8:cc83",59625,1,109,0,0,1,109,0,0
"192.168.1.177",59625,2,194,0,0,1,89,1,105
"2001:14ba:a051:8c00:61b5:31a4:d1f8:cc83",51235,1,109,0,0,1,109,0,0
"192.168.1.177",51235,2,206,0,0,1,89,1,117
"2001:14ba:a051:8c00:61b5:31a4:d1f8:cc83",51236,13,18187,0,0,13,18187,0,0
"2a00:1450:4026:805::200a",443,27,36275,0,0,0,0,27,36275
"2001:14ba:a051:8c00:61b5:31a4:d1f8:cc83",56048,1,105,0,0,1,105,0,0
"2001:14ba:a051:8c00:61b5:31a4:d1f8:cc83",50259,1,105,0,0,1,105,0,0
"2001:14ba:a051:8c00:61b5:31a4:d1f8:cc83",54531,2,210,0,0,2,210,0,0
"2001:14ba:a051:8c00:61b5:31a4:d1f8:cc83",63751,1,105,0,0,1,105,0,0
"2001:14ba:a051:8c00:61b5:31a4:d1f8:cc83",65405,1,105,0,0,1,105,0,0
"2001:14ba:a051:8c00:61b5:31a4:d1f8:cc83",60888,1,105,0,0,1,105,0,0
"2001:14ba:a051:8c00:61b5:31a4:d1f8:cc83",63833,1,105,0,0,1,105,0,0
"192.168.1.177",50259,2,198,0,0,1,85,1,113
"192.168.1.177",56048,2,186,0,0,1,85,1,101
"192.168.1.177",60888,2,198,0,0,1,85,1,113
"192.168.1.177",65405,2,186,0,0,1,85,1,101
"192.168.1.177",63833,2,198,0,0,1,85,1,113
"2001:14ba:a051:8c00:61b5:31a4:d1f8:cc83",55818,1,105,0,0,1,105,0,0
"2001:14ba:a051:8c00:61b5:31a4:d1f8:cc83",50121,1,105,0,0,1,105,0,0
"192.168.1.177",55818,2,186,0,0,1,85,1,101
"192.168.1.177",50121,2,186,0,0,1,85,1,101
"2001:14ba:a051:8c00:61b5:31a4:d1f8:cc83",50114,1,105,0,0,1,105,0,0
"2001:14ba:a051:8c00:61b5:31a4:d1f8:cc83",58571,1,105,0,0,1,105,0,0
"2001:14ba:a051:8c00:61b5:31a4:d1f8:cc83",61720,1,105,0,0,1,105,0,0
"192.168.1.177",61720,2,198,0,0,1,85,1,113
"192.168.1.177",58571,2,186,0,0,1,85,1,101
"2001:14ba:a051:8c00:61b5:31a4:d1f8:cc83",53744,1,105,0,0,1,105,0,0
"2001:14ba:a051:8c00:61b5:31a4:d1f8:cc83",60203,1,105,0,0,1,105,0,0
"192.168.1.177",53744,2,186,0,0,1,85,1,101
"2001:14ba:a051:8c00:61b5:31a4:d1f8:cc83",54532,13,18187,0,0,13,18187,0,0
"2a00:1450:4026:808::2001",443,48,66189,0,0,0,0,48,66189
"2001:14ba:a051:8c00:61b5:31a4:d1f8:cc83",54534,13,18187,0,0,13,18187,0,0
"2001:14ba:a051:8c00:61b5:31a4:d1f8:cc83",54535,13,18187,0,0,13,18187,0,0
"2a00:1450:4026:803::2001",443,13,18187,0,0,0,0,13,18187
"2001:14ba:a051:8c00:61b5:31a4:d1f8:cc83",63001,1,111,0,0,1,111,0,0
"2001:14ba:a051:8c00:61b5:31a4:d1f8:cc83",51750,1,111,0,0,1,111,0,0
"192.168.1.177",51750,2,210,0,0,1,91,1,119
"192.168.1.177",63001,2,198,0,0,1,91,1,107
"2001:14ba:a051:8c00:61b5:31a4:d1f8:cc83",64489,1,111,0,0,1,111,0,0
"192.168.1.177",64489,2,198,0,0,1,91,1,107
"2001:14ba:a051:8c00:61b5:31a4:d1f8:cc83",52520,1,111,0,0,1,111,0,0
"192.168.1.177",52520,2,210,0,0,1,91,1,119
"2001:14ba:a051:8c00:61b5:31a4:d1f8:cc83",57779,1,128,0,0,1,128,0,0
"2001:14ba:a051:8c00:61b5:31a4:d1f8:cc83",58689,1,128,0,0,1,128,0,0
"2001:14ba:a051:8c00:61b5:31a4:d1f8:cc83",59012,1,109,0,0,1,109,0,0
"2001:14ba:a051:8c00:61b5:31a4:d1f8:cc83",52839,1,109,0,0,1,109,0,0
"192.168.1.177",58689,2,244,0,0,1,108,1,136
"192.168.1.177",57779,2,232,0,0,1,108,1,124
"2001:14ba:a051:8c00:61b5:31a4:d1f8:cc83",62075,1,128,0,0,1,128,0,0
"192.168.1.177",52839,2,206,0,0,1,89,1,117
"192.168.1.177",59012,2,194,0,0,1,89,1,105
"2001:14ba:a051:8c00:61b5:31a4:d1f8:cc83",51854,1,109,0,0,1,109,0,0
"192.168.1.177",62075,4,526,0,0,2,199,2,327
"2001:14ba:a051:8c00:61b5:31a4:d1f8:cc83",52784,1,128,0,0,1,128,0,0
"192.168.1.177",51854,2,194,0,0,1,89,1,105
"2001:14ba:a051:8c00:61b5:31a4:d1f8:cc83",53939,1,109,0,0,1,109,0,0
"192.168.1.177",52784,2,244,0,0,1,108,1,136
"2001:14ba:a051:8c00:61b5:31a4:d1f8:cc83",53940,13,18187,0,0,13,18187,0,0
"192.168.1.177",53939,2,206,0,0,1,89,1,117
"2001:14ba:a051:8c00:61b5:31a4:d1f8:cc83",53941,13,18187,0,0,13,18187,0,0
"2001:14ba:a051:8c00:61b5:31a4:d1f8:cc83",53942,13,18187,0,0,13,18187,0,0
"2001:14ba:a051:8c00:61b5:31a4:d1f8:cc83",55108,1,99,0,0,1,99,0,0
"2001:14ba:a051:8c00:61b5:31a4:d1f8:cc83",52434,1,99,0,0,1,99,0,0
"192.168.1.177",52434,2,207,0,0,1,79,1,128
"192.168.1.177",55108,2,195,0,0,1,79,1,116
"2001:14ba:a051:8c00:61b5:31a4:d1f8:cc83",52435,13,18187,0,0,13,18187,0,0
"2001:14ba:a051:8c00:61b5:31a4:d1f8:cc83",55958,1,100,0,0,1,100,0,0
"2001:14ba:a051:8c00:61b5:31a4:d1f8:cc83",53874,1,100,0,0,1,100,0,0
"192.168.1.177",55958,2,176,0,0,1,80,1,96
"192.168.1.177",53874,2,188,0,0,1,80,1,108
"2001:14ba:a051:8c00:61b5:31a4:d1f8:cc83",61103,1,100,0,0,1,100,0,0
"2001:14ba:a051:8c00:61b5:31a4:d1f8:cc83",61104,13,18187,0,0,13,18187,0,0
"2a00:1450:4026:803::200a",443,22,29815,0,0,0,0,22,29815
"192.168.1.177",61103,2,176,0,0,1,80,1,96
"2001:14ba:a051:8c00:61b5:31a4:d1f8:cc83",54911,1,100,0,0,1,100,0,0
"192.168.1.177",54911,2,188,0,0,1,80,1,108
"192.168.1.177",54912,4,868,0,0,4,868,0,0
"2001:14ba:a051:8c00:61b5:31a4:d1f8:cc83",62505,1,102,0,0,1,102,0,0
"2001:14ba:a051:8c00:61b5:31a4:d1f8:cc83",62251,1,102,0,0,1,102,0,0
"192.168.1.177",62505,2,275,0,0,1,82,1,193
"192.168.1.177",62251,2,325,0,0,1,82,1,243
"2001:14ba:a051:8c00:61b5:31a4:d1f8:cc83",57209,1,148,0,0,1,148,0,0
"192.168.1.177",57209,2,288,0,0,1,128,1,160
"2001:14ba:a051:8c00:61b5:31a4:d1f8:cc83",65224,1,148,0,0,1,148,0,0
"192.168.1.177",65224,2,256,0,0,1,128,1,128
"2001:14ba:a051:8c00:61b5:31a4:d1f8:cc83",54126,1,101,0,0,1,101,0,0
"192.168.1.177",54126,2,162,0,0,1,81,1,81
"2001:14ba:a051:8c00:61b5:31a4:d1f8:cc83",51839,1,98,0,0,1,98,0,0
"2001:14ba:a051:8c00:61b5:31a4:d1f8:cc83",50131,1,98,0,0,1,98,0,0
"192.168.1.177",50131,2,251,0,0,1,78,1,173
"192.168.1.177",51839,2,195,0,0,1,78,1,117
"2001:14ba:a051:8c00:61b5:31a4:d1f8:cc83",49560,1,100,0,0,1,100,0,0
"2001:14ba:a051:8c00:61b5:31a4:d1f8:cc83",51585,1,96,0,0,1,96,0,0
"2001:14ba:a051:8c00:61b5:31a4:d1f8:cc83",51800,1,96,0,0,1,96,0,0
"192.168.1.177",49560,2,176,0,0,1,80,1,96
"192.168.1.177",51800,2,258,0,0,1,76,1,182
"192.168.1.177",51585,2,234,0,0,1,76,1,158
"2001:14ba:a051:8c00:61b5:31a4:d1f8:cc83",50160,1,100,0,0,1,100,0,0
"2001:14ba:a051:8c00:61b5:31a4:d1f8:cc83",55400,1,116,0,0,1,116,0,0
"192.168.1.177",50160,2,160,0,0,1,80,1,80
"192.168.1.177",55400,2,224,0,0,1,96,1,128
"2001:14ba:a051:8c00:61b5:31a4:d1f8:cc83",64779,1,116,0,0,1,116,0,0
"192.168.1.177",64779,2,248,0,0,1,96,1,152
"2001:14ba:a051:8c00:61b5:31a4:d1f8:cc83",52340,1,96,0,0,1,96,0,0
"192.168.1.177",52340,2,234,0,0,1,76,1,158
"2001:14ba:a051:8c00:61b5:31a4:d1f8:cc83",59417,1,99,0,0,1,99,0,0
"2001:14ba:a051:8c00:61b5:31a4:d1f8:cc83",61487,1,99,0,0,1,99,0,0
"192.168.1.177",59417,2,174,0,0,1,79,1,95
"192.168.1.177",61487,2,230,0,0,1,79,1,151
"2001:14ba:a051:8c00:61b5:31a4:d1f8:cc83",63798,1,99,0,0,1,99,0,0
"2001:14ba:a051:8c00:61b5:31a4:d1f8:cc83",50173,1,99,0,0,1,99,0,0
"192.168.1.177",63798,2,258,0,0,1,79,1,179
"192.168.1.177",50173,2,298,0,0,1,79,1,219
"2001:14ba:a051:8c00:61b5:31a4:d1f8:cc83",65353,1,105,0,0,1,105,0,0
"192.168.1.177",65353,2,186,0,0,1,85,1,101
"2001:14ba:a051:8c00:61b5:31a4:d1f8:cc83",62073,1,105,0,0,1,105,0,0
"192.168.1.177",62073,2,226,0,0,1,85,1,141
"2001:14ba:a051:8c00:61b5:31a4:d1f8:cc83",49767,1,110,0,0,1,110,0,0
"2001:14ba:a051:8c00:61b5:31a4:d1f8:cc83",56893,1,110,0,0,1,110,0,0
"192.168.1.177",56893,2,252,0,0,1,90,1,162
"192.168.1.177",49767,2,252,0,0,1,90,1,162
"2001:14ba:a051:8c00:61b5:31a4:d1f8:cc83",62879,1,95,0,0,1,95,0,0
"2001:14ba:a051:8c00:61b5:31a4:d1f8:cc83",59265,1,95,0,0,1,95,0,0
"192.168.1.177",62879,2,166,0,0,1,75,1,91
"192.168.1.177",59265,2,222,0,0,1,75,1,147
"2001:14ba:a051:8c00:61b5:31a4:d1f8:cc83",51733,1,95,0,0,1,95,0,0
"192.168.1.177",51733,2,166,0,0,1,75,1,91
"192.168.1.1",59788,2,884,0,0,2,884,0,0
"192.168.1.253",57836,3,537,0,0,3,537,0,0
"192.168.1.1",54060,6,2354,0,0,6,2354,0,0
"192.168.1.1",41767,2,884,0,0,2,884,0,0
"192.168.1.1",37012,1,92,0,0,1,92,0,0
"192.168.1.103",41185,1,167,0,0,1,167,0,0
"2001:14ba:a051:8c00:61b5:31a4:d1f8:cc83",59333,1,98,0,0,1,98,0,0
"2001:14ba:a051:8c00:61b5:31a4:d1f8:cc83",58891,1,98,0,0,1,98,0,0
"192.168.1.177",58891,2,208,0,0,1,78,1,130
"192.168.1.177",59333,2,172,0,0,1,78,1,94
"2001:14ba:a051:8c00:61b5:31a4:d1f8:cc83",57496,1,98,0,0,1,98,0,0
"192.168.1.177",57496,2,156,0,0,1,78,1,78
"192.168.1.1",55278,6,2354,0,0,6,2354,0,0
"192.168.1.1",50589,4,1768,0,0,4,1768,0,0
"2001:14ba:a051:8c00:61b5:31a4:d1f8:cc83",49437,1,110,0,0,1,110,0,0
"2001:14ba:a051:8c00:61b5:31a4:d1f8:cc83",54258,1,110,0,0,1,110,0,0
"192.168.1.177",54258,2,252,0,0,1,90,1,162
"192.168.1.177",49437,2,252,0,0,1,90,1,162
"192.168.1.1",40671,6,2354,0,0,6,2354,0,0
"192.168.1.1",41079,2,884,0,0,2,884,0,0
"2001:14ba:a051:8c00:61b5:31a4:d1f8:cc83",53065,1,110,0,0,1,110,0,0
"2001:14ba:a051:8c00:61b5:31a4:d1f8:cc83",51664,1,110,0,0,1,110,0,0
"192.168.1.177",53065,2,180,0,0,1,90,1,90
"192.168.1.253",62183,4,868,0,0,4,868,0,0
"192.168.1.1",42184,6,2354,0,0,6,2354,0,0
"192.168.1.1",38716,2,884,0,0,2,884,0,0
"2001:14ba:a051:8c00:61b5:31a4:d1f8:cc83",60981,1,96,0,0,1,96,0,0
"192.168.1.177",60981,2,168,0,0,1,76,1,92
"192.168.1.1",46058,1,92,0,0,1,92,0,0
"192.168.1.1",55574,6,2354,0,0,6,2354,0,0
"192.168.1.1",43230,2,884,0,0,2,884,0,0
"192.168.1.1",37128,6,2354,0,0,6,2354,0,0
"192.168.1.1",43533,8,3238,0,0,8,3238,0,0
"192.168.1.1",37424,6,2354,0,0,6,2354,0,0
"192.168.1.1",35818,2,884,0,0,2,884,0,0
"192.168.1.1",57573,1,92,0,0,1,92,0,0
"192.168.1.103",40505,1,167,0,0,1,167,0,0
"192.168.1.1",38376,7,2787,0,0,7,2787,0,0
"192.168.1.177",61601,4,848,0,0,4,848,0,0
"192.168.1.1",43064,1,92,0,0,1,92,0,0
"fe80::3c64:85d8:f884:544c",60283,1,87,0,0,1,87,0,0
"192.168.1.177",60283,1,67,0,0,1,67,0,0
"2001:14ba:a051:8c00:61b5:31a4:d1f8:cc83",49731,2,178,0,0,2,178,0,0
"2001:14ba:a051:8c00:61b5:31a4:d1f8:cc83",58462,2,178,0,0,2,178,0,0
"192.168.1.1",38036,6,2354,0,0,6,2354,0,0
"192.168.1.1",46959,2,884,0,0,2,884,0,0
"192.168.1.177",58462,2,138,0,0,1,69,1,69
"192.168.1.177",49731,2,154,0,0,1,69,1,85
"2001:14ba:a051:8c00:61b5:31a4:d1f8:cc83",53295,2,178,0,0,2,178,0,0
"2001:14ba:a051:8c00:61b5:31a4:d1f8:cc83",61431,2,178,0,0,2,178,0,0
"192.168.1.177",61431,2,138,0,0,1,69,1,69
"192.168.1.177",53295,2,154,0,0,1,69,1,85
"fe80::3c64:85d8:f884:544c",57017,1,87,0,0,1,87,0,0
"2001:14ba:a051:8c00:ad01:ffd8:f040:eb85",53331,2,178,0,0,2,178,0,0
"192.168.1.1",58971,6,2354,0,0,6,2354,0,0
"192.168.1.1",36679,2,884,0,0,2,884,0,0
"192.168.1.177",53331,2,154,0,0,1,69,1,85
"192.168.1.177",51161,2,154,0,0,1,69,1,85
"fe80::3c64:85d8:f884:544c",51163,7,5026,0,0,7,5026,0,0
"192.168.1.177",51162,7,4886,0,0,7,4886,0,0
"192.168.1.177",64557,2,182,0,0,1,83,1,99
"192.168.1.177",61110,2,182,0,0,1,83,1,99
"192.168.1.177",61879,2,194,0,0,1,83,1,111
"192.168.1.177",53484,2,154,0,0,1,69,1,85
"192.168.1.177",57722,2,138,0,0,1,69,1,69
"192.168.1.177",57723,4,868,0,0,4,868,0,0
"192.168.1.1",45600,6,2354,0,0,6,2354,0,0
"192.168.1.177",50812,2,154,0,0,1,69,1,85
"192.168.1.177",65158,2,138,0,0,1,69,1,69
"192.168.1.177",56891,2,154,0,0,1,69,1,85
"192.168.1.177",55516,2,138,0,0,1,69,1,69
"192.168.1.1",59277,6,2354,0,0,6,2354,0,0
"192.168.1.1",55419,2,884,0,0,2,884,0,0
"192.168.1.1",33954,1,92,0,0,1,92,0,0
"192.168.1.177",56864,2,154,0,0,1,69,1,85
"192.168.1.177",59159,2,138,0,0,1,69,1,69
"192.168.1.177",64739,4,364,0,0,2,154,2,210
"192.168.1.177",59473,2,178,0,0,1,75,1,103
"192.168.1.177",56825,2,166,0,0,1,75,1,91
"192.168.1.177",50151,2,178,0,0,1,75,1,103
"fe80::3c64:85d8:f884:544c",50153,14,10052,0,0,14,10052,0,0
"192.168.1.177",50152,14,9772,0,0,14,9772,0,0
"192.168.1.177",54604,2,198,0,0,1,79,1,119
"192.168.1.177",56415,2,210,0,0,1,79,1,131
"192.168.1.177",62409,2,188,0,0,1,80,1,108
"192.168.1.177",53951,2,168,0,0,1,76,1,92
"192.168.1.177",50288,2,180,0,0,1,76,1,104
"192.168.1.177",62429,2,168,0,0,1,76,1,92
"192.168.1.177",65382,2,180,0,0,1,76,1,104
"2001:14ba:a051:8c00:ad01:ffd8:f040:eb85",65383,13,18187,0,0,13,18187,0,0
"2001:14ba:a051:8c00:ad01:ffd8:f040:eb85",65384,13,18187,0,0,13,18187,0,0
"192.168.1.177",49357,2,228,0,0,1,82,1,146
"192.168.1.177",53438,2,276,0,0,1,82,1,194
"192.168.1.177",64126,2,228,0,0,1,82,1,146
"192.168.1.177",63616,2,276,0,0,1,82,1,194
"2001:14ba:a051:8c00:ad01:ffd8:f040:eb85",63617,13,18187,0,0,13,18187,0,0
"192.168.1.1",40182,6,2354,0,0,6,2354,0,0
"192.168.1.1",43253,2,884,0,0,2,884,0,0
"192.168.1.177",60142,2,272,0,0,1,97,1,175
"192.168.1.177",64044,2,238,0,0,1,87,1,151
"192.168.1.177",58580,2,232,0,0,1,108,1,124
"192.168.1.177",60997,2,204,0,0,1,94,1,110
"192.168.1.177",65051,4,497,0,0,2,176,2,321
"192.168.1.177",62510,2,204,0,0,1,94,1,110
"192.168.1.177",63970,4,604,0,0,2,169,2,435
"192.168.1.177",49843,2,270,0,0,1,76,1,194
"192.168.1.177",58881,2,344,0,0,1,76,1,268
"192.168.1.177",51802,2,208,0,0,1,96,1,112
"192.168.1.1",39343,6,2354,0,0,6,2354,0,0
"192.168.1.1",35997,2,884,0,0,2,884,0,0
"192.168.1.1",52752,1,92,0,0,1,92,0,0
"192.168.1.253",59332,4,868,0,0,4,868,0,0
"192.168.1.1",60414,6,2354,0,0,6,2354,0,0
"192.168.1.1",43739,2,884,0,0,2,884,0,0
"192.168.1.1",52431,6,2354,0,0,6,2354,0,0
"192.168.1.1",60511,2,884,0,0,2,884,0,0
"192.168.1.177",49487,2,224,0,0,1,83,1,141
"192.168.1.177",59303,2,298,0,0,1,83,1,215
"192.168.1.177",62689,2,192,0,0,1,88,1,104
"192.168.1.177",53310,2,176,0,0,1,88,1,88
"192.168.1.177",52535,4,550,0,0,2,147,2,403
"192.168.1.177",50463,2,178,0,0,1,81,1,97
"192.168.1.177",50464,13,7926,0,0,6,1904,7,6022
"34.160.178.214",443,13,7926,0,0,7,6022,6,1904
"192.168.1.177",65196,2,256,0,0,1,75,1,181
"192.168.1.177",58293,2,416,0,0,1,75,1,341
"192.168.1.177",61908,2,400,0,0,1,88,1,312
"192.168.1.177",61371,2,269,0,0,1,81,1,188
"192.168.1.177",60483,2,301,0,0,1,81,1,220
"192.168.1.177",54286,2,325,0,0,1,81,1,244
"192.168.1.177",62119,2,429,0,0,1,81,1,348
"192.168.1.177",64639,2,216,0,0,1,92,1,124
"192.168.1.177",62465,2,242,0,0,1,89,1,153
"192.168.1.177",64560,2,240,0,0,1,92,1,148
"192.168.1.177",58562,2,402,0,0,1,89,1,313
"192.168.1.177",56803,2,226,0,0,1,81,1,145
"192.168.1.177",55421,2,244,0,0,1,81,1,163
"2001:14ba:a051:8c00:ad01:ffd8:f040:eb85",55422,13,18187,0,0,13,18187,0,0
"2606:4700:4400::6812:205a",443,13,18187,0,0,0,0,13,18187
"192.168.1.177",65204,2,226,0,0,1,81,1,145
"192.168.1.177",56440,2,162,0,0,1,81,1,81
"192.168.1.177",56558,2,282,0,0,1,81,1,201
"192.168.1.177",56132,2,306,0,0,1,81,1,225
"192.168.1.177",58122,2,206,0,0,1,87,1,119
"192.168.1.177",49902,2,273,0,0,1,84,1,189
"192.168.1.177",55423,2,313,0,0,1,84,1,229
"192.168.1.177",51716,2,186,0,0,1,85,1,101
"192.168.1.177",49800,2,226,0,0,1,85,1,141
"192.168.1.1",60393,6,2354,0,0,6,2354,0,0
"192.168.1.177",57015,2,221,0,0,1,80,1,141
"192.168.1.177",56862,2,383,0,0,1,72,1,311
"192.168.1.177",52410,2,411,0,0,1,72,1,339
"192.168.1.177",64340,2,371,0,0,1,71,1,300
"192.168.1.177",61580,2,399,0,0,1,71,1,328
"192.168.1.177",58574,2,346,0,0,1,80,1,266
"192.168.1.177",64801,2,442,0,0,1,80,1,362
"192.168.1.1",47963,2,884,0,0,2,884,0,0
"192.168.1.177",56973,2,418,0,0,1,74,1,344
"192.168.1.177",53052,2,303,0,0,1,91,1,212
"192.168.1.177",58909,2,348,0,0,1,91,1,257
"192.168.1.1",38946,6,2354,0,0,6,2354,0,0
"192.168.1.177",54883,2,297,0,0,1,86,1,211
"192.168.1.177",58894,2,154,0,0,1,69,1,85
"192.168.1.177",61859,2,138,0,0,1,69,1,69
"192.168.1.177",57540,4,306,0,0,2,145,2,161
"192.168.1.1",55748,2,884,0,0,2,884,0,0
"192.168.1.1",47754,3,976,0,0,3,976,0,0
"192.168.1.177",65490,2,306,0,0,1,84,1,222
"192.168.1.177",50541,2,330,0,0,1,84,1,246
"192.168.1.177",49540,2,247,0,0,1,79,1,168
"192.168.1.177",50880,2,271,0,0,1,79,1,192
"192.168.1.177",56432,2,221,0,0,1,77,1,144
"192.168.1.177",50265,2,265,0,0,1,77,1,188
"192.168.1.177",54303,2,278,0,0,1,73,1,205
"192.168.1.177",64960,2,322,0,0,1,73,1,249
"192.168.1.177",63928,2,154,0,0,1,69,1,85
"2001:14ba:a051:8c00:ad01:ffd8:f040:eb85",59493,1,89,0,0,1,89,0,0
"2001:14ba:a051:8c00:ad01:ffd8:f040:eb85",64261,2,190,0,0,2,190,0,0
"2001:14ba:a051:8c00:ad01:ffd8:f040:eb85",64782,1,89,0,0,1,89,0,0
"2001:14ba:a051:8c00:ad01:ffd8:f040:eb85",51646,1,89,0,0,1,89,0,0
"2001:14ba:a051:8c00:ad01:ffd8:f040:eb85",52411,1,89,0,0,1,89,0,0
"2001:14ba:a051:8c00:ad01:ffd8:f040:eb85",60891,1,89,0,0,1,89,0,0
"192.168.1.177",62451,2,154,0,0,1,69,1,85
"192.168.1.177",64057,2,138,0,0,1,69,1,69
"192.168.1.177",64532,2,138,0,0,1,69,1,69
"192.168.1.177",55719,2,154,0,0,1,69,1,85
"192.168.1.177",53448,2,138,0,0,1,69,1,69
"192.168.1.177",52569,2,206,0,0,1,89,1,117
"192.168.1.177",56722,2,235,0,0,1,89,1,146
"192.168.1.177",56723,4,868,0,0,4,868,0,0
"192.168.1.103",43513,1,167,0,0,1,167,0,0
"192.168.1.1",33924,2,884,0,0,2,884,0,0
"192.168.1.177",55643,2,154,0,0,1,69,1,85
"192.168.1.177",61935,2,138,0,0,1,69,1,69
"2001:14ba:a051:8c00:ad01:ffd8:f040:eb85",62095,1,89,0,0,1,89,0,0
"2001:14ba:a051:8c00:ad01:ffd8:f040:eb85",57872,1,89,0,0,1,89,0,0
"2001:14ba:a051:8c00:ad01:ffd8:f040:eb85",55804,1,89,0,0,1,89,0,0
"2001:14ba:a051:8c00:ad01:ffd8:f040:eb85",64492,1,89,0,0,1,89,0,0
"2001:14ba:a051:8c00:ad01:ffd8:f040:eb85",53036,1,89,0,0,1,89,0,0
"2001:14ba:a051:8c00:ad01:ffd8:f040:eb85",61850,1,89,0,0,1,89,0,0
"192.168.1.177",62392,2,154,0,0,1,69,1,85
"192.168.1.177",50867,2,138,0,0,1,69,1,69
"192.168.1.177",52353,2,154,0,0,1,69,1,85
"192.168.1.177",51875,2,138,0,0,1,69,1,69
"2001:14ba:a051:8c00:ad01:ffd8:f040:eb85",64328,1,89,0,0,1,89,0,0
"2001:14ba:a051:8c00:ad01:ffd8:f040:eb85",50383,1,89,0,0,1,89,0,0
"2001:14ba:a051:8c00:ad01:ffd8:f040:eb85",61069,1,89,0,0,1,89,0,0
"192.168.1.1",40812,6,2354,0,0,6,2354,0,0
"2001:14ba:a051:8c00:ad01:ffd8:f040:eb85",61005,1,89,0,0,1,89,0,0
"2001:14ba:a051:8c00:ad01:ffd8:f040:eb85",50060,1,89,0,0,1,89,0,0
"2001:14ba:a051:8c00:ad01:ffd8:f040:eb85",58848,1,89,0,0,1,89,0,0
"192.168.1.177",50839,2,268,0,0,1,78,1,190
"192.168.1.177",49580,2,213,0,0,1,78,1,135
"192.168.1.177",51908,2,246,0,0,1,86,1,160
"192.168.1.177",62385,2,260,0,0,1,86,1,174
"192.168.1.177",53570,2,246,0,0,1,86,1,160
"192.168.1.177",55318,2,209,0,0,1,76,1,133
"192.168.1.177",61420,2,197,0,0,1,76,1,121
"192.168.1.177",54520,2,246,0,0,1,95,1,151
"192.168.1.177",55926,2,270,0,0,1,95,1,175
"192.168.1.177",61426,2,247,0,0,1,95,1,152
"192.168.1.177",54846,2,186,0,0,1,79,1,107
"192.168.1.177",54727,2,174,0,0,1,79,1,95
"192.168.1.177",49453,2,208,0,0,1,79,1,129
"192.168.1.177",60208,2,210,0,0,1,79,1,131
"192.168.1.177",56215,2,232,0,0,1,79,1,153
"192.168.1.177",60779,2,196,0,0,1,84,1,112
"192.168.1.177",49537,2,184,0,0,1,84,1,100
"192.168.1.177",56846,2,225,0,0,1,84,1,141
"192.168.1.177",57105,4,467,0,0,2,171,2,296
"192.168.1.177",57356,2,166,0,0,1,75,1,91
"192.168.1.177",59476,2,200,0,0,1,75,1,125
"192.168.1.177",57855,2,190,0,0,1,81,1,109
"192.168.1.177",58952,2,178,0,0,1,81,1,97
"192.168.1.177",61219,2,219,0,0,1,81,1,138
"192.168.1.177",52766,2,256,0,0,1,75,1,181
"192.168.1.177",51745,2,279,0,0,1,75,1,204
"2001:14ba:a051:8c00:ad01:ffd8:f040:eb85",65449,9,11628,0,0,9,11628,0,0
"192.168.1.177",55436,77,16964,0,0,35,5370,42,11594
"216.58.210.142",443,77,16964,0,0,42,11594,35,5370
"2001:14ba:a051:8c00:ad01:ffd8:f040:eb85",56970,9,11628,0,0,9,11628,0,0
"2001:14ba:a051:8c00:ad01:ffd8:f040:eb85",63608,9,11628,0,0,9,11628,0,0
"2001:14ba:a051:8c00:ad01:ffd8:f040:eb85",55948,9,11628,0,0,9,11628,0,0
"2001:14ba:a051:8c00:ad01:ffd8:f040:eb85",50949,9,11628,0,0,9,11628,0,0
"2001:14ba:a051:8c00:ad01:ffd8:f040:eb85",63534,11,11836,0,0,11,11836,0,0
"192.168.1.177",49876,2,306,0,0,1,97,1,209
"192.168.1.177",60286,2,258,0,0,1,97,1,161
"192.168.1.177",51677,2,251,0,0,1,97,1,154
"192.168.1.177",54160,2,292,0,0,1,78,1,214
"192.168.1.177",59286,4,548,0,0,2,162,2,386
"2001:14ba:a051:8c00:ad01:ffd8:f040:eb85",50227,9,11628,0,0,9,11628,0,0
"2001:14ba:a051:8c00:ad01:ffd8:f040:eb85",55112,8,10336,0,0,8,10336,0,0
"2a00:1450:4010:c08::66",443,8,10336,0,0,0,0,8,10336
"192.168.1.177",57051,2,237,0,0,1,90,1,147
"192.168.1.177",50062,2,225,0,0,1,90,1,135
"192.168.1.177",64518,2,266,0,0,1,90,1,176
"2001:14ba:a051:8c00:ad01:ffd8:f040:eb85",49617,9,11628,0,0,9,11628,0,0
"192.168.1.177",52681,2,138,0,0,1,69,1,69
"192.168.1.177",53010,2,138,0,0,1,69,1,69
"192.168.1.177",49978,2,210,0,0,1,79,1,131
"192.168.1.177",61793,2,198,0,0,1,79,1,119
"192.168.1.177",53480,2,232,0,0,1,79,1,153
"2001:14ba:a051:8c00:ad01:ffd8:f040:eb85",64930,9,11628,0,0,9,11628,0,0
"192.168.1.177",51219,2,234,0,0,1,75,1,159
"192.168.1.177",56499,4,439,0,0,2,159,2,280
"192.168.1.177",63984,2,234,0,0,1,75,1,159
"192.168.1.177",63896,2,325,0,0,1,81,1,244
"192.168.1.177",55332,2,301,0,0,1,81,1,220
"192.168.1.177",55457,2,328,0,0,1,81,1,247
"192.168.1.177",53413,2,429,0,0,1,81,1,348
"192.168.1.177",55489,2,269,0,0,1,81,1,188
"192.168.1.177",57053,2,283,0,0,1,81,1,202
"192.168.1.177",51336,2,246,0,0,1,91,1,155
"192.168.1.177",59127,2,239,0,0,1,91,1,148
"192.168.1.177",56318,2,244,0,0,1,81,1,163
"192.168.1.177",61351,2,226,0,0,1,81,1,145
"192.168.1.177",64072,2,244,0,0,1,81,1,163
"192.168.1.177",53377,2,162,0,0,1,81,1,81
"192.168.1.177",59080,2,226,0,0,1,81,1,145
"192.168.1.177",64930,2,244,0,0,1,81,1,163
"192.168.1.177",63573,2,282,0,0,1,81,1,201
"192.168.1.177",49595,2,311,0,0,1,81,1,230
"192.168.1.177",53238,2,313,0,0,1,84,1,229
"192.168.1.177",65399,2,273,0,0,1,84,1,189
"192.168.1.177",53550,2,276,0,0,1,82,1,194
"192.168.1.177",52258,2,251,0,0,1,82,1,169
"192.168.1.1",41336,1,92,0,0,1,92,0,0
"192.168.1.177",60665,2,229,0,0,1,84,1,145
"192.168.1.177",50506,2,184,0,0,1,76,1,108
"192.168.1.177",61072,2,225,0,0,1,76,1,149
"192.168.1.177",64747,2,264,0,0,1,84,1,180
"192.168.1.177",52421,2,215,0,0,1,84,1,131
"192.168.1.177",57063,2,264,0,0,1,84,1,180
"192.168.1.1",49887,6,2354,0,0,6,2354,0,0
"192.168.1.177",64655,2,241,0,0,1,90,1,151
"192.168.1.177",50399,2,196,0,0,1,90,1,106
"192.168.1.177",49986,2,241,0,0,1,90,1,151
"192.168.1.177",63179,2,198,0,0,1,71,1,127
"192.168.1.177",52910,2,290,0,0,1,71,1,219
"192.168.1.1",44662,2,884,0,0,2,884,0,0
"192.168.1.177",64923,2,229,0,0,1,77,1,152
"192.168.1.177",58307,2,217,0,0,1,77,1,140
"192.168.1.177",52605,2,262,0,0,1,77,1,185
"192.168.1.177",57778,2,184,0,0,1,84,1,100
"192.168.1.177",62108,2,225,0,0,1,84,1,141
"192.168.1.177",54090,2,178,0,0,1,75,1,103
"192.168.1.177",58053,2,207,0,0,1,75,1,132
"192.168.1.177",64851,2,196,0,0,1,84,1,112
"192.168.1.177",62291,2,184,0,0,1,84,1,100
"192.168.1.177",61068,2,182,0,0,1,77,1,105
"192.168.1.177",60799,2,170,0,0,1,77,1,93
"2001:14ba:a051:8c00:ad01:ffd8:f040:eb85",55223,5,6460,0,0,5,6460,0,0
"2001:14ba:a051:8c00:ad01:ffd8:f040:eb85",59793,5,6460,0,0,5,6460,0,0
"192.168.1.177",62082,2,195,0,0,1,72,1,123
"192.168.1.177",53073,2,160,0,0,1,72,1,88
"192.168.1.1",57175,6,2354,0,0,6,2354,0,0
"192.168.1.1",38064,2,884,0,0,2,884,0,0
"192.168.1.177",55239,2,316,0,0,1,84,1,232
"192.168.1.177",61999,2,276,0,0,1,84,1,192
"192.168.1.177",64175,2,318,0,0,1,84,1,234
"192.168.1.177",56400,2,180,0,0,1,76,1,104
"192.168.1.177",61965,2,245,0,0,1,76,1,169
"192.168.1.177",64198,2,242,0,0,1,79,1,163
"192.168.1.177",62889,2,222,0,0,1,79,1,143
"192.168.1.177",57454,135,109390,0,0,53,9890,82,99500
"108.156.22.66",443,135,109390,0,0,82,99500,53,9890
"192.168.1.177",51367,2,188,0,0,1,80,1,108
"192.168.1.177",54870,2,176,0,0,1,80,1,96
"192.168.1.177",64062,2,217,0,0,1,80,1,137
"2001:14ba:a051:8c00:ad01:ffd8:f040:eb85",49599,5,6460,0,0,5,6460,0,0
"2a00:1450:4026:804::2003",443,5,6460,0,0,0,0,5,6460
"192.168.1.177",59711,2,214,0,0,1,76,1,138
"192.168.1.177",49785,2,202,0,0,1,76,1,126
"192.168.1.177",64615,2,247,0,0,1,76,1,171
"192.168.1.177",64254,2,220,0,0,1,82,1,138
"192.168.1.177",57652,2,312,0,0,1,82,1,230
"192.168.1.177",54367,2,229,0,0,1,84,1,145
"192.168.1.177",58395,2,198,0,0,1,91,1,107
"192.168.1.177",59592,4,868,0,0,4,868,0,0
"2001:14ba:a051:8c00:ad01:ffd8:f040:eb85",60287,5,6460,0,0,5,6460,0,0
"2606:4700:310c::ac42:2f20",443,5,6460,0,0,0,0,5,6460
"192.168.1.1",43095,6,2354,0,0,6,2354,0,0
"192.168.1.1",54842,2,884,0,0,2,884,0,0
"192.168.1.177",56977,2,226,0,0,1,71,1,155
"192.168.1.177",50833,2,190,0,0,1,71,1,119
"192.168.1.177",57656,2,226,0,0,1,71,1,155
"192.168.1.177",63072,4,429,0,0,3,249,1,180
"192.168.1.177",55619,2,275,0,0,1,83,1,192
"2001:14ba:a051:8c00:ad01:ffd8:f040:eb85",63072,6,618,0,0,6,618,0,0
"2001:14ba:a051:8c00:ad01:ffd8:f040:eb85",55619,1,103,0,0,1,103,0,0
"192.168.1.177",55444,2,255,0,0,1,84,1,171
"192.168.1.177",58538,2,184,0,0,1,84,1,100
"192.168.1.1",39430,6,2354,0,0,6,2354,0,0
"192.168.1.1",44687,2,884,0,0,2,884,0,0
"192.168.1.1",51331,1,92,0,0,1,92,0,0
"192.168.1.177",51207,2,172,0,0,1,78,1,94
"192.168.1.177",61489,2,184,0,0,1,78,1,106
"192.168.1.177",63070,2,249,0,0,1,84,1,165
"192.168.1.177",63791,2,184,0,0,1,84,1,100
"192.168.1.177",63071,25,10459,0,0,10,3793,15,6666
"34.117.14.220",443,46,18173,0,0,25,10404,21,7769
"192.168.1.177",61469,2,168,0,0,1,84,1,84
"2001:14ba:a051:8c00:ad01:ffd8:f040:eb85",65113,5,6460,0,0,5,6460,0,0
"192.168.1.1",50566,6,2354,0,0,6,2354,0,0
"192.168.1.1",51960,2,884,0,0,2,884,0,0
"192.168.1.1",54347,6,2354,0,0,6,2354,0,0
"192.168.1.1",60105,2,884,0,0,2,884,0,0
"192.168.1.103",37546,1,167,0,0,1,167,0,0
"192.168.1.1",55788,1,92,0,0,1,92,0,0
"192.168.1.253",64104,4,868,0,0,4,868,0,0
"192.168.1.1",53562,6,2354,0,0,6,2354,0,0
"192.168.1.1",41662,2,884,0,0,2,884,0,0
"192.168.1.1",47086,6,2354,0,0,6,2354,0,0
"192.168.1.1",38444,2,884,0,0,2,884,0,0
"2001:14ba:a051:8c00:ad01:ffd8:f040:eb85",53563,2,186,0,0,2,186,0,0
"2001:14ba:a051:8c00:ad01:ffd8:f040:eb85",53154,2,208,0,0,2,208,0,0
"192.168.1.177",53563,2,203,0,0,1,73,1,130
"192.168.1.177",53154,2,291,0,0,1,84,1,207
"2001:14ba:a051:8c00:ad01:ffd8:f040:eb85",59078,1,122,0,0,1,122,0,0
"2001:14ba:a051:8c00:ad01:ffd8:f040:eb85",58052,1,122,0,0,1,122,0,0
"192.168.1.177",59078,2,220,0,0,1,102,1,118
"192.168.1.177",58052,2,232,0,0,1,102,1,130
"2001:14ba:a051:8c00:ad01:ffd8:f040:eb85",59372,1,101,0,0,1,101,0,0
"2001:14ba:a051:8c00:ad01:ffd8:f040:eb85",52692,1,101,0,0,1,101,0,0
"192.168.1.177",52692,2,190,0,0,1,81,1,109
"192.168.1.177",59372,2,178,0,0,1,81,1,97
"2001:14ba:a051:8c00:ad01:ffd8:f040:eb85",52244,1,101,0,0,1,101,0,0
"192.168.1.177",52244,2,190,0,0,1,81,1,109
"192.168.1.1",47130,6,2354,0,0,6,2354,0,0
"192.168.1.1",46485,2,884,0,0,2,884,0,0
"192.168.1.1",46953,1,92,0,0,1,92,0,0
"192.168.1.1",58857,6,2354,0,0,6,2354,0,0
"192.168.1.1",39094,2,884,0,0,2,884,0,0
"192.168.1.177",50061,4,868,0,0,4,868,0,0
"192.168.1.1",40719,6,2354,0,0,6,2354,0,0
"192.168.1.1",38505,2,884,0,0,2,884,0,0
"2001:14ba:a051:8c00:ad01:ffd8:f040:eb85",56780,2,190,0,0,2,190,0,0
"192.168.1.177",56780,2,166,0,0,1,75,1,91
"192.168.1.1",54662,6,2354,0,0,6,2354,0,0
"192.168.1.1",58049,3,976,0,0,3,976,0,0
"192.168.1.103",48312,1,167,0,0,1,167,0,0
"2001:14ba:a051:8c00:ad01:ffd8:f040:eb85",61382,1,96,0,0,1,96,0,0
"2001:14ba:a051:8c00:ad01:ffd8:f040:eb85",62522,1,96,0,0,1,96,0,0
"192.168.1.177",62522,2,217,0,0,1,76,1,141
"192.168.1.177",61382,2,205,0,0,1,76,1,129
"2001:14ba:a051:8c00:ad01:ffd8:f040:eb85",57569,1,103,0,0,1,103,0,0
"2001:14ba:a051:8c00:ad01:ffd8:f040:eb85",50255,1,96,0,0,1,96,0,0
"192.168.1.177",57569,2,182,0,0,1,83,1,99
"2001:14ba:a051:8c00:ad01:ffd8:f040:eb85",54892,1,103,0,0,1,103,0,0
"192.168.1.177",50255,2,205,0,0,1,76,1,129
"192.168.1.177",54892,2,194,0,0,1,83,1,111
"192.168.1.1",45541,1,92,0,0,1,92,0,0
"192.168.1.177",54893,4,848,0,0,4,848,0,0
"2001:14ba:a051:8c00:ad01:ffd8:f040:eb85",60032,1,111,0,0,1,111,0,0
"192.168.1.177",60032,2,198,0,0,1,91,1,107
"192.168.1.1",59230,6,2354,0,0,6,2354,0,0
"192.168.1.1",51240,2,884,0,0,2,884,0,0
"192.168.1.1",57678,6,2354,0,0,6,2354,0,0
"192.168.1.1",35753,2,884,0,0,2,884,0,0
"2001:14ba:a051:8c00:ad01:ffd8:f040:eb85",58675,2,198,0,0,2,198,0,0
"192.168.1.177",58675,2,174,0,0,1,79,1,95
"192.168.1.177",58676,4,868,0,0,4,868,0,0
"192.168.1.1",38183,6,2354,0,0,6,2354,0,0
"192.168.1.1",58261,2,884,0,0,2,884,0,0
"192.168.1.1",48619,6,2354,0,0,6,2354,0,0
"192.168.1.1",59498,2,884,0,0,2,884,0,0
"2001:14ba:a051:8c00:ad01:ffd8:f040:eb85",64031,1,107,0,0,1,107,0,0
"192.168.1.177",64031,2,223,0,0,1,87,1,136
"2001:14ba:a051:8c00:ad01:ffd8:f040:eb85",62687,1,107,0,0,1,107,0,0
"192.168.1.177",62687,2,235,0,0,1,87,1,148
"2001:14ba:a051:8c00:ad01:ffd8:f040:eb85",50629,1,107,0,0,1,107,0,0
"192.168.1.177",50629,2,207,0,0,1,87,1,120
"2001:14ba:a051:8c00:ad01:ffd8:f040:eb85",57132,1,105,0,0,1,105,0,0
"192.168.1.177",57132,2,231,0,0,1,85,1,146
"2001:14ba:a051:8c00:ad01:ffd8:f040:eb85",55577,1,108,0,0,1,108,0,0
"192.168.1.177",55577,2,192,0,0,1,88,1,104
"2001:14ba:a051:8c00:ad01:ffd8:f040:eb85",54994,1,108,0,0,1,108,0,0
"192.168.1.177",54994,2,204,0,0,1,88,1,116
"2001:14ba:a051:8c00:ad01:ffd8:f040:eb85",56786,1,108,0,0,1,108,0,0
"192.168.1.177",56786,2,243,0,0,1,88,1,155
"2001:14ba:a051:8c00:ad01:ffd8:f040:eb85",59860,84,9040,0,0,84,9040,0,0
"2001:14ba:a051:8c00:ad01:ffd8:f040:eb85",53108,1,100,0,0,1,100,0,0
"192.168.1.177",53108,2,207,0,0,1,80,1,127
"2001:14ba:a051:8c00:ad01:ffd8:f040:eb85",64925,1,108,0,0,1,108,0,0
"192.168.1.177",64925,2,176,0,0,1,88,1,88
"192.168.1.1",59847,6,2354,0,0,6,2354,0,0
"192.168.1.1",47940,2,884,0,0,2,884,0,0
"2001:14ba:a051:8c00:ad01:ffd8:f040:eb85",60075,1,89,0,0,1,89,0,0
"2001:14ba:a051:8c00:ad01:ffd8:f040:eb85",52804,1,89,0,0,1,89,0,0
"192.168.1.177",52804,2,138,0,0,1,69,1,69
"192.168.1.177",60075,2,154,0,0,1,69,1,85
"192.168.1.177",51452,2,154,0,0,1,69,1,85
"192.168.1.177",58835,2,138,0,0,1,69,1,69
"192.168.1.1",54467,6,2354,0,0,6,2354,0,0
"192.168.1.1",38148,2,884,0,0,2,884,0,0
"192.168.1.103",41611,1,167,0,0,1,167,0,0
"192.168.1.177",62243,2,154,0,0,1,69,1,85
"192.168.1.177",64897,2,138,0,0,1,69,1,69
"192.168.1.253",49238,4,868,0,0,4,868,0,0
"192.168.1.1",50877,6,2354,0,0,6,2354,0,0
"192.168.1.1",48305,2,884,0,0,2,884,0,0
"192.168.1.177",51693,2,166,0,0,1,75,1,91
"192.168.1.1",36530,6,2354,0,0,6,2354,0,0
"192.168.1.1",37017,1,92,0,0,1,92,0,0
"192.168.1.1",36746,2,884,0,0,2,884,0,0
"192.168.1.1",47001,6,2354,0,0,6,2354,0,0
"192.168.1.1",38803,2,884,0,0,2,884,0,0
"2001:14ba:a051:8c00:ad01:ffd8:f040:eb85",56347,2,192,0,0,2,192,0,0
"192.168.1.177",56347,2,186,0,0,1,76,1,110
"2001:14ba:a051:8c00:ad01:ffd8:f040:eb85",63060,1,96,0,0,1,96,0,0
"2001:14ba:a051:8c00:ad01:ffd8:f040:eb85",63734,1,96,0,0,1,96,0,0
"2001:14ba:a051:8c00:ad01:ffd8:f040:eb85",52780,1,96,0,0,1,96,0,0
"192.168.1.177",52780,2,210,0,0,1,76,1,134
"2001:14ba:a051:8c00:ad01:ffd8:f040:eb85",60065,1,96,0,0,1,96,0,0
"192.168.1.177",60065,2,210,0,0,1,76,1,134
"192.168.1.1",36051,6,2354,0,0,6,2354,0,0
"192.168.1.1",53087,2,884,0,0,2,884,0,0
"192.168.1.1",59435,1,92,0,0,1,92,0,0
"192.168.1.1",41247,6,2354,0,0,6,2354,0,0
"192.168.1.1",45932,2,884,0,0,2,884,0,0
"2001:14ba:a051:8c00:ad01:ffd8:f040:eb85",52917,1,108,0,0,1,108,0,0
"2001:14ba:a051:8c00:ad01:ffd8:f040:eb85",51445,1,123,0,0,1,123,0,0
"192.168.1.177",52917,2,192,0,0,1,88,1,104
"192.168.1.177",51445,2,222,0,0,1,103,1,119
"192.168.1.1",46836,6,2354,0,0,6,2354,0,0
"192.168.1.1",50091,2,884,0,0,2,884,0,0
"192.168.1.177",51446,4,848,0,0,4,848,0,0
"2001:14ba:a051:8c00:ad01:ffd8:f040:eb85",54582,1,95,0,0,1,95,0,0
"2001:14ba:a051:8c00:ad01:ffd8:f040:eb85",61413,1,95,0,0,1,95,0,0
"192.168.1.177",54582,2,166,0,0,1,75,1,91
"192.168.1.177",61413,2,178,0,0,1,75,1,103
"2001:14ba:a051:8c00:ad01:ffd8:f040:eb85",50111,1,95,0,0,1,95,0,0
"192.168.1.177",50111,2,166,0,0,1,75,1,91
"2001:14ba:a051:8c00:ad01:ffd8:f040:eb85",63840,1,95,0,0,1,95,0,0
"192.168.1.177",63840,2,178,0,0,1,75,1,103
"192.168.1.1",50847,6,2354,0,0,6,2354,0,0
"192.168.1.1",34128,2,884,0,0,2,884,0,0
"192.168.1.1",54770,1,92,0,0,1,92,0,0
"192.168.1.1",46575,2,884,0,0,2,884,0,0
"192.168.1.177",50256,4,868,0,0,4,868,0,0
"192.168.1.1",35583,6,2354,0,0,6,2354,0,0
"192.168.1.1",43038,2,884,0,0,2,884,0,0
"192.168.1.1",55358,1,353,0,0,1,353,0,0
"192.168.1.1",35258,1,362,0,0,1,362,0,0
"192.168.1.1",36232,1,417,0,0,1,417,0,0
"192.168.1.1",58998,1,349,0,0,1,349,0,0
"192.168.1.1",57380,1,310,0,0,1,310,0,0
"192.168.1.1",51879,1,369,0,0,1,369,0,0
"192.168.1.1",41080,1,310,0,0,1,310,0,0
"192.168.1.1",42885,1,427,0,0,1,427,0,0
"192.168.1.1",34189,1,415,0,0,1,415,0,0
"192.168.1.1",60356,1,353,0,0,1,353,0,0
"192.168.1.1",53904,1,425,0,0,1,425,0,0
"192.168.1.1",58273,1,362,0,0,1,362,0,0
"192.168.1.1",43878,1,417,0,0,1,417,0,0
"192.168.1.1",49353,1,349,0,0,1,349,0,0
"192.168.1.1",33552,1,310,0,0,1,310,0,0
"192.168.1.1",49864,1,433,0,0,1,433,0,0
"192.168.1.1",46456,1,369,0,0,1,369,0,0
"192.168.1.1",58948,1,310,0,0,1,310,0,0
"192.168.1.1",56867,1,427,0,0,1,427,0,0
"192.168.1.1",42281,1,415,0,0,1,415,0,0
"192.168.1.1",34598,1,353,0,0,1,353,0,0
"192.168.1.1",58983,1,425,0,0,1,425,0,0
"192.168.1.1",45684,1,362,0,0,1,362,0,0
"192.168.1.1",48446,1,417,0,0,1,417,0,0
"192.168.1.1",51120,1,349,0,0,1,349,0,0
"192.168.1.1",33808,1,310,0,0,1,310,0,0
"192.168.1.1",44893,1,433,0,0,1,433,0,0
"192.168.1.1",53718,1,369,0,0,1,369,0,0
"192.168.1.1",34014,1,310,0,0,1,310,0,0
"192.168.1.1",57702,1,427,0,0,1,427,0,0
"192.168.1.1",55900,1,415,0,0,1,415,0,0
"192.168.1.1",44134,6,2354,0,0,6,2354,0,0
"192.168.1.1",42433,2,884,0,0,2,884,0,0
"192.168.1.103",39147,1,167,0,0,1,167,0,0
"192.168.1.1",54779,1,92,0,0,1,92,0,0
"192.168.1.1",40167,6,2354,0,0,6,2354,0,0
"192.168.1.1",40383,2,884,0,0,2,884,0,0
"192.168.1.1",38734,6,2354,0,0,6,2354,0,0
"192.168.1.1",34996,2,884,0,0,2,884,0,0
"2001:14ba:a051:8c00:ad01:ffd8:f040:eb85",60008,2,190,0,0,2,190,0,0
"192.168.1.177",60008,2,230,0,0,1,75,1,155
"2001:14ba:a051:8c00:ad01:ffd8:f040:eb85",54997,1,114,0,0,1,114,0,0
"192.168.1.177",54997,2,220,0,0,1,94,1,126
"192.168.1.253",49526,4,868,0,0,4,868,0,0
"2001:14ba:a051:8c00:ad01:ffd8:f040:eb85",51696,1,96,0,0,1,96,0,0
"2001:14ba:a051:8c00:ad01:ffd8:f040:eb85",59967,1,96,0,0,1,96,0,0
"192.168.1.177",51696,2,168,0,0,1,76,1,92
"2001:14ba:a051:8c00:ad01:ffd8:f040:eb85",50596,1,96,0,0,1,96,0,0
"34.120.214.181",443,49,41951,0,0,38,38283,11,3668
"192.168.1.177",50596,2,168,0,0,1,76,1,92
"2001:14ba:a051:8c00:ad01:ffd8:f040:eb85",51153,1,96,0,0,1,96,0,0
"192.168.1.177",51153,2,152,0,0,1,76,1,76
"2001:14ba:a051:8c00:ad01:ffd8:f040:eb85",62186,1,99,0,0,1,99,0,0
"192.168.1.177",62186,2,286,0,0,1,79,1,207
"192.168.1.1",42518,6,2354,0,0,6,2354,0,0
"192.168.1.1",49106,2,884,0,0,2,884,0,0
"192.168.1.1",59550,1,92,0,0,1,92,0,0
"192.168.1.1",36675,6,2354,0,0,6,2354,0,0
"192.168.1.1",32781,2,884,0,0,2,884,0,0
"192.168.1.1",40378,6,2354,0,0,6,2354,0,0
"192.168.1.1",48050,2,884,0,0,2,884,0,0
"2001:14ba:a051:8c00:ad01:ffd8:f040:eb85",56097,1,94,0,0,1,94,0,0
"192.168.1.177",56097,2,164,0,0,1,74,1,90
"192.168.1.1",44970,6,2354,0,0,6,2354,0,0
"2001:14ba:a051:8c00:ad01:ffd8:f040:eb85",64465,1,110,0,0,1,110,0,0
"192.168.1.177",64465,2,312,0,0,1,90,1,222
"2001:14ba:a051:8c00:ad01:ffd8:f040:eb85",49895,1,123,0,0,1,123,0,0
"2001:14ba:a051:8c00:ad01:ffd8:f040:eb85",51271,1,100,0,0,1,100,0,0
"192.168.1.177",49895,2,222,0,0,1,103,1,119
"192.168.1.1",43786,2,884,0,0,2,884,0,0
"2001:14ba:a051:8c00:ad01:ffd8:f040:eb85",60976,1,108,0,0,1,108,0,0
"192.168.1.177",60976,2,192,0,0,1,88,1,104
"2001:14ba:a051:8c00:ad01:ffd8:f040:eb85",64575,1,111,0,0,1,111,0,0
"192.168.1.177",64575,2,198,0,0,1,91,1,107
"2001:14ba:a051:8c00:ad01:ffd8:f040:eb85",58137,2,200,0,0,2,200,0,0
"192.168.1.1",37420,1,92,0,0,1,92,0,0
"192.168.1.177",58137,2,197,0,0,1,80,1,117
"2001:14ba:a051:8c00:ad01:ffd8:f040:eb85",53881,1,97,0,0,1,97,0,0
"192.168.1.177",53881,2,170,0,0,1,77,1,93
"192.168.1.1",52386,6,2354,0,0,6,2354,0,0
"2001:14ba:a051:8c00:ad01:ffd8:f040:eb85",54293,2,210,0,0,2,210,0,0
"192.168.1.1",41279,2,884,0,0,2,884,0,0
"192.168.1.177",54293,2,215,0,0,1,85,1,130
"2001:14ba:a051:8c00:ad01:ffd8:f040:eb85",59982,1,116,0,0,1,116,0,0
"192.168.1.177",59982,2,208,0,0,1,96,1,112
"2001:14ba:a051:8c00:ad01:ffd8:f040:eb85",59672,1,100,0,0,1,100,0,0
"192.168.1.177",59672,2,176,0,0,1,80,1,96
"2001:14ba:a051:8c00:ad01:ffd8:f040:eb85",62488,1,96,0,0,1,96,0,0
"2001:14ba:a051:8c00:ad01:ffd8:f040:eb85",55066,1,96,0,0,1,96,0,0
"2001:14ba:a051:8c00:ad01:ffd8:f040:eb85",49905,1,110,0,0,1,110,0,0
"192.168.1.177",62488,2,184,0,0,1,76,1,108
"192.168.1.177",55066,2,208,0,0,1,76,1,132
"2001:14ba:a051:8c00:ad01:ffd8:f040:eb85",59807,1,96,0,0,1,96,0,0
"192.168.1.177",59807,2,184,0,0,1,76,1,108
"2001:14ba:a051:8c00:ad01:ffd8:f040:eb85",64543,1,96,0,0,1,96,0,0
"192.168.1.177",64543,2,208,0,0,1,76,1,132
"192.168.1.1",50875,6,2354,0,0,6,2354,0,0
"192.168.1.1",46330,2,884,0,0,2,884,0,0
"192.168.1.177",64544,4,848,0,0,4,848,0,0
"192.168.1.1",36993,6,2354,0,0,6,2354,0,0
"192.168.1.1",35451,2,884,0,0,2,884,0,0
"192.168.1.1",56514,6,2354,0,0,6,2354,0,0
"192.168.1.1",56384,2,884,0,0,2,884,0,0
"192.168.1.1",36504,1,92,0,0,1,92,0,0
"192.168.1.177",59405,4,868,0,0,4,868,0,0
"192.168.1.1",42557,6,2354,0,0,6,2354,0,0
"192.168.1.1",34239,2,884,0,0,2,884,0,0
"192.168.1.1",33507,6,2354,0,0,6,2354,0,0
"192.168.1.1",36404,2,884,0,0,2,884,0,0
"192.168.1.1",42030,1,92,0,0,1,92,0,0
"2001:14ba:a051:8c00:ad01:ffd8:f040:eb85",50066,2,182,0,0,2,182,0,0
"192.168.1.177",50066,2,158,0,0,1,71,1,87
"192.168.1.1",38024,2,884,0,0,2,884,0,0
"192.168.1.1",39862,6,2354,0,0,6,2354,0,0
"192.168.1.1",51678,2,884,0,0,2,884,0,0
"2001:14ba:a051:8c00:ad01:ffd8:f040:eb85",58699,1,94,0,0,1,94,0,0
"2001:14ba:a051:8c00:ad01:ffd8:f040:eb85",54629,1,94,0,0,1,94,0,0
"192.168.1.177",54629,2,204,0,0,1,74,1,130
"192.168.1.177",58699,2,180,0,0,1,74,1,106
"192.168.1.253",61895,4,868,0,0,4,868,0,0
"192.168.1.1",58735,6,2354,0,0,6,2354,0,0
"192.168.1.1",40179,2,884,0,0,2,884,0,0
"2001:14ba:a051:8c00:ad01:ffd8:f040:eb85",53101,1,96,0,0,1,96,0,0
"192.168.1.177",53101,2,168,0,0,1,76,1,92
"192.168.1.1",43421,6,2354,0,0,6,2354,0,0
"192.168.1.1",49551,2,884,0,0,2,884,0,0
"192.168.1.1",40344,1,92,0,0,1,92,0,0
"2001:14ba:a051:8c00:ad01:ffd8:f040:eb85",61235,1,106,0,0,1,106,0,0
"2001:14ba:a051:8c00:ad01:ffd8:f040:eb85",53319,1,106,0,0,1,106,0,0
"192.168.1.177",53319,2,317,0,0,1,86,1,231
"192.168.1.177",61235,2,243,0,0,1,86,1,157
"2001:14ba:a051:8c00:ad01:ffd8:f040:eb85",52691,1,121,0,0,1,121,0,0
"192.168.1.177",52691,2,218,0,0,1,101,1,117
"2001:14ba:a051:8c00:ad01:ffd8:f040:eb85",53995,1,121,0,0,1,121,0,0
"192.168.1.177",53995,2,202,0,0,1,101,1,101
"2001:14ba:a051:8c00:ad01:ffd8:f040:eb85",61193,1,104,0,0,1,104,0,0
"2001:14ba:a051:8c00:ad01:ffd8:f040:eb85",58281,1,104,0,0,1,104,0,0
"192.168.1.177",58281,2,249,0,0,1,84,1,165
"192.168.1.177",61193,2,184,0,0,1,84,1,100
"2001:14ba:a051:8c00:ad01:ffd8:f040:eb85",59676,1,104,0,0,1,104,0,0
"192.168.1.177",58282,21,7714,0,0,11,3976,10,3738
"192.168.1.177",59676,2,184,0,0,1,84,1,100
"2001:14ba:a051:8c00:ad01:ffd8:f040:eb85",58206,1,104,0,0,1,104,0,0
"192.168.1.177",58206,2,168,0,0,1,84,1,84
"192.168.1.103",44641,1,167,0,0,1,167,0,0
"192.168.1.1",51882,6,2354,0,0,6,2354,0,0
"192.168.1.1",46430,6,2354,0,0,6,2354,0,0
"192.168.1.1",59918,2,884,0,0,2,884,0,0
"192.168.1.1",40569,6,2354,0,0,6,2354,0,0
"192.168.1.1",35178,2,884,0,0,2,884,0,0
"fe80::3c64:85d8:f884:544c",546,2,254,0,0,1,120,1,134
"ff02::1:2",547,1,120,0,0,0,0,1,120
"fe80::7e77:16ff:fea8:cf20",49009,1,134,0,0,1,134,0,0
"fe80::3c64:85d8:f884:544c",58073,1,87,0,0,1,87,0,0
"192.168.1.177",58073,1,67,0,0,1,67,0,0
"192.168.1.1",41292,6,2354,0,0,6,2354,0,0
"192.168.1.1",47765,2,884,0,0,2,884,0,0
"2001:14ba:a051:8c00:ad01:ffd8:f040:eb85",53089,2,206,0,0,2,206,0,0
"2001:14ba:a051:8c00:ad01:ffd8:f040:eb85",64455,2,206,0,0,2,206,0,0
"192.168.1.177",53089,2,182,0,0,1,83,1,99
"192.168.1.177",64455,2,222,0,0,1,83,1,139
"2001:14ba:a051:8c00:ad01:ffd8:f040:eb85",53835,1,103,0,0,1,103,0,0
"192.168.1.177",53835,2,182,0,0,1,83,1,99
"2001:14ba:a051:8c00:ad01:ffd8:f040:eb85",50101,1,103,0,0,1,103,0,0
"192.168.1.177",50101,2,222,0,0,1,83,1,139
"192.168.1.177",50102,4,848,0,0,4,848,0,0
"192.168.1.1",60175,6,2354,0,0,6,2354,0,0
"2001:14ba:a051:8c00:ad01:ffd8:f040:eb85",49520,2,206,0,0,2,206,0,0
"2001:14ba:a051:8c00:ad01:ffd8:f040:eb85",56840,2,206,0,0,2,206,0,0
"192.168.1.1",60079,2,884,0,0,2,884,0,0
"192.168.1.177",56840,2,291,0,0,1,83,1,208
"192.168.1.177",49520,2,254,0,0,1,83,1,171
"192.168.1.1",43036,6,2354,0,0,6,2354,0,0
"192.168.1.1",59189,2,884,0,0,2,884,0,0
"192.168.1.1",41792,1,92,0,0,1,92,0,0
"2001:14ba:a051:8c00:ad01:ffd8:f040:eb85",58993,1,103,0,0,1,103,0,0
"2001:14ba:a051:8c00:ad01:ffd8:f040:eb85",51635,1,103,0,0,1,103,0,0
"192.168.1.177",58993,2,182,0,0,1,83,1,99
"192.168.1.177",51635,2,194,0,0,1,83,1,111
"2001:14ba:a051:8c00:ad01:ffd8:f040:eb85",57465,1,103,0,0,1,103,0,0
"192.168.1.177",57465,2,182,0,0,1,83,1,99
"2001:14ba:a051:8c00:ad01:ffd8:f040:eb85",64301,1,103,0,0,1,103,0,0
"192.168.1.177",64301,2,194,0,0,1,83,1,111
"192.168.1.177",64302,4,868,0,0,4,868,0,0
"192.168.1.1",39619,6,2354,0,0,6,2354,0,0
"192.168.1.1",35238,2,884,0,0,2,884,0,0
"192.168.1.1",52979,6,2354,0,0,6,2354,0,0
"192.168.1.1",59541,2,884,0,0,2,884,0,0
"fe80::3c64:85d8:f884:544c",64305,7,5026,0,0,7,5026,0,0
"192.168.1.177",64304,7,4886,0,0,7,4886,0,0
"2001:14ba:a051:8c00:ad01:ffd8:f040:eb85",54796,1,96,0,0,1,96,0,0
"2001:14ba:a051:8c00:ad01:ffd8:f040:eb85",58669,1,96,0,0,1,96,0,0
"192.168.1.177",54796,2,247,0,0,1,76,1,171
"192.168.1.177",58669,2,287,0,0,1,76,1,211
"2001:14ba:a051:8c00:ad01:ffd8:f040:eb85",51260,1,110,0,0,1,110,0,0
"2001:14ba:a051:8c00:ad01:ffd8:f040:eb85",54264,1,110,0,0,1,110,0,0
"192.168.1.177",54264,2,354,0,0,1,90,1,264
"192.168.1.177",51260,2,309,0,0,1,90,1,219
"192.168.1.1",42637,6,2354,0,0,6,2354,0,0
"192.168.1.1",54131,2,884,0,0,2,884,0,0
"192.168.1.1",34298,1,92,0,0,1,92,0,0
"192.168.1.1",44457,6,2354,0,0,6,2354,0,0
"192.168.1.1",41212,2,884,0,0,2,884,0,0
"2001:14ba:a051:8c00:ad01:ffd8:f040:eb85",57077,1,108,0,0,1,108,0,0
"192.168.1.177",57077,2,192,0,0,1,88,1,104
"192.168.1.253",50963,4,868,0,0,4,868,0,0
"192.168.1.1",49618,6,2354,0,0,6,2354,0,0
"192.168.1.1",35365,2,884,0,0,2,884,0,0
"192.168.1.1",42999,6,2354,0,0,6,2354,0,0
"2001:14ba:a051:8c00:ad01:ffd8:f040:eb85",64468,1,98,0,0,1,98,0,0
"2001:14ba:a051:8c00:ad01:ffd8:f040:eb85",61450,1,98,0,0,1,98,0,0
"192.168.1.177",61450,2,208,0,0,1,78,1,130
"192.168.1.177",64468,2,172,0,0,1,78,1,94
"2001:14ba:a051:8c00:ad01:ffd8:f040:eb85",56333,1,98,0,0,1,98,0,0
"192.168.1.177",56333,2,172,0,0,1,78,1,94
"2001:14ba:a051:8c00:ad01:ffd8:f040:eb85",57896,1,98,0,0,1,98,0,0
"192.168.1.177",57896,2,156,0,0,1,78,1,78
"192.168.1.1",51178,2,884,0,0,2,884,0,0
"2001:14ba:a051:8c00:ad01:ffd8:f040:eb85",63999,1,96,0,0,1,96,0,0
"192.168.1.177",63999,2,186,0,0,1,76,1,110
"2001:14ba:a051:8c00:ad01:ffd8:f040:eb85",53706,1,96,0,0,1,96,0,0
"192.168.1.177",53706,2,168,0,0,1,76,1,92
"2001:14ba:a051:8c00:ad01:ffd8:f040:eb85",62094,1,94,0,0,1,94,0,0
"2001:14ba:a051:8c00:ad01:ffd8:f040:eb85",57593,1,94,0,0,1,94,0,0
"192.168.1.177",57593,2,232,0,0,1,74,1,158
"192.168.1.177",62094,2,164,0,0,1,74,1,90
"192.168.1.1",58780,1,92,0,0,1,92,0,0
"2001:14ba:a051:8c00:ad01:ffd8:f040:eb85",62978,1,105,0,0,1,105,0,0
"2001:14ba:a051:8c00:ad01:ffd8:f040:eb85",49863,1,105,0,0,1,105,0,0
"192.168.1.177",62978,2,215,0,0,1,85,1,130
"192.168.1.177",49863,2,227,0,0,1,85,1,142
"2001:14ba:a051:8c00:ad01:ffd8:f040:eb85",52524,1,116,0,0,1,116,0,0
"192.168.1.177",52524,2,220,0,0,1,96,1,124
"192.168.1.1",40938,6,2354,0,0,6,2354,0,0
"2001:14ba:a051:8c00:ad01:ffd8:f040:eb85",52525,13,18187,0,0,13,18187,0,0
"192.168.1.1",38744,2,884,0,0,2,884,0,0
"192.168.1.1",38623,6,2354,0,0,6,2354,0,0
"192.168.1.1",33044,2,884,0,0,2,884,0,0
"2001:14ba:a051:8c00:ad01:ffd8:f040:eb85",60427,1,89,0,0,1,89,0,0
"2001:14ba:a051:8c00:ad01:ffd8:f040:eb85",58494,1,89,0,0,1,89,0,0
"192.168.1.177",58494,2,138,0,0,1,69,1,69
"192.168.1.177",60427,2,154,0,0,1,69,1,85
"192.168.1.177",55233,2,154,0,0,1,69,1,85
"192.168.1.177",56481,2,138,0,0,1,69,1,69
"192.168.1.177",58176,2,296,0,0,1,90,1,206
"192.168.1.177",50949,2,154,0,0,1,69,1,85
"192.168.1.1",57703,6,2354,0,0,6,2354,0,0
"192.168.1.1",50582,2,884,0,0,2,884,0,0
"192.168.1.1",55699,6,2354,0,0,6,2354,0,0
"192.168.1.1",55671,2,884,0,0,2,884,0,0
"192.168.1.1",59441,1,92,0,0,1,92,0,0
"192.168.1.177",50950,4,848,0,0,4,848,0,0
"192.168.1.1",41505,6,2354,0,0,6,2354,0,0
"192.168.1.1",44878,2,884,0,0,2,884,0,0
"192.168.1.1",36098,2,884,0,0,2,884,0,0
"192.168.1.177",65230,4,868,0,0,4,868,0,0
"192.168.1.177",60982,2,236,0,0,1,85,1,151
"192.168.1.177",51692,2,224,0,0,1,85,1,139
"192.168.1.177",63869,2,298,0,0,1,85,1,213
"192.168.1.1",58816,6,2354,0,0,6,2354,0,0
"192.168.1.1",35530,1,92,0,0,1,92,0,0
"192.168.1.1",47173,2,884,0,0,2,884,0,0
"192.168.1.177",56550,2,236,0,0,1,77,1,159
"192.168.1.177",50180,2,273,0,0,1,77,1,196
"192.168.1.177",57960,2,178,0,0,1,81,1,97
"192.168.1.1",45422,2,884,0,0,2,884,0,0
"192.168.1.177",55248,2,193,0,0,1,76,1,117
"192.168.1.177",56065,2,182,0,0,1,83,1,99
"192.168.1.1",55648,6,2354,0,0,6,2354,0,0
"192.168.1.1",33599,2,884,0,0,2,884,0,0
"192.168.1.177",50400,2,215,0,0,1,83,1,132
"192.168.1.177",51720,2,227,0,0,1,83,1,144
"192.168.1.1",51099,6,2354,0,0,6,2354,0,0
"192.168.1.1",39971,2,884,0,0,2,884,0,0
"192.168.1.177",61520,2,162,0,0,1,81,1,81
"192.168.1.1",36278,1,92,0,0,1,92,0,0
"192.168.1.253",54286,4,868,0,0,4,868,0,0
"192.168.1.1",33563,6,2354,0,0,6,2354,0,0
"192.168.1.1",43207,2,884,0,0,2,884,0,0
"192.168.1.1",53232,6,2354,0,0,6,2354,0,0
"192.168.1.1",51572,2,884,0,0,2,884,0,0
"192.168.1.1",45585,6,2354,0,0,6,2354,0,0
"192.168.1.1",34705,2,884,0,0,2,884,0,0
"192.168.1.1",35669,1,92,0,0,1,92,0,0
"192.168.1.177",58557,2,238,0,0,1,83,1,155
"192.168.1.177",50128,2,226,0,0,1,83,1,143
"192.168.1.177",61194,2,289,0,0,1,83,1,206
"2001:14ba:a051:8c00:ad01:ffd8:f040:eb85",52865,5,6460,0,0,5,6460,0,0
"2600:1901:1:c36::",443,10,12920,0,0,0,0,10,12920
"192.168.1.1",44393,6,2354,0,0,6,2354,0,0
"192.168.1.1",47191,2,884,0,0,2,884,0,0
"192.168.1.1",40849,2,884,0,0,2,884,0,0
"2001:14ba:a051:8c00:ad01:ffd8:f040:eb85",57105,2,232,0,0,2,232,0,0
"2001:14ba:a051:8c00:ad01:ffd8:f040:eb85",60549,2,232,0,0,2,232,0,0
"192.168.1.177",60549,2,333,0,0,1,96,1,237
"192.168.1.1",43150,6,2354,0,0,6,2354,0,0
"192.168.1.1",32964,2,884,0,0,2,884,0,0
"192.168.1.177",60550,4,848,0,0,4,848,0,0
"192.168.1.1",37769,1,92,0,0,1,92,0,0
"192.168.1.1",57628,6,2354,0,0,6,2354,0,0
"192.168.1.1",51725,2,884,0,0,2,884,0,0
"192.168.1.1",50436,6,2354,0,0,6,2354,0,0
"192.168.1.1",49532,2,884,0,0,2,884,0,0
"2001:14ba:a051:8c00:ad01:ffd8:f040:eb85",60471,2,198,0,0,2,198,0,0
"192.168.1.177",60471,2,174,0,0,1,79,1,95
"192.168.1.177",60472,4,868,0,0,4,868,0,0
"192.168.1.1",36208,6,2354,0,0,6,2354,0,0
"192.168.1.1",53543,2,884,0,0,2,884,0,0
"192.168.1.1",43598,6,2354,0,0,6,2354,0,0
"192.168.1.1",35296,2,884,0,0,2,884,0,0
"2001:14ba:a051:8c00:ad01:ffd8:f040:eb85",52539,1,107,0,0,1,107,0,0
"192.168.1.177",52539,2,223,0,0,1,87,1,136
"2001:14ba:a051:8c00:ad01:ffd8:f040:eb85",56425,1,107,0,0,1,107,0,0
"192.168.1.177",56425,2,235,0,0,1,87,1,148
"192.168.1.1",40785,1,92,0,0,1,92,0,0
"2001:14ba:a051:8c00:ad01:ffd8:f040:eb85",64755,1,110,0,0,1,110,0,0
"192.168.1.177",64755,2,312,0,0,1,90,1,222
"2001:14ba:a051:8c00:ad01:ffd8:f040:eb85",59443,1,123,0,0,1,123,0,0
"192.168.1.177",59443,2,222,0,0,1,103,1,119
"2001:14ba:a051:8c00:ad01:ffd8:f040:eb85",57128,1,108,0,0,1,108,0,0
"192.168.1.177",57128,2,243,0,0,1,88,1,155
"2001:14ba:a051:8c00:ad01:ffd8:f040:eb85",54802,1,108,0,0,1,108,0,0
"192.168.1.177",54802,2,192,0,0,1,88,1,104
"2001:14ba:a051:8c00:ad01:ffd8:f040:eb85",54194,1,100,0,0,1,100,0,0
"192.168.1.177",54194,2,207,0,0,1,80,1,127
"2001:14ba:a051:8c00:ad01:ffd8:f040:eb85",50334,1,108,0,0,1,108,0,0
"192.168.1.177",50334,2,176,0,0,1,88,1,88
"2001:14ba:a051:8c00:ad01:ffd8:f040:eb85",62702,1,108,0,0,1,108,0,0
"192.168.1.177",62702,2,192,0,0,1,88,1,104
"2001:14ba:a051:8c00:ad01:ffd8:f040:eb85",54839,1,108,0,0,1,108,0,0
"192.168.1.177",54839,2,204,0,0,1,88,1,116
"192.168.1.1",60342,6,2354,0,0,6,2354,0,0
"192.168.1.1",33813,2,884,0,0,2,884,0,0
"192.168.1.1",36101,6,2354,0,0,6,2354,0,0
"192.168.1.1",47007,2,884,0,0,2,884,0,0
"2001:14ba:a051:8c00:ad01:ffd8:f040:eb85",59855,1,94,0,0,1,94,0,0
"2001:14ba:a051:8c00:ad01:ffd8:f040:eb85",50881,1,94,0,0,1,94,0,0
"192.168.1.177",50881,2,267,0,0,1,74,1,193
"192.168.1.177",59855,2,230,0,0,1,74,1,156
"192.168.1.253",55936,4,868,0,0,4,868,0,0
"192.168.1.1",47256,6,2354,0,0,6,2354,0,0
"192.168.1.177",55756,2,253,0,0,1,83,1,170
"192.168.1.177",60821,2,241,0,0,1,83,1,158
"192.168.1.177",49899,2,315,0,0,1,83,1,232
"2001:14ba:a051:8c00:ad01:ffd8:f040:eb85",51782,5,6460,0,0,5,6460,0,0
"192.168.1.177",60656,2,236,0,0,1,85,1,151
"192.168.1.177",51389,2,224,0,0,1,85,1,139
"192.168.1.177",52161,2,298,0,0,1,85,1,213
"2001:14ba:a051:8c00:ad01:ffd8:f040:eb85",52397,5,6460,0,0,5,6460,0,0
"2600:1901:1:81::",443,5,6460,0,0,0,0,5,6460
"192.168.1.1",45685,6,2354,0,0,6,2354,0,0
"192.168.1.1",60977,2,884,0,0,2,884,0,0
"192.168.1.1",42135,1,92,0,0,1,92,0,0
"192.168.1.1",40558,6,2354,0,0,6,2354,0,0
"192.168.1.1",36744,2,884,0,0,2,884,0,0
"192.168.1.1",36549,6,2354,0,0,6,2354,0,0
"192.168.1.1",32812,2,884,0,0,2,884,0,0
"2001:14ba:a051:8c00:ad01:ffd8:f040:eb85",56578,2,200,0,0,2,200,0,0
"192.168.1.177",56578,2,197,0,0,1,80,1,117
"2001:14ba:a051:8c00:ad01:ffd8:f040:eb85",49395,1,97,0,0,1,97,0,0
"192.168.1.177",49395,2,170,0,0,1,77,1,93
"2001:14ba:a051:8c00:ad01:ffd8:f040:eb85",63615,1,117,0,0,1,117,0,0
"2001:14ba:a051:8c00:ad01:ffd8:f040:eb85",60800,1,117,0,0,1,117,0,0
"192.168.1.177",63615,2,210,0,0,1,97,1,113
"192.168.1.177",60800,2,267,0,0,1,97,1,170
"2001:14ba:a051:8c00:ad01:ffd8:f040:eb85",53117,1,100,0,0,1,100,0,0
"192.168.1.1",39396,6,2354,0,0,6,2354,0,0
"192.168.1.1",57822,2,884,0,0,2,884,0,0
"192.168.1.1",47568,6,2354,0,0,6,2354,0,0
"192.168.1.1",60443,2,884,0,0,2,884,0,0
"2001:14ba:a051:8c00:ad01:ffd8:f040:eb85",61984,2,188,0,0,2,188,0,0
"2001:14ba:a051:8c00:ad01:ffd8:f040:eb85",61400,2,188,0,0,2,188,0,0
"192.168.1.177",61984,2,418,0,0,1,74,1,344
"192.168.1.177",61400,2,353,0,0,1,74,1,279
"2001:14ba:a051:8c00:ad01:ffd8:f040:eb85",59498,1,103,0,0,1,103,0,0
"2001:14ba:a051:8c00:ad01:ffd8:f040:eb85",49758,1,103,0,0,1,103,0,0
"192.168.1.177",59498,2,239,0,0,1,83,1,156
"192.168.1.177",49758,2,239,0,0,1,83,1,156
"192.168.1.177",49759,4,848,0,0,4,848,0,0
"2001:14ba:a051:8c00:ad01:ffd8:f040:eb85",61760,1,94,0,0,1,94,0,0
"192.168.1.177",61760,2,212,0,0,1,74,1,138
"192.168.1.1",53792,6,2354,0,0,6,2354,0,0
"192.168.1.1",55918,1,353,0,0,1,353,0,0
"192.168.1.1",58785,1,425,0,0,1,425,0,0
"192.168.1.1",40209,1,362,0,0,1,362,0,0
"192.168.1.1",34963,1,417,0,0,1,417,0,0
"192.168.1.1",47110,1,349,0,0,1,349,0,0
"192.168.1.1",60144,1,310,0,0,1,310,0,0
"192.168.1.1",52477,1,433,0,0,1,433,0,0
"192.168.1.1",60921,1,369,0,0,1,369,0,0
"192.168.1.1",39894,1,310,0,0,1,310,0,0
"192.168.1.1",60045,1,427,0,0,1,427,0,0
"192.168.1.1",40005,1,415,0,0,1,415,0,0
"192.168.1.1",37939,1,353,0,0,1,353,0,0
"192.168.1.1",48546,1,425,0,0,1,425,0,0
"192.168.1.1",34048,1,362,0,0,1,362,0,0
"192.168.1.1",54759,1,417,0,0,1,417,0,0
"192.168.1.1",58755,1,349,0,0,1,349,0,0
"192.168.1.1",48510,1,310,0,0,1,310,0,0
"192.168.1.1",45502,1,433,0,0,1,433,0,0
"192.168.1.1",56244,1,369,0,0,1,369,0,0
"192.168.1.1",55876,1,310,0,0,1,310,0,0
"192.168.1.1",45948,1,427,0,0,1,427,0,0
"192.168.1.1",35468,1,415,0,0,1,415,0,0
"192.168.1.1",39144,1,353,0,0,1,353,0,0
"192.168.1.1",35556,1,425,0,0,1,425,0,0
"192.168.1.1",34795,1,362,0,0,1,362,0,0
"192.168.1.1",50321,1,417,0,0,1,417,0,0
"192.168.1.1",57805,1,310,0,0,1,310,0,0
"192.168.1.1",33443,1,433,0,0,1,433,0,0
"192.168.1.1",60778,1,369,0,0,1,369,0,0
"192.168.1.1",49158,1,310,0,0,1,310,0,0
"192.168.1.1",48498,1,427,0,0,1,427,0,0
"192.168.1.1",53168,1,415,0,0,1,415,0,0
"192.168.1.1",40316,1,92,0,0,1,92,0,0
"2001:14ba:a051:8c00:ad01:ffd8:f040:eb85",60820,1,116,0,0,1,116,0,0
"192.168.1.177",60820,2,320,0,0,1,96,1,224
"2001:14ba:a051:8c00:ad01:ffd8:f040:eb85",63223,1,89,0,0,1,89,0,0
"2001:14ba:a051:8c00:ad01:ffd8:f040:eb85",62270,1,89,0,0,1,89,0,0
"192.168.1.177",62270,2,138,0,0,1,69,1,69
"192.168.1.177",63223,2,154,0,0,1,69,1,85
"192.168.1.1",40116,6,2354,0,0,6,2354,0,0
"192.168.1.1",51003,2,884,0,0,2,884,0,0
"192.168.1.177",57290,2,245,0,0,1,84,1,161
"192.168.1.177",52662,2,281,0,0,1,84,1,197
"192.168.1.177",52663,3,651,0,0,3,651,0,0
