Address,Port,Packets,Bytes,Tx Packets,Tx Bytes,Rx Packets,Rx Bytes
"192.168.1.1",53,5550,649433,2775,423093,2775,226340
"2001:14b8:1000::1",53,783,79930,0,0,783,79930
"2001:14b8:1000::2",53,43,4322,0,0,43,4322
"255.255.255.255",67,3,1056,0,0,3,1056
"0.0.0.0",68,3,1056,3,1056,0,0
"192.168.1.31",137,610,56120,0,0,610,56120
"23.32.24.220",443,110,83416,79,74468,31,8948
"34.107.141.31",443,74,40699,37,28108,37,12591
"34.110.207.168",443,499,228732,249,116454,250,112278
"34.117.14.220",443,57,29718,33,22438,24,7280
"34.117.138.150",443,581,463163,431,437035,150,26128
"34.120.195.249",443,18,6545,7,2586,11,3959
"34.120.214.181",443,27,11684,13,7041,14,4643
"35.186.224.17",443,7975,3226572,4029,1544280,3946,1682292
"35.186.224.25",443,4756,2006168,2326,783487,2430,1222681
"35.241.46.245",443,166,174039,135,167942,31,6097
"89.166.85.210",443,81,82561,63,77567,18,4994
"89.166.85.211",443,13,8302,8,6486,5,1816
"104.18.37.228",443,22,14453,13,8120,9,6333
"151.101.245.91",443,142966,195987704,140377,195694694,2589,293010
"151.101.245.229",443,20,18763,13,14030,7,4733
"157.240.205.11",443,315,184420,220,147394,95,37026
"157.240.205.35",443,192,106647,126,88312,66,18335
"157.240.205.60",443,184,111249,120,96318,64,14931
"157.240.205.63",443,989485,1197470641,946294,1192702865,43191,4767776
"157.240.205.174",443,516,328124,313,234303,203,93821
"157.240.247.63",443,13,7139,8,5315,5,1824
"162.159.128.233",443,312,220400,159,101165,153,119235
"162.159.135.232",443,1353,1294610,1074,1206871,279,87739
"162.159.135.233",443,45,21828,25,13880,20,7948
"162.159.136.232",443,1181,1312435,615,635722,566,676713
"162.159.137.232",443,166,71496,83,39034,83,32462
"162.159.138.232",443,22,12349,10,3599,12,8750
"172.66.47.32",443,39,18103,28,15706,11,2397
"204.79.197.200",443,8,10336,0,0,8,10336
"213.141.122.211",443,13,7348,8,5523,5,1825
"213.141.122.225",443,18695,21225972,17332,21002962,1363,223010
"213.141.122.228",443,1178,1211132,1027,1178933,151,32199
"216.58.209.161",443,38,31403,26,28021,12,3382
"216.58.209.163",443,245,114611,156,83689,89,30922
"216.58.209.164",443,50,48998,39,46280,11,2718
"216.58.209.170",443,700,162686,372,121945,328,40741
"216.58.209.173",443,62,32458,35,20841,27,11617
"216.58.209.174",443,589,560873,432,452664,157,108209
"216.58.209.195",443,60,21392,35,14656,25,6736
"216.58.209.202",443,123,66002,69,50829,54,15173
"216.58.209.206",443,1431,1542768,1165,1387483,266,155285
"216.58.210.129",443,52,36988,33,32582,19,4406
"216.58.210.131",443,778,299104,504,243994,274,55110
"216.58.210.138",443,328,91721,187,70958,141,20763
"216.58.210.141",443,532,392888,360,291688,172,101200
"216.58.210.150",443,385,454504,345,445441,40,9063
"216.58.210.161",443,90,62935,59,55259,31,7676
"216.58.210.170",443,2214,323231,1148,205760,1066,117471
"216.58.210.173",443,97,57662,57,35637,40,22025
"216.58.210.174",443,659,207449,341,94763,318,112686
"216.58.211.227",443,449,510268,385,497923,64,12345
"216.58.211.228",443,114,90554,86,85682,28,4872
"216.58.211.234",443,1146,165329,601,103111,545,62218
"216.58.211.246",443,409,464490,354,453204,55,11286
"239.255.255.250",1900,13596,5267226,0,0,13596,5267226
"239.255.255.250",3702,175,122150,0,0,175,122150
"ff02::c",3702,175,125650,0,0,175,125650
"192.168.1.31",5353,126,10946,126,10946,0,0
"192.168.1.103",5353,3,237,3,237,0,0
"224.0.0.251",5353,129,11183,0,0,129,11183
"fe80::ec18:4df2:6080:15a4",5353,366,39162,366,39162,0,0
"ff02::fb",5353,366,39162,0,0,366,39162
"192.168.1.1",32768,2,884,2,884,0,0
"192.168.1.1",32772,1,369,1,369,0,0
"192.168.1.1",32781,1,403,1,403,0,0
"192.168.1.1",32783,1,92,1,92,0,0
"192.168.1.1",32795,6,2354,6,2354,0,0
"192.168.1.1",32796,6,2354,6,2354,0,0
"192.168.1.1",32804,2,884,2,884,0,0
"192.168.1.1",32810,1,353,1,353,0,0
"192.168.1.1",32811,6,2354,6,2354,0,0
"192.168.1.1",32816,1,92,1,92,0,0
"192.168.1.1",32833,1,92,1,92,0,0
"192.168.1.1",32841,6,2354,6,2354,0,0
"192.168.1.1",32843,1,433,1,433,0,0
"192.168.1.1",32864,4,1768,4,1768,0,0
"192.168.1.1",32868,1,415,1,415,0,0
"192.168.1.1",32871,2,884,2,884,0,0
"192.168.1.1",32872,1,92,1,92,0,0
"192.168.1.1",32877,2,884,2,884,0,0
"192.168.1.1",32888,12,4708,12,4708,0,0
"192.168.1.1",32903,2,884,2,884,0,0
"192.168.1.1",32910,6,2354,6,2354,0,0
"192.168.1.1",32911,2,884,2,884,0,0
"192.168.1.1",32917,1,92,1,92,0,0
"192.168.1.1",32927,1,433,1,433,0,0
"192.168.1.1",32929,9,3663,9,3663,0,0
"192.168.1.1",32933,1,92,1,92,0,0
"192.168.1.1",32941,6,2354,6,2354,0,0
"192.168.1.1",32943,1,415,1,415,0,0
"192.168.1.1",32950,2,884,2,884,0,0
"192.168.1.1",32953,2,884,2,884,0,0
"192.168.1.1",32963,2,884,2,884,0,0
"192.168.1.1",32965,2,884,2,884,0,0
"192.168.1.1",32972,2,789,2,789,0,0
"192.168.1.1",32976,6,2354,6,2354,0,0
"192.168.1.1",32992,3,1301,3,1301,0,0
"192.168.1.1",32995,6,2354,6,2354,0,0
"192.168.1.1",32999,6,2354,6,2354,0,0
"192.168.1.1",33002,1,310,1,310,0,0
"192.168.1.1",33004,7,2781,7,2781,0,0
"192.168.1.1",33011,6,2354,6,2354,0,0
"192.168.1.1",33015,6,2354,6,2354,0,0
"192.168.1.1",33017,2,884,2,884,0,0
"192.168.1.1",33020,2,884,2,884,0,0
"192.168.1.1",33023,1,92,1,92,0,0
"192.168.1.1",33036,1,92,1,92,0,0
"192.168.1.1",33044,2,884,2,884,0,0
"192.168.1.1",33060,2,884,2,884,0,0
"192.168.1.1",33096,6,2354,6,2354,0,0
"192.168.1.1",33097,2,884,2,884,0,0
"192.168.1.1",33108,2,884,2,884,0,0
"192.168.1.1",33111,2,884,2,884,0,0
"192.168.1.1",33113,1,92,1,92,0,0
"192.168.1.1",33122,1,92,1,92,0,0
"192.168.1.1",33131,6,2354,6,2354,0,0
"192.168.1.1",33132,6,2354,6,2354,0,0
"192.168.1.1",33140,4,1768,4,1768,0,0
"192.168.1.1",33147,2,884,2,884,0,0
"192.168.1.1",33154,6,2354,6,2354,0,0
"192.168.1.1",33156,6,2354,6,2354,0,0
"192.168.1.1",33174,6,2354,6,2354,0,0
"192.168.1.1",33192,4,1768,4,1768,0,0
"192.168.1.1",33214,6,2354,6,2354,0,0
"192.168.1.1",33218,6,2354,6,2354,0,0
"192.168.1.1",33230,2,884,2,884,0,0
"192.168.1.1",33234,1,92,1,92,0,0
"192.168.1.1",33238,6,2354,6,2354,0,0
"192.168.1.1",33264,6,2354,6,2354,0,0
"192.168.1.1",33267,1,92,1,92,0,0
"192.168.1.1",33270,6,2354,6,2354,0,0
"192.168.1.1",33274,8,3238,8,3238,0,0
"192.168.1.1",33275,1,92,1,92,0,0
"192.168.1.1",33304,2,884,2,884,0,0
"192.168.1.1",33309,6,2354,6,2354,0,0
"192.168.1.1",33317,6,2354,6,2354,0,0
"192.168.1.1",33320,2,884,2,884,0,0
"192.168.1.1",33322,1,310,1,310,0,0
"192.168.1.1",33326,6,2354,6,2354,0,0
"192.168.1.1",33338,8,3238,8,3238,0,0
"192.168.1.1",33341,2,884,2,884,0,0
"192.168.1.1",33353,2,884,2,884,0,0
"192.168.1.1",33358,2,884,2,884,0,0
"192.168.1.1",33366,2,884,2,884,0,0
"192.168.1.1",33386,2,884,2,884,0,0
"192.168.1.1",33394,2,884,2,884,0,0
"192.168.1.1",33395,2,884,2,884,0,0
"192.168.1.1",33415,2,884,2,884,0,0
"192.168.1.1",33421,6,2354,6,2354,0,0
"192.168.1.1",33427,1,92,1,92,0,0
"192.168.1.1",33434,1,369,1,369,0,0
"192.168.1.1",33461,6,2354,6,2354,0,0
"192.168.1.1",33463,1,92,1,92,0,0
"192.168.1.1",33482,6,2354,6,2354,0,0
"192.168.1.1",33485,6,2354,6,2354,0,0
"192.168.1.1",33491,6,2354,6,2354,0,0
"192.168.1.1",33493,2,884,2,884,0,0
"192.168.1.1",33498,1,427,1,427,0,0
"192.168.1.1",33501,2,884,2,884,0,0
"192.168.1.1",33503,2,884,2,884,0,0
"192.168.1.1",33508,2,884,2,884,0,0
"192.168.1.1",33512,1,92,1,92,0,0
"192.168.1.1",33517,1,353,1,353,0,0
"192.168.1.1",33526,6,2354,6,2354,0,0
"192.168.1.1",33543,6,2354,6,2354,0,0
"192.168.1.1",33550,6,2354,6,2354,0,0
"192.168.1.1",33551,2,884,2,884,0,0
"192.168.1.1",33553,8,3238,8,3238,0,0
"192.168.1.1",33561,1,92,1,92,0,0
"192.168.1.1",33564,6,2354,6,2354,0,0
"192.168.1.1",33568,2,884,2,884,0,0
"192.168.1.1",33573,8,3238,8,3238,0,0
"192.168.1.1",33576,2,860,2,860,0,0
"192.168.1.1",33588,2,884,2,884,0,0
"192.168.1.1",33589,6,2354,6,2354,0,0
"192.168.1.1",33592,6,2354,6,2354,0,0
"192.168.1.1",33604,1,92,1,92,0,0
"192.168.1.1",33605,1,92,1,92,0,0
"192.168.1.1",33611,2,884,2,884,0,0
"192.168.1.1",33614,1,92,1,92,0,0
"192.168.1.1",33623,6,2354,6,2354,0,0
"192.168.1.1",33629,6,2354,6,2354,0,0
"192.168.1.1",33631,2,884,2,884,0,0
"192.168.1.1",33638,2,884,2,884,0,0
"192.168.1.1",33639,1,92,1,92,0,0
"192.168.1.1",33641,8,3238,8,3238,0,0
"192.168.1.1",33657,2,884,2,884,0,0
"192.168.1.1",33660,6,2354,6,2354,0,0
"192.168.1.1",33679,6,2354,6,2354,0,0
"192.168.1.1",33685,1,310,1,310,0,0
"192.168.1.1",33692,1,310,1,310,0,0
"192.168.1.1",33693,2,884,2,884,0,0
"192.168.1.1",33707,2,884,2,884,0,0
"192.168.1.1",33709,6,2354,6,2354,0,0
"192.168.1.1",33712,6,2354,6,2354,0,0
"192.168.1.1",33713,1,92,1,92,0,0
"192.168.1.1",33726,6,2354,6,2354,0,0
"192.168.1.1",33735,1,417,1,417,0,0
"192.168.1.1",33738,1,92,1,92,0,0
"192.168.1.1",33768,6,2354,6,2354,0,0
"192.168.1.1",33773,2,884,2,884,0,0
"192.168.1.1",33785,1,92,1,92,0,0
"192.168.1.1",33791,2,884,2,884,0,0
"192.168.1.1",33792,3,976,3,976,0,0
"192.168.1.1",33799,2,884,2,884,0,0
"192.168.1.1",33816,1,92,1,92,0,0
"192.168.1.1",33817,6,2354,6,2354,0,0
"192.168.1.1",33824,1,425,1,425,0,0
"192.168.1.1",33839,7,2664,7,2664,0,0
"192.168.1.1",33844,2,884,2,884,0,0
"192.168.1.1",33850,6,2354,6,2354,0,0
"192.168.1.1",33852,3,1253,3,1253,0,0
"192.168.1.1",33863,2,884,2,884,0,0
"192.168.1.1",33866,2,884,2,884,0,0
"192.168.1.1",33869,6,2354,6,2354,0,0
"192.168.1.1",33885,2,884,2,884,0,0
"192.168.1.1",33891,1,415,1,415,0,0
"192.168.1.1",33901,2,884,2,884,0,0
"192.168.1.1",33916,2,884,2,884,0,0
"192.168.1.1",33917,6,2354,6,2354,0,0
"192.168.1.1",33925,2,884,2,884,0,0
"192.168.1.1",33936,4,1768,4,1768,0,0
"192.168.1.1",33938,2,884,2,884,0,0
"192.168.1.1",33940,6,2354,6,2354,0,0
"192.168.1.1",33948,1,433,1,433,0,0
"192.168.1.1",33951,6,2354,6,2354,0,0
"192.168.1.1",33958,2,884,2,884,0,0
"192.168.1.1",33959,2,884,2,884,0,0
"192.168.1.1",33964,1,433,1,433,0,0
"192.168.1.1",33973,2,884,2,884,0,0
"192.168.1.1",33986,2,884,2,884,0,0
"192.168.1.1",33987,6,2354,6,2354,0,0
"192.168.1.1",33990,2,884,2,884,0,0
"192.168.1.1",33994,6,2354,6,2354,0,0
"192.168.1.1",33995,2,884,2,884,0,0
"192.168.1.1",34004,3,1246,3,1246,0,0
"192.168.1.1",34011,6,2354,6,2354,0,0
"192.168.1.1",34022,2,884,2,884,0,0
"192.168.1.1",34036,6,2354,6,2354,0,0
"192.168.1.1",34037,6,2354,6,2354,0,0
"192.168.1.1",34045,1,349,1,349,0,0
"192.168.1.1",34054,6,2354,6,2354,0,0
"192.168.1.1",34059,6,2354,6,2354,0,0
"192.168.1.1",34078,1,369,1,369,0,0
"192.168.1.1",34103,1,433,1,433,0,0
"192.168.1.1",34106,2,884,2,884,0,0
"192.168.1.1",34112,2,884,2,884,0,0
"192.168.1.1",34129,6,2354,6,2354,0,0
"192.168.1.1",34131,2,884,2,884,0,0
"192.168.1.1",34133,1,425,1,425,0,0
"192.168.1.1",34134,2,884,2,884,0,0
"192.168.1.1",34139,6,2354,6,2354,0,0
"192.168.1.1",34141,1,92,1,92,0,0
"192.168.1.1",34157,1,92,1,92,0,0
"192.168.1.1",34162,6,2354,6,2354,0,0
"192.168.1.1",34167,2,884,2,884,0,0
"192.168.1.1",34168,1,92,1,92,0,0
"192.168.1.1",34174,1,92,1,92,0,0
"192.168.1.1",34176,1,92,1,92,0,0
"192.168.1.1",34182,2,884,2,884,0,0
"192.168.1.1",34188,6,2354,6,2354,0,0
"192.168.1.1",34189,1,415,1,415,0,0
"192.168.1.1",34190,2,884,2,884,0,0
"192.168.1.1",34201,1,417,1,417,0,0
"192.168.1.1",34210,2,884,2,884,0,0
"192.168.1.1",34212,1,427,1,427,0,0
"192.168.1.1",34216,6,2354,6,2354,0,0
"192.168.1.1",34218,1,425,1,425,0,0
"192.168.1.1",34221,2,884,2,884,0,0
"192.168.1.1",34242,2,884,2,884,0,0
"192.168.1.1",34250,6,2354,6,2354,0,0
"192.168.1.1",34277,2,884,2,884,0,0
"192.168.1.1",34309,1,369,1,369,0,0
"192.168.1.1",34312,1,92,1,92,0,0
"192.168.1.1",34319,1,92,1,92,0,0
"192.168.1.1",34321,6,2354,6,2354,0,0
"192.168.1.1",34323,1,417,1,417,0,0
"192.168.1.1",34326,2,884,2,884,0,0
"192.168.1.1",34337,2,884,2,884,0,0
"192.168.1.1",34339,3,1317,3,1317,0,0
"192.168.1.1",34341,2,884,2,884,0,0
"192.168.1.1",34346,6,2354,6,2354,0,0
"192.168.1.1",34350,2,884,2,884,0,0
"192.168.1.1",34352,6,2354,6,2354,0,0
"192.168.1.1",34362,1,417,1,417,0,0
"192.168.1.1",34382,6,2354,6,2354,0,0
"192.168.1.1",34390,6,2354,6,2354,0,0
"192.168.1.1",34393,6,2354,6,2354,0,0
"192.168.1.1",34403,2,884,2,884,0,0
"192.168.1.1",34418,6,2354,6,2354,0,0
"192.168.1.1",34428,6,2354,6,2354,0,0
"192.168.1.1",34435,1,92,1,92,0,0
"192.168.1.1",34444,1,433,1,433,0,0
"192.168.1.1",34446,1,92,1,92,0,0
"192.168.1.1",34447,6,2354,6,2354,0,0
"192.168.1.1",34448,1,415,1,415,0,0
"192.168.1.1",34451,1,425,1,425,0,0
"192.168.1.1",34462,2,884,2,884,0,0
"192.168.1.1",34467,2,884,2,884,0,0
"192.168.1.1",34470,6,2354,6,2354,0,0
"192.168.1.1",34476,12,4708,12,4708,0,0
"192.168.1.1",34479,6,2354,6,2354,0,0
"192.168.1.1",34483,2,884,2,884,0,0
"192.168.1.1",34486,6,2354,6,2354,0,0
"192.168.1.1",34494,2,884,2,884,0,0
"192.168.1.1",34495,1,92,1,92,0,0
"192.168.1.1",34517,6,2354,6,2354,0,0
"192.168.1.1",34539,2,884,2,884,0,0
"192.168.1.1",34542,12,4708,12,4708,0,0
"192.168.1.1",34547,2,884,2,884,0,0
"192.168.1.1",34561,1,310,1,310,0,0
"192.168.1.1",34568,2,884,2,884,0,0
"192.168.1.1",34569,2,884,2,884,0,0
"192.168.1.1",34571,2,884,2,884,0,0
"192.168.1.1",34590,1,417,1,417,0,0
"192.168.1.1",34591,12,4708,12,4708,0,0
"192.168.1.1",34592,2,884,2,884,0,0
"192.168.1.1",34600,1,92,1,92,0,0
"192.168.1.1",34623,1,353,1,353,0,0
"192.168.1.1",34626,8,3238,8,3238,0,0
"192.168.1.1",34633,6,2354,6,2354,0,0
"192.168.1.1",34636,6,2354,6,2354,0,0
"192.168.1.1",34652,6,2354,6,2354,0,0
"192.168.1.1",34655,1,362,1,362,0,0
"192.168.1.1",34664,12,4708,12,4708,0,0
"192.168.1.1",34666,6,2354,6,2354,0,0
"192.168.1.1",34670,1,425,1,425,0,0
"192.168.1.1",34671,6,2354,6,2354,0,0
"192.168.1.1",34688,1,92,1,92,0,0
"192.168.1.1",34703,2,884,2,884,0,0
"192.168.1.1",34708,6,2354,6,2354,0,0
"192.168.1.1",34718,6,2354,6,2354,0,0
"192.168.1.1",34730,1,415,1,415,0,0
"192.168.1.1",34731,6,2354,6,2354,0,0
"192.168.1.1",34733,1,425,1,425,0,0
"192.168.1.1",34736,1,415,1,415,0,0
"192.168.1.1",34751,6,2354,6,2354,0,0
"192.168.1.1",34760,6,2354,6,2354,0,0
"192.168.1.1",34783,2,184,2,184,0,0
"192.168.1.1",34785,2,884,2,884,0,0
"192.168.1.1",34788,2,884,2,884,0,0
"192.168.1.1",34793,6,2354,6,2354,0,0
"192.168.1.1",34804,1,310,1,310,0,0
"192.168.1.1",34807,1,362,1,362,0,0
"192.168.1.1",34810,6,2354,6,2354,0,0
"192.168.1.1",34817,6,2354,6,2354,0,0
"192.168.1.1",34819,6,2354,6,2354,0,0
"192.168.1.1",34824,6,2354,6,2354,0,0
"192.168.1.1",34830,2,884,2,884,0,0
"192.168.1.1",34835,6,2354,6,2354,0,0
"192.168.1.1",34838,6,2354,6,2354,0,0
"192.168.1.1",34843,1,92,1,92,0,0
"192.168.1.1",34863,4,1768,4,1768,0,0
"192.168.1.1",34868,6,2354,6,2354,0,0
"192.168.1.1",34870,1,92,1,92,0,0
"192.168.1.1",34890,1,353,1,353,0,0
"192.168.1.1",34896,8,3238,8,3238,0,0
"192.168.1.1",34926,6,2354,6,2354,0,0
"192.168.1.1",34939,2,884,2,884,0,0
"192.168.1.1",34942,2,884,2,884,0,0
"192.168.1.1",34944,2,884,2,884,0,0
"192.168.1.1",34949,2,884,2,884,0,0
"192.168.1.1",34963,6,2354,6,2354,0,0
"192.168.1.1",34965,2,884,2,884,0,0
"192.168.1.1",35001,2,884,2,884,0,0
"192.168.1.1",35004,2,884,2,884,0,0
"192.168.1.1",35034,6,2354,6,2354,0,0
"192.168.1.1",35044,1,353,1,353,0,0
"192.168.1.1",35051,6,2354,6,2354,0,0
"192.168.1.1",35054,6,2354,6,2354,0,0
"192.168.1.1",35064,2,884,2,884,0,0
"192.168.1.1",35070,1,92,1,92,0,0
"192.168.1.1",35074,1,92,1,92,0,0
"192.168.1.1",35082,6,2354,6,2354,0,0
"192.168.1.1",35092,1,310,1,310,0,0
"192.168.1.1",35106,6,2354,6,2354,0,0
"192.168.1.1",35117,2,884,2,884,0,0
"192.168.1.1",35120,2,884,2,884,0,0
"192.168.1.1",35122,1,415,1,415,0,0
"192.168.1.1",35135,1,425,1,425,0,0
"192.168.1.1",35147,6,2354,6,2354,0,0
"192.168.1.1",35149,6,2354,6,2354,0,0
"192.168.1.1",35154,6,2354,6,2354,0,0
"192.168.1.1",35155,1,433,1,433,0,0
"192.168.1.1",35161,2,884,2,884,0,0
"192.168.1.1",35163,13,5018,13,5018,0,0
"192.168.1.1",35170,6,2354,6,2354,0,0
"192.168.1.1",35172,2,884,2,884,0,0
"192.168.1.1",35173,1,369,1,369,0,0
"192.168.1.1",35176,6,2354,6,2354,0,0
"192.168.1.1",35199,6,2354,6,2354,0,0
"192.168.1.1",35217,2,884,2,884,0,0
"192.168.1.1",35221,1,362,1,362,0,0
"192.168.1.1",35238,7,2664,7,2664,0,0
"192.168.1.1",35240,4,1768,4,1768,0,0
"192.168.1.1",35244,1,417,1,417,0,0
"192.168.1.1",35262,1,433,1,433,0,0
"192.168.1.1",35272,6,2354,6,2354,0,0
"192.168.1.1",35285,6,2354,6,2354,0,0
"192.168.1.1",35314,10,4122,10,4122,0,0
"192.168.1.1",35315,6,2354,6,2354,0,0
"192.168.1.1",35321,6,2354,6,2354,0,0
"192.168.1.1",35327,2,884,2,884,0,0
"192.168.1.1",35337,6,2354,6,2354,0,0
"192.168.1.1",35356,2,884,2,884,0,0
"192.168.1.1",35364,6,2354,6,2354,0,0
"192.168.1.1",35380,7,2781,7,2781,0,0
"192.168.1.1",35385,6,2354,6,2354,0,0
"192.168.1.1",35387,6,2354,6,2354,0,0
"192.168.1.1",35390,1,92,1,92,0,0
"192.168.1.1",35392,6,2354,6,2354,0,0
"192.168.1.1",35393,2,184,2,184,0,0
"192.168.1.1",35414,2,884,2,884,0,0
"192.168.1.1",35418,1,362,1,362,0,0
"192.168.1.1",35419,2,884,2,884,0,0
"192.168.1.1",35422,1,92,1,92,0,0
"192.168.1.1",35427,6,2354,6,2354,0,0
"192.168.1.1",35428,6,2354,6,2354,0,0
"192.168.1.1",35445,6,2354,6,2354,0,0
"192.168.1.1",35467,6,2354,6,2354,0,0
"192.168.1.1",35474,6,2354,6,2354,0,0
"192.168.1.1",35487,2,884,2,884,0,0
"192.168.1.1",35490,2,884,2,884,0,0
"192.168.1.1",35514,1,92,1,92,0,0
"192.168.1.1",35517,1,92,1,92,0,0
"192.168.1.1",35521,6,2354,6,2354,0,0
"192.168.1.1",35526,2,884,2,884,0,0
"192.168.1.1",35529,6,2354,6,2354,0,0
"192.168.1.1",35541,6,2354,6,2354,0,0
"192.168.1.1",35548,1,92,1,92,0,0
"192.168.1.1",35552,7,2446,7,2446,0,0
"192.168.1.1",35554,6,2354,6,2354,0,0
"192.168.1.1",35565,1,369,1,369,0,0
"192.168.1.1",35566,6,2354,6,2354,0,0
"192.168.1.1",35586,2,884,2,884,0,0
"192.168.1.1",35593,6,2354,6,2354,0,0
"192.168.1.1",35595,6,2354,6,2354,0,0
"192.168.1.1",35604,7,2446,7,2446,0,0
"192.168.1.1",35628,6,2354,6,2354,0,0
"192.168.1.1",35637,1,427,1,427,0,0
"192.168.1.1",35660,2,884,2,884,0,0
"192.168.1.1",35678,1,92,1,92,0,0
"192.168.1.1",35679,1,92,1,92,0,0
"192.168.1.1",35685,1,92,1,92,0,0
"192.168.1.1",35686,6,2354,6,2354,0,0
"192.168.1.1",35691,6,2354,6,2354,0,0
"192.168.1.1",35702,8,3238,8,3238,0,0
"192.168.1.1",35703,1,369,1,369,0,0
"192.168.1.1",35704,2,884,2,884,0,0
"192.168.1.1",35707,7,2664,7,2664,0,0
"192.168.1.1",35708,2,884,2,884,0,0
"192.168.1.1",35718,1,92,1,92,0,0
"192.168.1.1",35720,2,884,2,884,0,0
"192.168.1.1",35724,1,369,1,369,0,0
"192.168.1.1",35731,1,349,1,349,0,0
"192.168.1.1",35732,6,2354,6,2354,0,0
"192.168.1.1",35733,2,884,2,884,0,0
"192.168.1.1",35763,2,884,2,884,0,0
"192.168.1.1",35773,6,2354,6,2354,0,0
"192.168.1.1",35776,2,884,2,884,0,0
"192.168.1.1",35780,1,310,1,310,0,0
"192.168.1.1",35787,6,2354,6,2354,0,0
"192.168.1.1",35791,6,2354,6,2354,0,0
"192.168.1.1",35797,6,2354,6,2354,0,0
"192.168.1.1",35799,6,2354,6,2354,0,0
"192.168.1.1",35804,2,884,2,884,0,0
"192.168.1.1",35814,6,2354,6,2354,0,0
"192.168.1.1",35823,2,884,2,884,0,0
"192.168.1.1",35829,6,2354,6,2354,0,0
"192.168.1.1",35833,6,2354,6,2354,0,0
"192.168.1.1",35834,2,884,2,884,0,0
"192.168.1.1",35843,2,884,2,884,0,0
"192.168.1.1",35845,1,427,1,427,0,0
"192.168.1.1",35846,2,884,2,884,0,0
"192.168.1.1",35857,6,2354,6,2354,0,0
"192.168.1.1",35863,2,884,2,884,0,0
"192.168.1.1",35866,6,2354,6,2354,0,0
"192.168.1.1",35869,2,884,2,884,0,0
"192.168.1.1",35890,6,2354,6,2354,0,0
"192.168.1.1",35895,1,92,1,92,0,0
"192.168.1.1",35905,2,884,2,884,0,0
"192.168.1.1",35908,1,92,1,92,0,0
"192.168.1.1",35914,1,92,1,92,0,0
"192.168.1.1",35917,1,353,1,353,0,0
"192.168.1.1",35923,1,92,1,92,0,0
"192.168.1.1",35926,6,2354,6,2354,0,0
"192.168.1.1",35927,2,844,2,844,0,0
"192.168.1.1",35935,1,362,1,362,0,0
"192.168.1.1",35947,2,884,2,884,0,0
"192.168.1.1",35948,2,884,2,884,0,0
"192.168.1.1",35952,2,884,2,884,0,0
"192.168.1.1",35958,1,349,1,349,0,0
"192.168.1.1",35960,2,764,2,764,0,0
"192.168.1.1",35963,1,425,1,425,0,0
"192.168.1.1",35966,12,4708,12,4708,0,0
"192.168.1.1",35977,6,2354,6,2354,0,0
"192.168.1.1",35980,6,2354,6,2354,0,0
"192.168.1.1",35984,6,2354,6,2354,0,0
"192.168.1.1",35988,6,2354,6,2354,0,0
"192.168.1.1",35994,2,884,2,884,0,0
"192.168.1.1",36028,2,884,2,884,0,0
"192.168.1.1",36029,2,884,2,884,0,0
"192.168.1.1",36045,2,884,2,884,0,0
"192.168.1.1",36052,2,884,2,884,0,0
"192.168.1.1",36057,1,92,1,92,0,0
"192.168.1.1",36060,1,417,1,417,0,0
"192.168.1.1",36065,2,884,2,884,0,0
"192.168.1.1",36068,1,92,1,92,0,0
"192.168.1.1",36069,6,2354,6,2354,0,0
"192.168.1.1",36071,1,433,1,433,0,0
"192.168.1.1",36079,6,2354,6,2354,0,0
"192.168.1.1",36082,6,2354,6,2354,0,0
"192.168.1.1",36085,1,417,1,417,0,0
"192.168.1.1",36087,6,2354,6,2354,0,0
"192.168.1.1",36098,2,884,2,884,0,0
"192.168.1.1",36099,1,310,1,310,0,0
"192.168.1.1",36107,2,884,2,884,0,0
"192.168.1.1",36110,6,2354,6,2354,0,0
"192.168.1.1",36112,2,884,2,884,0,0
"192.168.1.1",36113,1,425,1,425,0,0
"192.168.1.1",36114,2,884,2,884,0,0
"192.168.1.1",36115,2,884,2,884,0,0
"192.168.1.1",36122,1,427,1,427,0,0
"192.168.1.1",36125,1,92,1,92,0,0
"192.168.1.1",36134,6,2354,6,2354,0,0
"192.168.1.1",36140,2,884,2,884,0,0
"192.168.1.1",36142,4,1768,4,1768,0,0
"192.168.1.1",36165,2,884,2,884,0,0
"192.168.1.1",36177,12,4708,12,4708,0,0
"192.168.1.1",36179,2,884,2,884,0,0
"192.168.1.1",36194,1,92,1,92,0,0
"192.168.1.1",36197,12,4708,12,4708,0,0
"192.168.1.1",36200,6,2354,6,2354,0,0
"192.168.1.1",36207,6,2354,6,2354,0,0
"192.168.1.1",36209,2,884,2,884,0,0
"192.168.1.1",36224,2,884,2,884,0,0
"192.168.1.1",36229,6,2354,6,2354,0,0
"192.168.1.1",36232,6,2354,6,2354,0,0
"192.168.1.1",36234,1,92,1,92,0,0
"192.168.1.1",36248,6,2354,6,2354,0,0
"192.168.1.1",36261,6,2354,6,2354,0,0
"192.168.1.1",36262,6,2354,6,2354,0,0
"192.168.1.1",36272,6,2354,6,2354,0,0
"192.168.1.1",36284,1,415,1,415,0,0
"192.168.1.1",36286,6,2354,6,2354,0,0
"192.168.1.1",36287,2,884,2,884,0,0
"192.168.1.1",36300,3,1299,3,1299,0,0
"192.168.1.1",36301,2,884,2,884,0,0
"192.168.1.1",36315,6,2354,6,2354,0,0
"192.168.1.1",36319,1,310,1,310,0,0
"192.168.1.1",36338,6,2354,6,2354,0,0
"192.168.1.1",36352,6,2354,6,2354,0,0
"192.168.1.1",36355,6,2354,6,2354,0,0
"192.168.1.1",36358,1,415,1,415,0,0
"192.168.1.1",36359,1,92,1,92,0,0
"192.168.1.1",36361,1,349,1,349,0,0
"192.168.1.1",36363,1,369,1,369,0,0
"192.168.1.1",36364,6,2354,6,2354,0,0
"192.168.1.1",36372,1,92,1,92,0,0
"192.168.1.1",36376,1,353,1,353,0,0
"192.168.1.1",36378,6,2354,6,2354,0,0
"192.168.1.1",36383,1,427,1,427,0,0
"192.168.1.1",36385,6,2354,6,2354,0,0
"192.168.1.1",36391,6,2354,6,2354,0,0
"192.168.1.1",36394,2,884,2,884,0,0
"192.168.1.1",36401,1,427,1,427,0,0
"192.168.1.1",36407,1,92,1,92,0,0
"192.168.1.1",36420,1,92,1,92,0,0
"192.168.1.1",36422,6,2354,6,2354,0,0
"192.168.1.1",36423,6,2354,6,2354,0,0
"192.168.1.1",36424,6,2354,6,2354,0,0
"192.168.1.1",36434,2,884,2,884,0,0
"192.168.1.1",36437,2,884,2,884,0,0
"192.168.1.1",36442,1,92,1,92,0,0
"192.168.1.1",36443,2,884,2,884,0,0
"192.168.1.1",36446,3,976,3,976,0,0
"192.168.1.1",36448,1,349,1,349,0,0
"192.168.1.1",36451,2,884,2,884,0,0
"192.168.1.1",36464,7,2664,7,2664,0,0
"192.168.1.1",36473,6,2354,6,2354,0,0
"192.168.1.1",36501,1,427,1,427,0,0
"192.168.1.1",36504,8,3238,8,3238,0,0
"192.168.1.1",36527,2,884,2,884,0,0
"192.168.1.1",36536,12,4708,12,4708,0,0
"192.168.1.1",36558,6,2354,6,2354,0,0
"192.168.1.1",36576,2,884,2,884,0,0
"192.168.1.1",36584,6,2354,6,2354,0,0
"192.168.1.1",36588,2,884,2,884,0,0
"192.168.1.1",36589,6,2354,6,2354,0,0
"192.168.1.1",36592,6,2354,6,2354,0,0
"192.168.1.1",36600,1,92,1,92,0,0
"192.168.1.1",36607,1,92,1,92,0,0
"192.168.1.1",36609,6,2354,6,2354,0,0
"192.168.1.1",36610,6,2354,6,2354,0,0
"192.168.1.1",36611,2,884,2,884,0,0
"192.168.1.1",36615,2,884,2,884,0,0
"192.168.1.1",36622,2,884,2,884,0,0
"192.168.1.1",36638,6,2354,6,2354,0,0
"192.168.1.1",36640,6,2354,6,2354,0,0
"192.168.1.1",36651,3,1253,3,1253,0,0
"192.168.1.1",36656,2,884,2,884,0,0
"192.168.1.1",36659,6,2354,6,2354,0,0
"192.168.1.1",36663,2,884,2,884,0,0
"192.168.1.1",36664,2,884,2,884,0,0
"192.168.1.1",36675,12,4708,12,4708,0,0
"192.168.1.1",36681,1,92,1,92,0,0
"192.168.1.1",36682,2,884,2,884,0,0
"192.168.1.1",36687,1,415,1,415,0,0
"192.168.1.1",36689,1,427,1,427,0,0
"192.168.1.1",36697,6,2354,6,2354,0,0
"192.168.1.1",36701,2,884,2,884,0,0
"192.168.1.1",36710,1,92,1,92,0,0
"192.168.1.1",36711,2,884,2,884,0,0
"192.168.1.1",36722,6,2354,6,2354,0,0
"192.168.1.1",36752,6,2354,6,2354,0,0
"192.168.1.1",36765,6,2354,6,2354,0,0
"192.168.1.1",36767,6,2354,6,2354,0,0
"192.168.1.1",36777,6,2354,6,2354,0,0
"192.168.1.1",36789,6,2354,6,2354,0,0
"192.168.1.1",36794,2,884,2,884,0,0
"192.168.1.1",36797,1,417,1,417,0,0
"192.168.1.1",36801,2,884,2,884,0,0
"192.168.1.1",36802,2,884,2,884,0,0
"192.168.1.1",36803,6,2354,6,2354,0,0
"192.168.1.1",36811,1,425,1,425,0,0
"192.168.1.1",36821,6,2354,6,2354,0,0
"192.168.1.1",36831,6,2354,6,2354,0,0
"192.168.1.1",36852,2,884,2,884,0,0
"192.168.1.1",36858,3,976,3,976,0,0
"192.168.1.1",36859,2,884,2,884,0,0
"192.168.1.1",36863,1,415,1,415,0,0
"192.168.1.1",36875,2,884,2,884,0,0
"192.168.1.1",36878,3,976,3,976,0,0
"192.168.1.1",36890,6,2354,6,2354,0,0
"192.168.1.1",36892,1,353,1,353,0,0
"192.168.1.1",36897,2,884,2,884,0,0
"192.168.1.1",36899,1,92,1,92,0,0
"192.168.1.1",36906,1,427,1,427,0,0
"192.168.1.1",36916,2,884,2,884,0,0
"192.168.1.1",36917,2,884,2,884,0,0
"192.168.1.1",36918,1,92,1,92,0,0
"192.168.1.1",36921,1,310,1,310,0,0
"192.168.1.1",36926,6,2354,6,2354,0,0
"192.168.1.1",36939,6,2354,6,2354,0,0
"192.168.1.1",36950,2,884,2,884,0,0
"192.168.1.1",36955,6,2354,6,2354,0,0
"192.168.1.1",36958,2,884,2,884,0,0
"192.168.1.1",36959,2,884,2,884,0,0
"192.168.1.1",36960,1,417,1,417,0,0
"192.168.1.1",36961,1,425,1,425,0,0
"192.168.1.1",36963,1,92,1,92,0,0
"192.168.1.1",36983,1,92,1,92,0,0
"192.168.1.1",36984,1,92,1,92,0,0
"192.168.1.1",36992,6,2354,6,2354,0,0
"192.168.1.1",36996,1,369,1,369,0,0
"192.168.1.1",37012,2,884,2,884,0,0
"192.168.1.1",37013,1,427,1,427,0,0
"192.168.1.1",37041,3,1309,3,1309,0,0
"192.168.1.1",37042,1,362,1,362,0,0
"192.168.1.1",37048,1,425,1,425,0,0
"192.168.1.1",37060,2,884,2,884,0,0
"192.168.1.1",37062,2,884,2,884,0,0
"192.168.1.1",37067,4,1768,4,1768,0,0
"192.168.1.1",37071,6,2354,6,2354,0,0
"192.168.1.1",37072,6,2354,6,2354,0,0
"192.168.1.1",37078,6,2354,6,2354,0,0
"192.168.1.1",37081,6,2354,6,2354,0,0
"192.168.1.1",37082,6,2354,6,2354,0,0
"192.168.1.1",37084,6,2354,6,2354,0,0
"192.168.1.1",37092,12,4708,12,4708,0,0
"192.168.1.1",37093,6,2354,6,2354,0,0
"192.168.1.1",37098,6,2354,6,2354,0,0
"192.168.1.1",37108,6,2354,6,2354,0,0
"192.168.1.1",37114,1,92,1,92,0,0
"192.168.1.1",37117,3,1301,3,1301,0,0
"192.168.1.1",37122,2,884,2,884,0,0
"192.168.1.1",37135,2,884,2,884,0,0
"192.168.1.1",37151,1,310,1,310,0,0
"192.168.1.1",37181,6,2354,6,2354,0,0
"192.168.1.1",37190,6,2354,6,2354,0,0
"192.168.1.1",37202,1,425,1,425,0,0
"192.168.1.1",37203,6,2354,6,2354,0,0
"192.168.1.1",37204,1,417,1,417,0,0
"192.168.1.1",37222,2,884,2,884,0,0
"192.168.1.1",37224,2,884,2,884,0,0
"192.168.1.1",37225,6,2354,6,2354,0,0
"192.168.1.1",37234,6,2354,6,2354,0,0
"192.168.1.1",37236,2,884,2,884,0,0
"192.168.1.1",37237,6,2354,6,2354,0,0
"192.168.1.1",37239,2,884,2,884,0,0
"192.168.1.1",37249,6,2354,6,2354,0,0
"192.168.1.1",37252,2,884,2,884,0,0
"192.168.1.1",37258,1,92,1,92,0,0
"192.168.1.1",37269,1,92,1,92,0,0
"192.168.1.1",37274,1,92,1,92,0,0
"192.168.1.1",37279,1,349,1,349,0,0
"192.168.1.1",37280,1,310,1,310,0,0
"192.168.1.1",37281,2,884,2,884,0,0
"192.168.1.1",37282,6,2354,6,2354,0,0
"192.168.1.1",37283,1,415,1,415,0,0
"192.168.1.1",37290,6,2354,6,2354,0,0
"192.168.1.1",37291,2,884,2,884,0,0
"192.168.1.1",37296,6,2354,6,2354,0,0
"192.168.1.1",37297,1,92,1,92,0,0
"192.168.1.1",37300,1,92,1,92,0,0
"192.168.1.1",37310,2,884,2,884,0,0
"192.168.1.1",37321,2,884,2,884,0,0
"192.168.1.1",37324,1,433,1,433,0,0
"192.168.1.1",37329,1,92,1,92,0,0
"192.168.1.1",37344,8,3238,8,3238,0,0
"192.168.1.1",37353,6,2354,6,2354,0,0
"192.168.1.1",37359,1,92,1,92,0,0
"192.168.1.1",37360,6,2354,6,2354,0,0
"192.168.1.1",37361,6,2354,6,2354,0,0
"192.168.1.1",37369,6,2354,6,2354,0,0
"192.168.1.1",37374,12,4708,12,4708,0,0
"192.168.1.1",37397,6,2354,6,2354,0,0
"192.168.1.1",37402,6,2354,6,2354,0,0
"192.168.1.1",37418,2,884,2,884,0,0
"192.168.1.1",37423,6,2354,6,2354,0,0
"192.168.1.1",37426,6,2354,6,2354,0,0
"192.168.1.1",37436,12,4708,12,4708,0,0
"192.168.1.1",37444,2,884,2,884,0,0
"192.168.1.1",37455,8,3238,8,3238,0,0
"192.168.1.1",37471,2,884,2,884,0,0
"192.168.1.1",37477,6,2354,6,2354,0,0
"192.168.1.1",37479,6,2354,6,2354,0,0
"192.168.1.1",37486,2,884,2,884,0,0
"192.168.1.1",37494,2,884,2,884,0,0
"192.168.1.1",37499,1,92,1,92,0,0
"192.168.1.1",37501,2,884,2,884,0,0
"192.168.1.1",37507,1,92,1,92,0,0
"192.168.1.1",37518,1,415,1,415,0,0
"192.168.1.1",37522,1,92,1,92,0,0
"192.168.1.1",37527,1,433,1,433,0,0
"192.168.1.1",37529,2,884,2,884,0,0
"192.168.1.1",37534,2,884,2,884,0,0
"192.168.1.1",37541,6,2354,6,2354,0,0
"192.168.1.1",37546,6,2354,6,2354,0,0
"192.168.1.1",37547,6,2354,6,2354,0,0
"192.168.1.1",37550,6,2354,6,2354,0,0
"192.168.1.1",37554,2,884,2,884,0,0
"192.168.1.1",37568,2,884,2,884,0,0
"192.168.1.1",37573,1,92,1,92,0,0
"192.168.1.1",37574,7,2769,7,2769,0,0
"192.168.1.1",37576,2,884,2,884,0,0
"192.168.1.1",37577,1,427,1,427,0,0
"192.168.1.1",37585,2,884,2,884,0,0
"192.168.1.1",37586,1,427,1,427,0,0
"192.168.1.1",37610,6,2354,6,2354,0,0
"192.168.1.1",37633,1,362,1,362,0,0
"192.168.1.1",37646,6,2354,6,2354,0,0
"192.168.1.1",37664,3,1301,3,1301,0,0
"192.168.1.1",37683,6,2354,6,2354,0,0
"192.168.1.1",37689,6,2354,6,2354,0,0
"192.168.1.1",37693,1,92,1,92,0,0
"192.168.1.1",37707,2,884,2,884,0,0
"192.168.1.1",37719,2,884,2,884,0,0
"192.168.1.1",37725,1,92,1,92,0,0
"192.168.1.1",37730,2,884,2,884,0,0
"192.168.1.1",37734,6,2354,6,2354,0,0
"192.168.1.1",37736,1,92,1,92,0,0
"192.168.1.1",37745,2,884,2,884,0,0
"192.168.1.1",37746,6,2354,6,2354,0,0
"192.168.1.1",37751,2,884,2,884,0,0
"192.168.1.1",37758,2,884,2,884,0,0
"192.168.1.1",37764,2,884,2,884,0,0
"192.168.1.1",37767,1,427,1,427,0,0
"192.168.1.1",37780,2,884,2,884,0,0
"192.168.1.1",37781,6,2354,6,2354,0,0
"192.168.1.1",37785,2,884,2,884,0,0
"192.168.1.1",37787,2,884,2,884,0,0
"192.168.1.1",37807,2,884,2,884,0,0
"192.168.1.1",37814,6,2354,6,2354,0,0
"192.168.1.1",37833,1,92,1,92,0,0
"192.168.1.1",37837,2,884,2,884,0,0
"192.168.1.1",37851,1,92,1,92,0,0
"192.168.1.1",37865,1,433,1,433,0,0
"192.168.1.1",37867,1,425,1,425,0,0
"192.168.1.1",37876,6,2354,6,2354,0,0
"192.168.1.1",37887,6,2354,6,2354,0,0
"192.168.1.1",37889,1,92,1,92,0,0
"192.168.1.1",37891,1,92,1,92,0,0
"192.168.1.1",37916,6,2354,6,2354,0,0
"192.168.1.1",37928,2,884,2,884,0,0
"192.168.1.1",37936,1,92,1,92,0,0
"192.168.1.1",37939,2,884,2,884,0,0
"192.168.1.1",37953,1,92,1,92,0,0
"192.168.1.1",37954,1,92,1,92,0,0
"192.168.1.1",37963,2,884,2,884,0,0
"192.168.1.1",37967,6,2354,6,2354,0,0
"192.168.1.1",37971,6,2354,6,2354,0,0
"192.168.1.1",37980,6,2354,6,2354,0,0
"192.168.1.1",37983,2,884,2,884,0,0
"192.168.1.1",37994,1,433,1,433,0,0
"192.168.1.1",37996,2,884,2,884,0,0
"192.168.1.1",38000,6,2354,6,2354,0,0
"192.168.1.1",38001,2,884,2,884,0,0
"192.168.1.1",38002,6,2354,6,2354,0,0
"192.168.1.1",38018,1,310,1,310,0,0
"192.168.1.1",38020,6,2354,6,2354,0,0
"192.168.1.1",38021,1,417,1,417,0,0
"192.168.1.1",38028,1,433,1,433,0,0
"192.168.1.1",38033,6,2354,6,2354,0,0
"192.168.1.1",38049,2,884,2,884,0,0
"192.168.1.1",38062,1,92,1,92,0,0
"192.168.1.1",38066,1,92,1,92,0,0
"192.168.1.1",38067,1,425,1,425,0,0
"192.168.1.1",38068,2,884,2,884,0,0
"192.168.1.1",38070,2,884,2,884,0,0
"192.168.1.1",38079,8,3238,8,3238,0,0
"192.168.1.1",38080,1,92,1,92,0,0
"192.168.1.1",38083,1,92,1,92,0,0
"192.168.1.1",38084,2,884,2,884,0,0
"192.168.1.1",38095,6,2354,6,2354,0,0
"192.168.1.1",38101,6,2354,6,2354,0,0
"192.168.1.1",38126,2,884,2,884,0,0
"192.168.1.1",38127,2,884,2,884,0,0
"192.168.1.1",38132,6,2354,6,2354,0,0
"192.168.1.1",38134,6,2354,6,2354,0,0
"192.168.1.1",38137,2,884,2,884,0,0
"192.168.1.1",38149,6,2354,6,2354,0,0
"192.168.1.1",38164,1,369,1,369,0,0
"192.168.1.1",38166,2,884,2,884,0,0
"192.168.1.1",38167,6,2354,6,2354,0,0
"192.168.1.1",38172,8,3238,8,3238,0,0
"192.168.1.1",38175,2,884,2,884,0,0
"192.168.1.1",38181,3,1299,3,1299,0,0
"192.168.1.1",38183,2,884,2,884,0,0
"192.168.1.1",38195,7,2779,7,2779,0,0
"192.168.1.1",38197,2,884,2,884,0,0
"192.168.1.1",38200,2,884,2,884,0,0
"192.168.1.1",38208,2,884,2,884,0,0
"192.168.1.1",38217,4,1768,4,1768,0,0
"192.168.1.1",38230,2,884,2,884,0,0
"192.168.1.1",38233,2,884,2,884,0,0
"192.168.1.1",38235,6,2354,6,2354,0,0
"192.168.1.1",38250,2,884,2,884,0,0
"192.168.1.1",38253,1,310,1,310,0,0
"192.168.1.1",38265,6,2354,6,2354,0,0
"192.168.1.1",38269,12,4708,12,4708,0,0
"192.168.1.1",38272,7,2779,7,2779,0,0
"192.168.1.1",38274,2,884,2,884,0,0
"192.168.1.1",38281,6,2354,6,2354,0,0
"192.168.1.1",38285,2,884,2,884,0,0
"192.168.1.1",38286,2,884,2,884,0,0
"192.168.1.1",38299,6,2354,6,2354,0,0
"192.168.1.1",38303,2,884,2,884,0,0
"192.168.1.1",38322,6,2354,6,2354,0,0
"192.168.1.1",38326,6,2354,6,2354,0,0
"192.168.1.1",38328,6,2354,6,2354,0,0
"192.168.1.1",38329,1,92,1,92,0,0
"192.168.1.1",38346,1,92,1,92,0,0
"192.168.1.1",38351,2,884,2,884,0,0
"192.168.1.1",38362,2,884,2,884,0,0
"192.168.1.1",38386,6,2354,6,2354,0,0
"192.168.1.1",38390,6,2354,6,2354,0,0
"192.168.1.1",38401,1,427,1,427,0,0
"192.168.1.1",38412,2,884,2,884,0,0
"192.168.1.1",38413,2,884,2,884,0,0
"192.168.1.1",38427,6,2354,6,2354,0,0
"192.168.1.1",38451,1,92,1,92,0,0
"192.168.1.1",38457,1,92,1,92,0,0
"192.168.1.1",38458,1,433,1,433,0,0
"192.168.1.1",38463,1,92,1,92,0,0
"192.168.1.1",38469,1,425,1,425,0,0
"192.168.1.1",38471,2,884,2,884,0,0
"192.168.1.1",38475,6,2354,6,2354,0,0
"192.168.1.1",38500,2,884,2,884,0,0
"192.168.1.1",38505,6,2354,6,2354,0,0
"192.168.1.1",38506,2,884,2,884,0,0
"192.168.1.1",38513,1,92,1,92,0,0
"192.168.1.1",38515,1,92,1,92,0,0
"192.168.1.1",38517,6,2354,6,2354,0,0
"192.168.1.1",38518,2,884,2,884,0,0
"192.168.1.1",38520,7,2446,7,2446,0,0
"192.168.1.1",38523,1,92,1,92,0,0
"192.168.1.1",38540,2,884,2,884,0,0
"192.168.1.1",38541,1,92,1,92,0,0
"192.168.1.1",38545,1,92,1,92,0,0
"192.168.1.1",38547,6,2354,6,2354,0,0
"192.168.1.1",38549,1,92,1,92,0,0
"192.168.1.1",38552,8,3238,8,3238,0,0
"192.168.1.1",38554,1,369,1,369,0,0
"192.168.1.1",38567,6,2354,6,2354,0,0
"192.168.1.1",38570,2,884,2,884,0,0
"192.168.1.1",38572,1,362,1,362,0,0
"192.168.1.1",38583,2,884,2,884,0,0
"192.168.1.1",38594,1,310,1,310,0,0
"192.168.1.1",38597,6,2354,6,2354,0,0
"192.168.1.1",38599,1,425,1,425,0,0
"192.168.1.1",38606,2,884,2,884,0,0
"192.168.1.1",38621,1,425,1,425,0,0
"192.168.1.1",38622,9,3330,9,3330,0,0
"192.168.1.1",38623,6,2354,6,2354,0,0
"192.168.1.1",38629,6,2354,6,2354,0,0
"192.168.1.1",38635,1,369,1,369,0,0
"192.168.1.1",38637,2,884,2,884,0,0
"192.168.1.1",38644,2,884,2,884,0,0
"192.168.1.1",38649,6,2354,6,2354,0,0
"192.168.1.1",38662,2,884,2,884,0,0
"192.168.1.1",38664,1,369,1,369,0,0
"192.168.1.1",38668,1,92,1,92,0,0
"192.168.1.1",38674,2,884,2,884,0,0
"192.168.1.1",38680,1,310,1,310,0,0
"192.168.1.1",38682,6,2354,6,2354,0,0
"192.168.1.1",38684,1,310,1,310,0,0
"192.168.1.1",38693,4,1768,4,1768,0,0
"192.168.1.1",38694,2,884,2,884,0,0
"192.168.1.1",38696,6,2354,6,2354,0,0
"192.168.1.1",38700,6,2354,6,2354,0,0
"192.168.1.1",38718,2,884,2,884,0,0
"192.168.1.1",38719,1,92,1,92,0,0
"192.168.1.1",38723,2,884,2,884,0,0
"192.168.1.1",38728,6,2354,6,2354,0,0
"192.168.1.1",38754,1,427,1,427,0,0
"192.168.1.1",38759,1,310,1,310,0,0
"192.168.1.1",38762,2,884,2,884,0,0
"192.168.1.1",38777,2,884,2,884,0,0
"192.168.1.1",38790,1,92,1,92,0,0
"192.168.1.1",38800,2,884,2,884,0,0
"192.168.1.1",38805,2,884,2,884,0,0
"192.168.1.1",38807,6,2354,6,2354,0,0
"192.168.1.1",38808,1,92,1,92,0,0
"192.168.1.1",38810,1,92,1,92,0,0
"192.168.1.1",38818,2,884,2,884,0,0
"192.168.1.1",38828,6,2354,6,2354,0,0
"192.168.1.1",38839,3,1194,3,1194,0,0
"192.168.1.1",38841,2,884,2,884,0,0
"192.168.1.1",38842,2,884,2,884,0,0
"192.168.1.1",38844,1,369,1,369,0,0
"192.168.1.1",38847,2,884,2,884,0,0
"192.168.1.1",38855,1,310,1,310,0,0
"192.168.1.1",38857,2,884,2,884,0,0
"192.168.1.1",38859,1,417,1,417,0,0
"192.168.1.1",38865,2,884,2,884,0,0
"192.168.1.1",38871,7,2771,7,2771,0,0
"192.168.1.1",38873,3,1309,3,1309,0,0
"192.168.1.1",38880,6,2354,6,2354,0,0
"192.168.1.1",38883,2,884,2,884,0,0
"192.168.1.1",38902,1,92,1,92,0,0
"192.168.1.1",38913,6,2354,6,2354,0,0
"192.168.1.1",38925,8,3238,8,3238,0,0
"192.168.1.1",38942,6,2354,6,2354,0,0
"192.168.1.1",38965,4,1768,4,1768,0,0
"192.168.1.1",38968,2,884,2,884,0,0
"192.168.1.1",38974,6,2354,6,2354,0,0
"192.168.1.1",38975,6,2354,6,2354,0,0
"192.168.1.1",38983,1,92,1,92,0,0
"192.168.1.1",38993,2,884,2,884,0,0
"192.168.1.1",38994,6,2354,6,2354,0,0
"192.168.1.1",38998,1,92,1,92,0,0
"192.168.1.1",39006,2,884,2,884,0,0
"192.168.1.1",39007,6,2354,6,2354,0,0
"192.168.1.1",39012,6,2354,6,2354,0,0
"192.168.1.1",39015,1,310,1,310,0,0
"192.168.1.1",39019,2,884,2,884,0,0
"192.168.1.1",39034,1,369,1,369,0,0
"192.168.1.1",39035,1,369,1,369,0,0
"192.168.1.1",39053,6,2354,6,2354,0,0
"192.168.1.1",39064,6,2354,6,2354,0,0
"192.168.1.1",39073,1,362,1,362,0,0
"192.168.1.1",39080,2,884,2,884,0,0
"192.168.1.1",39103,1,92,1,92,0,0
"192.168.1.1",39108,1,92,1,92,0,0
"192.168.1.1",39145,12,4708,12,4708,0,0
"192.168.1.1",39165,6,2354,6,2354,0,0
"192.168.1.1",39172,6,2354,6,2354,0,0
"192.168.1.1",39174,6,2354,6,2354,0,0
"192.168.1.1",39182,6,2354,6,2354,0,0
"192.168.1.1",39186,8,3238,8,3238,0,0
"192.168.1.1",39195,1,92,1,92,0,0
"192.168.1.1",39201,1,92,1,92,0,0
"192.168.1.1",39204,2,884,2,884,0,0
"192.168.1.1",39205,2,884,2,884,0,0
"192.168.1.1",39213,6,2354,6,2354,0,0
"192.168.1.1",39219,1,92,1,92,0,0
"192.168.1.1",39224,2,884,2,884,0,0
"192.168.1.1",39236,1,427,1,427,0,0
"192.168.1.1",39238,2,884,2,884,0,0
"192.168.1.1",39243,2,884,2,884,0,0
"192.168.1.1",39244,9,3655,9,3655,0,0
"192.168.1.1",39247,2,884,2,884,0,0
"192.168.1.1",39248,6,2354,6,2354,0,0
"192.168.1.1",39251,2,884,2,884,0,0
"192.168.1.1",39252,1,92,1,92,0,0
"192.168.1.1",39261,1,362,1,362,0,0
"192.168.1.1",39262,2,884,2,884,0,0
"192.168.1.1",39267,2,884,2,884,0,0
"192.168.1.1",39268,2,884,2,884,0,0
"192.168.1.1",39275,6,2354,6,2354,0,0
"192.168.1.1",39278,6,2354,6,2354,0,0
"192.168.1.1",39284,6,2354,6,2354,0,0
"192.168.1.1",39306,6,2354,6,2354,0,0
"192.168.1.1",39307,1,92,1,92,0,0
"192.168.1.1",39318,6,2354,6,2354,0,0
"192.168.1.1",39333,1,310,1,310,0,0
"192.168.1.1",39343,1,417,1,417,0,0
"192.168.1.1",39344,6,2354,6,2354,0,0
"192.168.1.1",39358,6,2354,6,2354,0,0
"192.168.1.1",39365,6,2354,6,2354,0,0
"192.168.1.1",39366,1,310,1,310,0,0
"192.168.1.1",39369,1,92,1,92,0,0
"192.168.1.1",39379,2,884,2,884,0,0
"192.168.1.1",39393,1,425,1,425,0,0
"192.168.1.1",39395,6,2354,6,2354,0,0
"192.168.1.1",39414,2,884,2,884,0,0
"192.168.1.1",39427,2,884,2,884,0,0
"192.168.1.1",39430,6,2354,6,2354,0,0
"192.168.1.1",39443,1,92,1,92,0,0
"192.168.1.1",39445,2,884,2,884,0,0
"192.168.1.1",39447,2,884,2,884,0,0
"192.168.1.1",39475,2,884,2,884,0,0
"192.168.1.1",39480,6,2354,6,2354,0,0
"192.168.1.1",39483,6,2354,6,2354,0,0
"192.168.1.1",39512,1,310,1,310,0,0
"192.168.1.1",39514,6,2354,6,2354,0,0
"192.168.1.1",39523,1,92,1,92,0,0
"192.168.1.1",39526,2,884,2,884,0,0
"192.168.1.1",39529,12,4708,12,4708,0,0
"192.168.1.1",39536,1,92,1,92,0,0
"192.168.1.1",39541,2,884,2,884,0,0
"192.168.1.1",39547,1,92,1,92,0,0
"192.168.1.1",39564,6,2354,6,2354,0,0
"192.168.1.1",39574,6,2354,6,2354,0,0
"192.168.1.1",39575,1,92,1,92,0,0
"192.168.1.1",39589,6,2354,6,2354,0,0
"192.168.1.1",39591,2,884,2,884,0,0
"192.168.1.1",39602,1,92,1,92,0,0
"192.168.1.1",39608,6,2354,6,2354,0,0
"192.168.1.1",39611,1,362,1,362,0,0
"192.168.1.1",39617,2,884,2,884,0,0
"192.168.1.1",39643,3,976,3,976,0,0
"192.168.1.1",39663,2,884,2,884,0,0
"192.168.1.1",39672,1,427,1,427,0,0
"192.168.1.1",39675,6,2354,6,2354,0,0
"192.168.1.1",39676,6,2354,6,2354,0,0
"192.168.1.1",39677,6,2354,6,2354,0,0
"192.168.1.1",39689,6,2354,6,2354,0,0
"192.168.1.1",39697,1,417,1,417,0,0
"192.168.1.1",39712,2,884,2,884,0,0
"192.168.1.1",39723,6,2354,6,2354,0,0
"192.168.1.1",39729,6,2354,6,2354,0,0
"192.168.1.1",39731,7,2446,7,2446,0,0
"192.168.1.1",39739,9,3330,9,3330,0,0
"192.168.1.1",39743,3,1194,3,1194,0,0
"192.168.1.1",39745,2,884,2,884,0,0
"192.168.1.1",39746,6,2354,6,2354,0,0
"192.168.1.1",39753,2,884,2,884,0,0
"192.168.1.1",39757,1,417,1,417,0,0
"192.168.1.1",39759,2,884,2,884,0,0
"192.168.1.1",39761,1,92,1,92,0,0
"192.168.1.1",39769,2,884,2,884,0,0
"192.168.1.1",39781,6,2354,6,2354,0,0
"192.168.1.1",39785,6,2354,6,2354,0,0
"192.168.1.1",39791,1,362,1,362,0,0
"192.168.1.1",39799,2,884,2,884,0,0
"192.168.1.1",39808,2,884,2,884,0,0
"192.168.1.1",39809,6,2354,6,2354,0,0
"192.168.1.1",39811,6,2354,6,2354,0,0
"192.168.1.1",39821,1,369,1,369,0,0
"192.168.1.1",39834,2,884,2,884,0,0
"192.168.1.1",39861,6,2354,6,2354,0,0
"192.168.1.1",39873,6,2354,6,2354,0,0
"192.168.1.1",39907,2,884,2,884,0,0
"192.168.1.1",39914,6,2354,6,2354,0,0
"192.168.1.1",39930,2,884,2,884,0,0
"192.168.1.1",39938,2,884,2,884,0,0
"192.168.1.1",39942,1,92,1,92,0,0
"192.168.1.1",39943,6,2354,6,2354,0,0
"192.168.1.1",39950,2,884,2,884,0,0
"192.168.1.1",39952,1,92,1,92,0,0
"192.168.1.1",39958,6,2354,6,2354,0,0
"192.168.1.1",39977,2,884,2,884,0,0
"192.168.1.1",39982,6,2354,6,2354,0,0
"192.168.1.1",39991,1,92,1,92,0,0
"192.168.1.1",39993,2,884,2,884,0,0
"192.168.1.1",39997,2,884,2,884,0,0
"192.168.1.1",39999,1,92,1,92,0,0
"192.168.1.1",40000,6,2354,6,2354,0,0
"192.168.1.1",40006,2,884,2,884,0,0
"192.168.1.1",40025,2,884,2,884,0,0
"192.168.1.1",40042,6,2354,6,2354,0,0
"192.168.1.1",40047,8,3238,8,3238,0,0
"192.168.1.1",40054,6,2354,6,2354,0,0
"192.168.1.1",40055,1,417,1,417,0,0
"192.168.1.1",40058,2,884,2,884,0,0
"192.168.1.1",40071,12,4708,12,4708,0,0
"192.168.1.1",40074,6,2354,6,2354,0,0
"192.168.1.1",40075,6,2354,6,2354,0,0
"192.168.1.1",40082,6,2354,6,2354,0,0
"192.168.1.1",40084,2,884,2,884,0,0
"192.168.1.1",40088,2,884,2,884,0,0
"192.168.1.1",40092,1,417,1,417,0,0
"192.168.1.1",40099,2,884,2,884,0,0
"192.168.1.1",40124,2,884,2,884,0,0
"192.168.1.1",40135,2,884,2,884,0,0
"192.168.1.1",40136,2,884,2,884,0,0
"192.168.1.1",40142,6,2354,6,2354,0,0
"192.168.1.1",40143,2,884,2,884,0,0
"192.168.1.1",40151,2,884,2,884,0,0
"192.168.1.1",40158,1,415,1,415,0,0
"192.168.1.1",40174,2,884,2,884,0,0
"192.168.1.1",40182,2,884,2,884,0,0
"192.168.1.1",40184,2,884,2,884,0,0
"192.168.1.1",40190,2,884,2,884,0,0
"192.168.1.1",40192,1,92,1,92,0,0
"192.168.1.1",40203,1,417,1,417,0,0
"192.168.1.1",40208,2,884,2,884,0,0
"192.168.1.1",40212,6,2354,6,2354,0,0
"192.168.1.1",40220,6,2354,6,2354,0,0
"192.168.1.1",40221,2,884,2,884,0,0
"192.168.1.1",40222,2,884,2,884,0,0
"192.168.1.1",40226,6,2354,6,2354,0,0
"192.168.1.1",40230,2,620,2,620,0,0
"192.168.1.1",40231,6,2354,6,2354,0,0
"192.168.1.1",40232,6,2354,6,2354,0,0
"192.168.1.1",40244,6,2354,6,2354,0,0
"192.168.1.1",40250,2,884,2,884,0,0
"192.168.1.1",40265,2,884,2,884,0,0
"192.168.1.1",40266,6,2354,6,2354,0,0
"192.168.1.1",40269,2,884,2,884,0,0
"192.168.1.1",40281,1,310,1,310,0,0
"192.168.1.1",40295,1,425,1,425,0,0
"192.168.1.1",40305,1,433,1,433,0,0
"192.168.1.1",40318,6,2354,6,2354,0,0
"192.168.1.1",40322,6,2354,6,2354,0,0
"192.168.1.1",40325,6,2354,6,2354,0,0
"192.168.1.1",40326,6,2354,6,2354,0,0
"192.168.1.1",40346,1,92,1,92,0,0
"192.168.1.1",40349,6,2354,6,2354,0,0
"192.168.1.1",40359,6,2354,6,2354,0,0
"192.168.1.1",40361,2,884,2,884,0,0
"192.168.1.1",40366,7,2703,7,2703,0,0
"192.168.1.1",40370,2,884,2,884,0,0
"192.168.1.1",40374,6,2354,6,2354,0,0
"192.168.1.1",40381,6,2354,6,2354,0,0
"192.168.1.1",40394,2,884,2,884,0,0
"192.168.1.1",40396,2,884,2,884,0,0
"192.168.1.1",40402,1,425,1,425,0,0
"192.168.1.1",40412,6,2354,6,2354,0,0
"192.168.1.1",40417,2,884,2,884,0,0
"192.168.1.1",40418,2,884,2,884,0,0
"192.168.1.1",40421,6,2354,6,2354,0,0
"192.168.1.1",40448,2,884,2,884,0,0
"192.168.1.1",40454,2,884,2,884,0,0
"192.168.1.1",40457,2,884,2,884,0,0
"192.168.1.1",40462,6,2354,6,2354,0,0
"192.168.1.1",40465,1,433,1,433,0,0
"192.168.1.1",40471,2,884,2,884,0,0
"192.168.1.1",40474,1,310,1,310,0,0
"192.168.1.1",40478,1,425,1,425,0,0
"192.168.1.1",40488,2,884,2,884,0,0
"192.168.1.1",40495,7,2716,7,2716,0,0
"192.168.1.1",40512,2,884,2,884,0,0
"192.168.1.1",40513,6,2354,6,2354,0,0
"192.168.1.1",40514,1,425,1,425,0,0
"192.168.1.1",40515,1,310,1,310,0,0
"192.168.1.1",40519,2,884,2,884,0,0
"192.168.1.1",40520,1,349,1,349,0,0
"192.168.1.1",40521,1,310,1,310,0,0
"192.168.1.1",40523,1,310,1,310,0,0
"192.168.1.1",40529,6,2354,6,2354,0,0
"192.168.1.1",40540,1,92,1,92,0,0
"192.168.1.1",40542,2,884,2,884,0,0
"192.168.1.1",40545,2,715,2,715,0,0
"192.168.1.1",40549,6,2354,6,2354,0,0
"192.168.1.1",40550,2,884,2,884,0,0
"192.168.1.1",40558,1,92,1,92,0,0
"192.168.1.1",40573,1,310,1,310,0,0
"192.168.1.1",40577,6,2354,6,2354,0,0
"192.168.1.1",40578,2,884,2,884,0,0
"192.168.1.1",40585,1,92,1,92,0,0
"192.168.1.1",40595,1,310,1,310,0,0
"192.168.1.1",40604,6,2354,6,2354,0,0
"192.168.1.1",40605,1,427,1,427,0,0
"192.168.1.1",40610,6,2354,6,2354,0,0
"192.168.1.1",40612,2,441,2,441,0,0
"192.168.1.1",40614,2,884,2,884,0,0
"192.168.1.1",40619,1,310,1,310,0,0
"192.168.1.1",40620,6,2354,6,2354,0,0
"192.168.1.1",40621,2,884,2,884,0,0
"192.168.1.1",40638,2,884,2,884,0,0
"192.168.1.1",40645,6,2354,6,2354,0,0
"192.168.1.1",40650,6,2354,6,2354,0,0
"192.168.1.1",40656,2,884,2,884,0,0
"192.168.1.1",40663,6,2354,6,2354,0,0
"192.168.1.1",40672,6,2354,6,2354,0,0
"192.168.1.1",40675,1,310,1,310,0,0
"192.168.1.1",40688,6,2354,6,2354,0,0
"192.168.1.1",40696,6,2354,6,2354,0,0
"192.168.1.1",40698,1,92,1,92,0,0
"192.168.1.1",40699,1,310,1,310,0,0
"192.168.1.1",40718,6,2354,6,2354,0,0
"192.168.1.1",40740,2,884,2,884,0,0
"192.168.1.1",40747,1,353,1,353,0,0
"192.168.1.1",40755,1,425,1,425,0,0
"192.168.1.1",40787,1,92,1,92,0,0
"192.168.1.1",40795,2,884,2,884,0,0
"192.168.1.1",40797,7,2446,7,2446,0,0
"192.168.1.1",40799,2,884,2,884,0,0
"192.168.1.1",40803,6,2354,6,2354,0,0
"192.168.1.1",40809,6,2354,6,2354,0,0
"192.168.1.1",40810,3,976,3,976,0,0
"192.168.1.1",40817,6,2354,6,2354,0,0
"192.168.1.1",40832,2,884,2,884,0,0
"192.168.1.1",40835,6,2354,6,2354,0,0
"192.168.1.1",40841,2,884,2,884,0,0
"192.168.1.1",40845,6,2354,6,2354,0,0
"192.168.1.1",40854,6,2354,6,2354,0,0
"192.168.1.1",40859,2,884,2,884,0,0
"192.168.1.1",40865,2,884,2,884,0,0
"192.168.1.1",40866,6,2354,6,2354,0,0
"192.168.1.1",40867,6,2354,6,2354,0,0
"192.168.1.1",40872,2,884,2,884,0,0
"192.168.1.1",40880,2,884,2,884,0,0
"192.168.1.1",40881,2,884,2,884,0,0
"192.168.1.1",40890,6,2354,6,2354,0,0
"192.168.1.1",40891,1,353,1,353,0,0
"192.168.1.1",40896,2,884,2,884,0,0
"192.168.1.1",40900,6,2354,6,2354,0,0
"192.168.1.1",40903,1,310,1,310,0,0
"192.168.1.1",40923,2,884,2,884,0,0
"192.168.1.1",40926,6,2354,6,2354,0,0
"192.168.1.1",40932,1,92,1,92,0,0
"192.168.1.1",40934,2,884,2,884,0,0
"192.168.1.1",40936,6,2354,6,2354,0,0
"192.168.1.1",40938,2,884,2,884,0,0
"192.168.1.1",40940,2,884,2,884,0,0
"192.168.1.1",40947,1,427,1,427,0,0
"192.168.1.1",40950,6,2354,6,2354,0,0
"192.168.1.1",40985,6,2354,6,2354,0,0
"192.168.1.1",40995,2,884,2,884,0,0
"192.168.1.1",41004,2,884,2,884,0,0
"192.168.1.1",41007,6,2354,6,2354,0,0
"192.168.1.1",41008,6,2354,6,2354,0,0
"192.168.1.1",41009,6,2354,6,2354,0,0
"192.168.1.1",41012,1,92,1,92,0,0
"192.168.1.1",41019,6,2354,6,2354,0,0
"192.168.1.1",41022,6,2354,6,2354,0,0
"192.168.1.1",41031,6,2354,6,2354,0,0
"192.168.1.1",41038,2,884,2,884,0,0
"192.168.1.1",41039,1,92,1,92,0,0
"192.168.1.1",41040,2,884,2,884,0,0
"192.168.1.1",41046,1,92,1,92,0,0
"192.168.1.1",41076,2,884,2,884,0,0
"192.168.1.1",41088,8,3238,8,3238,0,0
"192.168.1.1",41094,1,433,1,433,0,0
"192.168.1.1",41102,2,884,2,884,0,0
"192.168.1.1",41115,2,884,2,884,0,0
"192.168.1.1",41120,2,884,2,884,0,0
"192.168.1.1",41125,1,92,1,92,0,0
"192.168.1.1",41126,6,2354,6,2354,0,0
"192.168.1.1",41148,6,2354,6,2354,0,0
"192.168.1.1",41152,2,884,2,884,0,0
"192.168.1.1",41153,2,884,2,884,0,0
"192.168.1.1",41154,2,884,2,884,0,0
"192.168.1.1",41168,4,1768,4,1768,0,0
"192.168.1.1",41181,2,884,2,884,0,0
"192.168.1.1",41182,1,92,1,92,0,0
"192.168.1.1",41185,1,433,1,433,0,0
"192.168.1.1",41187,6,2354,6,2354,0,0
"192.168.1.1",41192,2,884,2,884,0,0
"192.168.1.1",41195,2,884,2,884,0,0
"192.168.1.1",41196,3,1301,3,1301,0,0
"192.168.1.1",41202,6,2354,6,2354,0,0
"192.168.1.1",41209,6,2354,6,2354,0,0
"192.168.1.1",41215,1,415,1,415,0,0
"192.168.1.1",41221,2,884,2,884,0,0
"192.168.1.1",41238,6,2354,6,2354,0,0
"192.168.1.1",41240,6,2354,6,2354,0,0
"192.168.1.1",41241,13,5018,13,5018,0,0
"192.168.1.1",41245,2,884,2,884,0,0
"192.168.1.1",41248,2,884,2,884,0,0
"192.168.1.1",41266,2,884,2,884,0,0
"192.168.1.1",41267,6,2354,6,2354,0,0
"192.168.1.1",41273,1,92,1,92,0,0
"192.168.1.1",41274,6,2354,6,2354,0,0
"192.168.1.1",41281,2,884,2,884,0,0
"192.168.1.1",41294,2,884,2,884,0,0
"192.168.1.1",41307,6,2354,6,2354,0,0
"192.168.1.1",41316,1,310,1,310,0,0
"192.168.1.1",41317,6,2354,6,2354,0,0
"192.168.1.1",41322,1,92,1,92,0,0
"192.168.1.1",41329,1,349,1,349,0,0
"192.168.1.1",41343,6,2354,6,2354,0,0
"192.168.1.1",41351,6,2354,6,2354,0,0
"192.168.1.1",41360,1,92,1,92,0,0
"192.168.1.1",41364,2,884,2,884,0,0
"192.168.1.1",41375,2,884,2,884,0,0
"192.168.1.1",41389,1,92,1,92,0,0
"192.168.1.1",41393,1,369,1,369,0,0
"192.168.1.1",41398,2,884,2,884,0,0
"192.168.1.1",41400,6,2354,6,2354,0,0
"192.168.1.1",41401,1,415,1,415,0,0
"192.168.1.1",41406,6,2354,6,2354,0,0
"192.168.1.1",41413,12,4708,12,4708,0,0
"192.168.1.1",41415,2,884,2,884,0,0
"192.168.1.1",41420,2,884,2,884,0,0
"192.168.1.1",41428,2,884,2,884,0,0
"192.168.1.1",41433,2,884,2,884,0,0
"192.168.1.1",41436,6,2354,6,2354,0,0
"192.168.1.1",41437,2,884,2,884,0,0
"192.168.1.1",41444,6,2354,6,2354,0,0
"192.168.1.1",41445,6,2354,6,2354,0,0
"192.168.1.1",41447,2,884,2,884,0,0
"192.168.1.1",41450,2,884,2,884,0,0
"192.168.1.1",41453,2,884,2,884,0,0
"192.168.1.1",41455,7,2446,7,2446,0,0
"192.168.1.1",41468,1,92,1,92,0,0
"192.168.1.1",41469,6,2354,6,2354,0,0
"192.168.1.1",41474,6,2354,6,2354,0,0
"192.168.1.1",41483,2,884,2,884,0,0
"192.168.1.1",41498,6,2354,6,2354,0,0
"192.168.1.1",41511,1,92,1,92,0,0
"192.168.1.1",41513,1,353,1,353,0,0
"192.168.1.1",41517,2,884,2,884,0,0
"192.168.1.1",41518,1,92,1,92,0,0
"192.168.1.1",41522,6,2354,6,2354,0,0
"192.168.1.1",41551,6,2354,6,2354,0,0
"192.168.1.1",41552,1,92,1,92,0,0
"192.168.1.1",41557,1,92,1,92,0,0
"192.168.1.1",41581,2,884,2,884,0,0
"192.168.1.1",41585,2,884,2,884,0,0
"192.168.1.1",41591,1,417,1,417,0,0
"192.168.1.1",41611,6,2354,6,2354,0,0
"192.168.1.1",41613,6,2354,6,2354,0,0
"192.168.1.1",41616,2,884,2,884,0,0
"192.168.1.1",41617,6,2354,6,2354,0,0
"192.168.1.1",41623,6,2354,6,2354,0,0
"192.168.1.1",41624,6,2354,6,2354,0,0
"192.168.1.1",41629,2,884,2,884,0,0
"192.168.1.1",41631,6,2354,6,2354,0,0
"192.168.1.1",41637,6,2354,6,2354,0,0
"192.168.1.1",41638,6,2354,6,2354,0,0
"192.168.1.1",41641,2,884,2,884,0,0
"192.168.1.1",41647,6,2354,6,2354,0,0
"192.168.1.1",41650,2,884,2,884,0,0
"192.168.1.1",41651,1,310,1,310,0,0
"192.168.1.1",41652,6,2354,6,2354,0,0
"192.168.1.1",41653,1,415,1,415,0,0
"192.168.1.1",41661,2,884,2,884,0,0
"192.168.1.1",41676,2,884,2,884,0,0
"192.168.1.1",41698,1,92,1,92,0,0
"192.168.1.1",41702,2,884,2,884,0,0
"192.168.1.1",41704,1,92,1,92,0,0
"192.168.1.1",41710,12,4708,12,4708,0,0
"192.168.1.1",41719,1,92,1,92,0,0
"192.168.1.1",41736,1,433,1,433,0,0
"192.168.1.1",41755,1,310,1,310,0,0
"192.168.1.1",41764,6,2354,6,2354,0,0
"192.168.1.1",41775,6,2354,6,2354,0,0
"192.168.1.1",41779,2,884,2,884,0,0
"192.168.1.1",41788,2,884,2,884,0,0
"192.168.1.1",41789,6,2354,6,2354,0,0
"192.168.1.1",41793,2,884,2,884,0,0
"192.168.1.1",41818,1,92,1,92,0,0
"192.168.1.1",41821,6,2354,6,2354,0,0
"192.168.1.1",41837,2,884,2,884,0,0
"192.168.1.1",41845,1,92,1,92,0,0
"192.168.1.1",41852,6,2354,6,2354,0,0
"192.168.1.1",41857,7,2707,7,2707,0,0
"192.168.1.1",41867,2,884,2,884,0,0
"192.168.1.1",41878,2,884,2,884,0,0
"192.168.1.1",41888,6,2354,6,2354,0,0
"192.168.1.1",41890,6,2354,6,2354,0,0
"192.168.1.1",41894,2,884,2,884,0,0
"192.168.1.1",41898,2,884,2,884,0,0
"192.168.1.1",41901,1,353,1,353,0,0
"192.168.1.1",41903,2,884,2,884,0,0
"192.168.1.1",41919,2,884,2,884,0,0
"192.168.1.1",41920,6,2354,6,2354,0,0
"192.168.1.1",41930,2,884,2,884,0,0
"192.168.1.1",41931,2,884,2,884,0,0
"192.168.1.1",41944,1,310,1,310,0,0
"192.168.1.1",41972,2,884,2,884,0,0
"192.168.1.1",41986,6,2354,6,2354,0,0
"192.168.1.1",41987,2,884,2,884,0,0
"192.168.1.1",41996,6,2354,6,2354,0,0
"192.168.1.1",42001,2,884,2,884,0,0
"192.168.1.1",42005,2,884,2,884,0,0
"192.168.1.1",42019,1,425,1,425,0,0
"192.168.1.1",42024,6,2354,6,2354,0,0
"192.168.1.1",42037,6,2354,6,2354,0,0
"192.168.1.1",42050,1,92,1,92,0,0
"192.168.1.1",42051,2,884,2,884,0,0
"192.168.1.1",42052,2,884,2,884,0,0
"192.168.1.1",42071,6,2354,6,2354,0,0
"192.168.1.1",42099,2,884,2,884,0,0
"192.168.1.1",42100,2,884,2,884,0,0
"192.168.1.1",42104,2,884,2,884,0,0
"192.168.1.1",42105,2,884,2,884,0,0
"192.168.1.1",42108,6,2354,6,2354,0,0
"192.168.1.1",42113,2,884,2,884,0,0
"192.168.1.1",42118,2,884,2,884,0,0
"192.168.1.1",42122,6,2354,6,2354,0,0
"192.168.1.1",42123,6,2354,6,2354,0,0
"192.168.1.1",42137,2,884,2,884,0,0
"192.168.1.1",42138,2,884,2,884,0,0
"192.168.1.1",42144,3,1194,3,1194,0,0
"192.168.1.1",42148,7,2446,7,2446,0,0
"192.168.1.1",42152,6,2354,6,2354,0,0
"192.168.1.1",42153,1,369,1,369,0,0
"192.168.1.1",42178,6,2354,6,2354,0,0
"192.168.1.1",42188,2,884,2,884,0,0
"192.168.1.1",42191,1,92,1,92,0,0
"192.168.1.1",42201,1,92,1,92,0,0
"192.168.1.1",42238,2,884,2,884,0,0
"192.168.1.1",42239,6,2354,6,2354,0,0
"192.168.1.1",42248,1,92,1,92,0,0
"192.168.1.1",42259,2,884,2,884,0,0
"192.168.1.1",42276,6,2354,6,2354,0,0
"192.168.1.1",42281,2,884,2,884,0,0
"192.168.1.1",42286,6,2354,6,2354,0,0
"192.168.1.1",42300,6,2354,6,2354,0,0
"192.168.1.1",42319,6,2354,6,2354,0,0
"192.168.1.1",42320,2,884,2,884,0,0
"192.168.1.1",42336,1,92,1,92,0,0
"192.168.1.1",42359,6,2354,6,2354,0,0
"192.168.1.1",42368,1,353,1,353,0,0
"192.168.1.1",42379,2,884,2,884,0,0
"192.168.1.1",42381,2,884,2,884,0,0
"192.168.1.1",42406,2,884,2,884,0,0
"192.168.1.1",42415,2,884,2,884,0,0
"192.168.1.1",42424,6,2354,6,2354,0,0
"192.168.1.1",42425,1,310,1,310,0,0
"192.168.1.1",42428,2,884,2,884,0,0
"192.168.1.1",42438,2,884,2,884,0,0
"192.168.1.1",42441,2,884,2,884,0,0
"192.168.1.1",42444,6,2354,6,2354,0,0
"192.168.1.1",42448,8,3238,8,3238,0,0
"192.168.1.1",42456,6,2354,6,2354,0,0
"192.168.1.1",42472,1,425,1,425,0,0
"192.168.1.1",42473,6,2354,6,2354,0,0
"192.168.1.1",42482,2,884,2,884,0,0
"192.168.1.1",42504,2,884,2,884,0,0
"192.168.1.1",42507,1,362,1,362,0,0
"192.168.1.1",42522,1,427,1,427,0,0
"192.168.1.1",42524,6,2354,6,2354,0,0
"192.168.1.1",42527,6,2354,6,2354,0,0
"192.168.1.1",42531,4,1768,4,1768,0,0
"192.168.1.1",42532,2,884,2,884,0,0
"192.168.1.1",42543,2,884,2,884,0,0
"192.168.1.1",42547,6,2354,6,2354,0,0
"192.168.1.1",42561,1,433,1,433,0,0
"192.168.1.1",42577,7,2723,7,2723,0,0
"192.168.1.1",42579,1,310,1,310,0,0
"192.168.1.1",42587,2,884,2,884,0,0
"192.168.1.1",42593,8,3238,8,3238,0,0
"192.168.1.1",42604,2,884,2,884,0,0
"192.168.1.1",42613,1,92,1,92,0,0
"192.168.1.1",42623,1,310,1,310,0,0
"192.168.1.1",42626,6,2354,6,2354,0,0
"192.168.1.1",42632,1,92,1,92,0,0
"192.168.1.1",42635,2,884,2,884,0,0
"192.168.1.1",42644,1,92,1,92,0,0
"192.168.1.1",42646,6,2354,6,2354,0,0
"192.168.1.1",42656,2,884,2,884,0,0
"192.168.1.1",42666,6,2354,6,2354,0,0
"192.168.1.1",42667,6,2354,6,2354,0,0
"192.168.1.1",42673,6,2354,6,2354,0,0
"192.168.1.1",42677,2,884,2,884,0,0
"192.168.1.1",42682,3,976,3,976,0,0
"192.168.1.1",42688,2,884,2,884,0,0
"192.168.1.1",42703,1,417,1,417,0,0
"192.168.1.1",42708,2,884,2,884,0,0
"192.168.1.1",42712,2,884,2,884,0,0
"192.168.1.1",42716,2,884,2,884,0,0
"192.168.1.1",42718,1,417,1,417,0,0
"192.168.1.1",42727,1,310,1,310,0,0
"192.168.1.1",42731,2,884,2,884,0,0
"192.168.1.1",42750,6,2354,6,2354,0,0
"192.168.1.1",42751,6,2354,6,2354,0,0
"192.168.1.1",42759,6,2354,6,2354,0,0
"192.168.1.1",42760,6,2354,6,2354,0,0
"192.168.1.1",42761,1,92,1,92,0,0
"192.168.1.1",42771,3,976,3,976,0,0
"192.168.1.1",42775,2,884,2,884,0,0
"192.168.1.1",42786,1,353,1,353,0,0
"192.168.1.1",42803,1,92,1,92,0,0
"192.168.1.1",42815,1,362,1,362,0,0
"192.168.1.1",42817,6,2354,6,2354,0,0
"192.168.1.1",42821,1,310,1,310,0,0
"192.168.1.1",42860,1,349,1,349,0,0
"192.168.1.1",42865,6,2354,6,2354,0,0
"192.168.1.1",42867,6,2354,6,2354,0,0
"192.168.1.1",42868,1,433,1,433,0,0
"192.168.1.1",42894,2,884,2,884,0,0
"192.168.1.1",42899,1,310,1,310,0,0
"192.168.1.1",42906,6,2354,6,2354,0,0
"192.168.1.1",42908,6,2354,6,2354,0,0
"192.168.1.1",42912,6,2354,6,2354,0,0
"192.168.1.1",42915,1,425,1,425,0,0
"192.168.1.1",42939,2,884,2,884,0,0
"192.168.1.1",42945,2,884,2,884,0,0
"192.168.1.1",42954,2,884,2,884,0,0
"192.168.1.1",42957,1,403,1,403,0,0
"192.168.1.1",42964,1,310,1,310,0,0
"192.168.1.1",42967,1,310,1,310,0,0
"192.168.1.1",42988,1,92,1,92,0,0
"192.168.1.1",42994,6,2354,6,2354,0,0
"192.168.1.1",42996,6,2354,6,2354,0,0
"192.168.1.1",43000,6,2354,6,2354,0,0
"192.168.1.1",43001,2,884,2,884,0,0
"192.168.1.1",43003,2,884,2,884,0,0
"192.168.1.1",43011,1,92,1,92,0,0
"192.168.1.1",43015,1,92,1,92,0,0
"192.168.1.1",43025,1,92,1,92,0,0
"192.168.1.1",43046,1,92,1,92,0,0
"192.168.1.1",43050,1,427,1,427,0,0
"192.168.1.1",43055,6,2354,6,2354,0,0
"192.168.1.1",43057,6,2354,6,2354,0,0
"192.168.1.1",43071,1,427,1,427,0,0
"192.168.1.1",43072,1,92,1,92,0,0
"192.168.1.1",43075,6,2354,6,2354,0,0
"192.168.1.1",43078,2,884,2,884,0,0
"192.168.1.1",43086,4,1768,4,1768,0,0
"192.168.1.1",43093,2,884,2,884,0,0
"192.168.1.1",43099,3,976,3,976,0,0
"192.168.1.1",43131,6,2354,6,2354,0,0
"192.168.1.1",43142,2,884,2,884,0,0
"192.168.1.1",43147,2,884,2,884,0,0
"192.168.1.1",43150,2,884,2,884,0,0
"192.168.1.1",43158,2,884,2,884,0,0
"192.168.1.1",43171,2,884,2,884,0,0
"192.168.1.1",43182,6,2354,6,2354,0,0
"192.168.1.1",43192,6,2354,6,2354,0,0
"192.168.1.1",43194,6,2354,6,2354,0,0
"192.168.1.1",43195,6,2354,6,2354,0,0
"192.168.1.1",43199,2,884,2,884,0,0
"192.168.1.1",43201,2,884,2,884,0,0
"192.168.1.1",43204,6,2354,6,2354,0,0
"192.168.1.1",43209,1,310,1,310,0,0
"192.168.1.1",43215,2,884,2,884,0,0
"192.168.1.1",43217,2,884,2,884,0,0
"192.168.1.1",43232,1,92,1,92,0,0
"192.168.1.1",43240,6,2354,6,2354,0,0
"192.168.1.1",43246,1,310,1,310,0,0
"192.168.1.1",43251,1,92,1,92,0,0
"192.168.1.1",43255,2,884,2,884,0,0
"192.168.1.1",43274,2,884,2,884,0,0
"192.168.1.1",43275,1,92,1,92,0,0
"192.168.1.1",43278,2,884,2,884,0,0
"192.168.1.1",43295,6,2354,6,2354,0,0
"192.168.1.1",43320,2,884,2,884,0,0
"192.168.1.1",43325,6,2354,6,2354,0,0
"192.168.1.1",43337,2,884,2,884,0,0
"192.168.1.1",43339,1,369,1,369,0,0
"192.168.1.1",43346,1,349,1,349,0,0
"192.168.1.1",43355,8,3238,8,3238,0,0
"192.168.1.1",43356,2,884,2,884,0,0
"192.168.1.1",43362,1,353,1,353,0,0
"192.168.1.1",43366,2,844,2,844,0,0
"192.168.1.1",43373,1,362,1,362,0,0
"192.168.1.1",43375,2,884,2,884,0,0
"192.168.1.1",43397,1,92,1,92,0,0
"192.168.1.1",43406,13,5123,13,5123,0,0
"192.168.1.1",43412,2,884,2,884,0,0
"192.168.1.1",43413,6,2354,6,2354,0,0
"192.168.1.1",43432,6,2354,6,2354,0,0
"192.168.1.1",43436,1,415,1,415,0,0
"192.168.1.1",43444,2,884,2,884,0,0
"192.168.1.1",43454,1,362,1,362,0,0
"192.168.1.1",43494,6,2354,6,2354,0,0
"192.168.1.1",43495,2,884,2,884,0,0
"192.168.1.1",43496,6,2354,6,2354,0,0
"192.168.1.1",43505,2,884,2,884,0,0
"192.168.1.1",43531,2,884,2,884,0,0
"192.168.1.1",43533,6,2354,6,2354,0,0
"192.168.1.1",43543,1,433,1,433,0,0
"192.168.1.1",43546,1,92,1,92,0,0
"192.168.1.1",43554,2,884,2,884,0,0
"192.168.1.1",43561,2,884,2,884,0,0
"192.168.1.1",43569,2,884,2,884,0,0
"192.168.1.1",43571,2,884,2,884,0,0
"192.168.1.1",43574,1,92,1,92,0,0
"192.168.1.1",43576,6,2354,6,2354,0,0
"192.168.1.1",43579,1,92,1,92,0,0
"192.168.1.1",43583,1,417,1,417,0,0
"192.168.1.1",43591,6,2354,6,2354,0,0
"192.168.1.1",43592,6,2354,6,2354,0,0
"192.168.1.1",43595,2,507,2,507,0,0
"192.168.1.1",43596,2,884,2,884,0,0
"192.168.1.1",43609,3,1233,3,1233,0,0
"192.168.1.1",43614,12,4708,12,4708,0,0
"192.168.1.1",43615,1,92,1,92,0,0
"192.168.1.1",43628,6,2354,6,2354,0,0
"192.168.1.1",43629,6,2354,6,2354,0,0
"192.168.1.1",43642,1,433,1,433,0,0
"192.168.1.1",43649,2,884,2,884,0,0
"192.168.1.1",43695,2,884,2,884,0,0
"192.168.1.1",43714,2,884,2,884,0,0
"192.168.1.1",43715,2,884,2,884,0,0
"192.168.1.1",43725,2,884,2,884,0,0
"192.168.1.1",43727,2,884,2,884,0,0
"192.168.1.1",43732,1,92,1,92,0,0
"192.168.1.1",43742,2,884,2,884,0,0
"192.168.1.1",43765,1,353,1,353,0,0
"192.168.1.1",43768,2,884,2,884,0,0
"192.168.1.1",43771,1,92,1,92,0,0
"192.168.1.1",43780,2,884,2,884,0,0
"192.168.1.1",43782,2,884,2,884,0,0
"192.168.1.1",43784,6,2354,6,2354,0,0
"192.168.1.1",43787,6,2354,6,2354,0,0
"192.168.1.1",43791,6,2354,6,2354,0,0
"192.168.1.1",43798,6,2354,6,2354,0,0
"192.168.1.1",43807,1,310,1,310,0,0
"192.168.1.1",43820,6,2354,6,2354,0,0
"192.168.1.1",43831,6,2354,6,2354,0,0
"192.168.1.1",43832,2,884,2,884,0,0
"192.168.1.1",43854,1,92,1,92,0,0
"192.168.1.1",43859,2,884,2,884,0,0
"192.168.1.1",43863,2,884,2,884,0,0
"192.168.1.1",43866,2,884,2,884,0,0
"192.168.1.1",43873,1,427,1,427,0,0
"192.168.1.1",43878,2,884,2,884,0,0
"192.168.1.1",43881,1,415,1,415,0,0
"192.168.1.1",43889,1,349,1,349,0,0
"192.168.1.1",43891,1,415,1,415,0,0
"192.168.1.1",43900,6,2354,6,2354,0,0
"192.168.1.1",43902,2,884,2,884,0,0
"192.168.1.1",43909,2,884,2,884,0,0
"192.168.1.1",43911,1,433,1,433,0,0
"192.168.1.1",43912,1,92,1,92,0,0
"192.168.1.1",43923,12,4708,12,4708,0,0
"192.168.1.1",43926,1,92,1,92,0,0
"192.168.1.1",43927,1,362,1,362,0,0
"192.168.1.1",43940,1,92,1,92,0,0
"192.168.1.1",43953,2,884,2,884,0,0
"192.168.1.1",43961,2,884,2,884,0,0
"192.168.1.1",43964,1,369,1,369,0,0
"192.168.1.1",43969,2,884,2,884,0,0
"192.168.1.1",43982,6,2354,6,2354,0,0
"192.168.1.1",43984,3,976,3,976,0,0
"192.168.1.1",43987,7,2446,7,2446,0,0
"192.168.1.1",43994,1,92,1,92,0,0
"192.168.1.1",44000,6,2354,6,2354,0,0
"192.168.1.1",44004,2,884,2,884,0,0
"192.168.1.1",44006,2,884,2,884,0,0
"192.168.1.1",44011,6,2354,6,2354,0,0
"192.168.1.1",44018,6,2354,6,2354,0,0
"192.168.1.1",44020,2,884,2,884,0,0
"192.168.1.1",44021,6,2354,6,2354,0,0
"192.168.1.103",44028,1,167,1,167,0,0
"192.168.1.1",44029,6,2354,6,2354,0,0
"192.168.1.1",44034,6,2354,6,2354,0,0
"192.168.1.1",44038,6,2354,6,2354,0,0
"192.168.1.1",44051,6,2354,6,2354,0,0
"192.168.1.1",44075,1,425,1,425,0,0
"192.168.1.1",44078,6,2354,6,2354,0,0
"192.168.1.1",44083,2,884,2,884,0,0
"192.168.1.1",44090,2,884,2,884,0,0
"192.168.1.1",44092,1,92,1,92,0,0
"192.168.1.1",44109,1,362,1,362,0,0
"192.168.1.1",44111,2,884,2,884,0,0
"192.168.1.1",44113,12,4708,12,4708,0,0
"192.168.1.1",44118,6,2354,6,2354,0,0
"192.168.1.1",44120,2,884,2,884,0,0
"192.168.1.1",44122,1,433,1,433,0,0
"192.168.1.1",44126,1,427,1,427,0,0
"192.168.1.1",44136,6,2354,6,2354,0,0
"192.168.1.1",44138,6,2354,6,2354,0,0
"192.168.1.1",44143,6,2354,6,2354,0,0
"192.168.1.1",44148,2,884,2,884,0,0
"192.168.1.1",44153,1,92,1,92,0,0
"192.168.1.1",44163,1,362,1,362,0,0
"192.168.1.1",44165,2,884,2,884,0,0
"192.168.1.1",44193,6,2354,6,2354,0,0
"192.168.1.1",44201,1,92,1,92,0,0
"192.168.1.1",44202,7,2771,7,2771,0,0
"192.168.1.1",44203,6,2354,6,2354,0,0
"192.168.1.1",44206,6,2354,6,2354,0,0
"192.168.1.1",44229,6,2354,6,2354,0,0
"192.168.1.1",44240,2,884,2,884,0,0
"192.168.1.1",44247,2,884,2,884,0,0
"192.168.1.1",44258,6,2354,6,2354,0,0
"192.168.1.1",44264,1,433,1,433,0,0
"192.168.1.1",44277,6,2354,6,2354,0,0
"192.168.1.1",44282,6,2354,6,2354,0,0
"192.168.1.1",44287,2,884,2,884,0,0
"192.168.1.1",44289,1,369,1,369,0,0
"192.168.1.1",44293,1,92,1,92,0,0
"192.168.1.1",44297,12,4708,12,4708,0,0
"192.168.1.1",44306,2,884,2,884,0,0
"192.168.1.1",44309,2,884,2,884,0,0
"192.168.1.1",44313,1,369,1,369,0,0
"192.168.1.1",44317,2,884,2,884,0,0
"192.168.1.1",44332,7,2716,7,2716,0,0
"192.168.1.1",44336,6,2354,6,2354,0,0
"192.168.1.1",44341,2,884,2,884,0,0
"192.168.1.1",44345,4,1768,4,1768,0,0
"192.168.1.1",44350,2,884,2,884,0,0
"192.168.1.1",44358,1,92,1,92,0,0
"192.168.1.1",44364,2,884,2,884,0,0
"192.168.1.1",44366,2,884,2,884,0,0
"192.168.1.1",44369,2,884,2,884,0,0
"192.168.1.1",44375,6,2354,6,2354,0,0
"192.168.1.1",44392,1,92,1,92,0,0
"192.168.1.1",44403,2,884,2,884,0,0
"192.168.1.1",44407,1,92,1,92,0,0
"192.168.1.1",44409,1,353,1,353,0,0
"192.168.1.1",44417,2,884,2,884,0,0
"192.168.1.1",44421,2,884,2,884,0,0
"192.168.1.1",44428,2,884,2,884,0,0
"192.168.1.1",44429,2,884,2,884,0,0
"192.168.1.1",44435,1,92,1,92,0,0
"192.168.1.1",44437,2,884,2,884,0,0
"192.168.1.1",44458,2,884,2,884,0,0
"192.168.1.1",44469,2,884,2,884,0,0
"192.168.1.1",44476,2,884,2,884,0,0
"192.168.1.1",44479,1,92,1,92,0,0
"192.168.1.1",44482,1,92,1,92,0,0
"192.168.1.1",44486,6,2354,6,2354,0,0
"192.168.1.1",44488,6,2354,6,2354,0,0
"192.168.1.1",44490,1,417,1,417,0,0
"192.168.1.1",44503,1,425,1,425,0,0
"192.168.1.1",44517,1,415,1,415,0,0
"192.168.1.1",44522,6,2354,6,2354,0,0
"192.168.1.1",44528,2,884,2,884,0,0
"192.168.1.1",44533,2,884,2,884,0,0
"192.168.1.1",44540,1,349,1,349,0,0
"192.168.1.1",44561,3,976,3,976,0,0
"192.168.1.1",44566,6,2354,6,2354,0,0
"192.168.1.1",44569,1,92,1,92,0,0
"192.168.1.1",44574,2,884,2,884,0,0
"192.168.1.1",44578,2,884,2,884,0,0
"192.168.1.1",44604,6,2354,6,2354,0,0
"192.168.1.1",44607,1,425,1,425,0,0
"192.168.1.1",44608,2,884,2,884,0,0
"192.168.1.1",44613,1,310,1,310,0,0
"192.168.1.1",44614,6,2354,6,2354,0,0
"192.168.1.1",44616,6,2354,6,2354,0,0
"192.168.1.1",44617,1,310,1,310,0,0
"192.168.1.1",44618,6,2354,6,2354,0,0
"192.168.1.1",44620,1,310,1,310,0,0
"192.168.1.1",44623,1,92,1,92,0,0
"192.168.1.1",44626,6,2354,6,2354,0,0
"192.168.1.1",44627,2,884,2,884,0,0
"192.168.1.1",44631,2,884,2,884,0,0
"192.168.1.1",44637,6,2354,6,2354,0,0
"192.168.1.1",44640,6,2354,6,2354,0,0
"192.168.1.1",44643,1,92,1,92,0,0
"192.168.1.1",44646,6,2354,6,2354,0,0
"192.168.1.1",44651,2,884,2,884,0,0
"192.168.1.1",44657,8,3238,8,3238,0,0
"192.168.1.1",44658,1,92,1,92,0,0
"192.168.1.1",44668,2,884,2,884,0,0
"192.168.1.1",44673,6,2354,6,2354,0,0
"192.168.1.1",44677,6,2354,6,2354,0,0
"192.168.1.1",44681,2,884,2,884,0,0
"192.168.1.1",44683,1,92,1,92,0,0
"192.168.1.1",44684,2,884,2,884,0,0
"192.168.1.1",44686,6,2354,6,2354,0,0
"192.168.1.1",44688,2,884,2,884,0,0
"192.168.1.1",44696,2,884,2,884,0,0
"192.168.1.1",44703,6,2354,6,2354,0,0
"192.168.1.1",44708,2,884,2,884,0,0
"192.168.1.1",44709,6,2354,6,2354,0,0
"192.168.1.1",44711,2,884,2,884,0,0
"192.168.1.1",44729,6,2354,6,2354,0,0
"192.168.1.1",44738,2,884,2,884,0,0
"192.168.1.1",44742,2,884,2,884,0,0
"192.168.1.1",44743,1,92,1,92,0,0
"192.168.1.1",44758,2,884,2,884,0,0
"192.168.1.1",44759,6,2354,6,2354,0,0
"192.168.1.1",44769,6,2354,6,2354,0,0
"192.168.1.1",44773,1,92,1,92,0,0
"192.168.1.1",44774,2,884,2,884,0,0
"192.168.1.1",44777,2,884,2,884,0,0
"192.168.1.1",44783,6,2354,6,2354,0,0
"192.168.1.1",44790,1,310,1,310,0,0
"192.168.1.1",44800,6,2354,6,2354,0,0
"192.168.1.1",44813,6,2354,6,2354,0,0
"192.168.1.1",44818,2,884,2,884,0,0
"192.168.1.1",44820,2,884,2,884,0,0
"192.168.1.1",44825,6,2354,6,2354,0,0
"192.168.1.1",44826,2,884,2,884,0,0
"192.168.1.1",44828,2,884,2,884,0,0
"192.168.1.1",44836,1,417,1,417,0,0
"192.168.1.1",44840,6,2354,6,2354,0,0
"192.168.1.1",44842,1,353,1,353,0,0
"192.168.1.1",44848,1,92,1,92,0,0
"192.168.1.1",44851,1,433,1,433,0,0
"192.168.1.1",44856,1,427,1,427,0,0
"192.168.1.1",44860,6,2354,6,2354,0,0
"192.168.1.1",44863,2,884,2,884,0,0
"192.168.1.1",44864,1,433,1,433,0,0
"192.168.1.1",44888,1,310,1,310,0,0
"192.168.1.1",44905,1,369,1,369,0,0
"192.168.1.1",44908,6,2354,6,2354,0,0
"192.168.1.1",44912,6,2354,6,2354,0,0
"192.168.1.1",44925,6,2354,6,2354,0,0
"192.168.1.1",44930,6,2354,6,2354,0,0
"192.168.1.1",44933,1,92,1,92,0,0
"192.168.1.1",44934,1,369,1,369,0,0
"192.168.1.1",44939,1,92,1,92,0,0
"192.168.1.1",44943,1,310,1,310,0,0
"192.168.1.1",44950,2,884,2,884,0,0
"192.168.1.1",44952,2,884,2,884,0,0
"192.168.1.1",44958,2,884,2,884,0,0
"192.168.1.1",44970,6,2354,6,2354,0,0
"192.168.1.1",44978,6,2354,6,2354,0,0
"192.168.1.1",44989,6,2354,6,2354,0,0
"192.168.1.1",44991,6,2354,6,2354,0,0
"192.168.1.1",45002,1,415,1,415,0,0
"192.168.1.1",45010,6,2354,6,2354,0,0
"192.168.1.1",45018,2,884,2,884,0,0
"192.168.1.1",45019,2,884,2,884,0,0
"192.168.1.1",45028,6,2354,6,2354,0,0
"192.168.1.1",45035,1,92,1,92,0,0
"192.168.1.1",45042,2,884,2,884,0,0
"192.168.1.1",45046,1,92,1,92,0,0
"192.168.1.1",45048,3,1301,3,1301,0,0
"192.168.1.1",45055,2,884,2,884,0,0
"192.168.1.1",45080,6,2354,6,2354,0,0
"192.168.1.1",45096,2,884,2,884,0,0
"192.168.1.1",45097,1,349,1,349,0,0
"192.168.1.1",45111,2,884,2,884,0,0
"192.168.1.1",45137,1,92,1,92,0,0
"192.168.1.1",45164,2,884,2,884,0,0
"192.168.1.1",45169,6,2354,6,2354,0,0
"192.168.1.1",45180,6,2354,6,2354,0,0
"192.168.1.1",45181,4,1768,4,1768,0,0
"192.168.1.1",45185,2,884,2,884,0,0
"192.168.1.1",45205,1,92,1,92,0,0
"192.168.1.1",45206,6,2354,6,2354,0,0
"192.168.1.1",45210,2,884,2,884,0,0
"192.168.1.1",45211,1,92,1,92,0,0
"192.168.1.1",45217,1,349,1,349,0,0
"192.168.1.1",45221,6,2354,6,2354,0,0
"192.168.1.1",45224,2,884,2,884,0,0
"192.168.1.1",45233,1,353,1,353,0,0
"192.168.1.1",45253,2,884,2,884,0,0
"192.168.1.1",45270,2,884,2,884,0,0
"192.168.1.1",45279,1,92,1,92,0,0
"192.168.1.1",45288,2,884,2,884,0,0
"192.168.1.1",45298,6,2354,6,2354,0,0
"192.168.1.1",45302,1,427,1,427,0,0
"192.168.1.1",45317,2,884,2,884,0,0
"192.168.1.1",45338,1,349,1,349,0,0
"192.168.1.1",45340,2,884,2,884,0,0
"192.168.1.1",45342,1,310,1,310,0,0
"192.168.1.1",45346,2,884,2,884,0,0
"192.168.1.1",45351,6,2354,6,2354,0,0
"192.168.1.1",45358,1,353,1,353,0,0
"192.168.1.1",45359,1,92,1,92,0,0
"192.168.1.1",45360,6,2354,6,2354,0,0
"192.168.1.1",45368,6,2354,6,2354,0,0
"192.168.1.1",45376,2,884,2,884,0,0
"192.168.1.1",45395,2,884,2,884,0,0
"192.168.1.1",45401,1,433,1,433,0,0
"192.168.1.1",45406,1,92,1,92,0,0
"192.168.1.1",45408,6,2354,6,2354,0,0
"192.168.1.1",45430,6,2354,6,2354,0,0
"192.168.1.1",45431,2,884,2,884,0,0
"192.168.1.1",45432,6,2354,6,2354,0,0
"192.168.1.1",45440,1,92,1,92,0,0
"192.168.1.1",45443,1,353,1,353,0,0
"192.168.1.1",45446,1,369,1,369,0,0
"192.168.1.1",45450,6,2354,6,2354,0,0
"192.168.1.1",45455,1,415,1,415,0,0
"192.168.1.1",45458,6,2354,6,2354,0,0
"192.168.1.1",45466,1,417,1,417,0,0
"192.168.1.1",45501,1,369,1,369,0,0
"192.168.1.1",45503,6,2354,6,2354,0,0
"192.168.1.1",45524,1,92,1,92,0,0
"192.168.1.1",45527,1,353,1,353,0,0
"192.168.1.1",45528,2,884,2,884,0,0
"192.168.1.1",45532,6,2354,6,2354,0,0
"192.168.1.1",45541,6,2354,6,2354,0,0
"192.168.1.1",45542,2,884,2,884,0,0
"192.168.1.1",45550,6,2354,6,2354,0,0
"192.168.1.1",45560,2,884,2,884,0,0
"192.168.1.1",45569,6,2354,6,2354,0,0
"192.168.1.1",45575,1,92,1,92,0,0
"192.168.1.1",45576,2,884,2,884,0,0
"192.168.1.1",45577,1,369,1,369,0,0
"192.168.1.1",45582,6,2354,6,2354,0,0
"192.168.1.1",45583,2,884,2,884,0,0
"192.168.1.1",45589,1,92,1,92,0,0
"192.168.1.1",45595,1,310,1,310,0,0
"192.168.1.1",45596,2,884,2,884,0,0
"192.168.1.1",45601,6,2354,6,2354,0,0
"192.168.1.1",45609,7,2779,7,2779,0,0
"192.168.1.1",45616,2,884,2,884,0,0
"192.168.1.1",45623,6,2354,6,2354,0,0
"192.168.1.1",45649,4,1768,4,1768,0,0
"192.168.1.1",45653,1,92,1,92,0,0
"192.168.1.1",45656,6,2354,6,2354,0,0
"192.168.1.1",45662,2,884,2,884,0,0
"192.168.1.1",45672,1,362,1,362,0,0
"192.168.1.1",45678,6,2354,6,2354,0,0
"192.168.1.1",45681,6,2354,6,2354,0,0
"192.168.1.1",45695,2,884,2,884,0,0
"192.168.1.1",45696,2,884,2,884,0,0
"192.168.1.1",45698,1,349,1,349,0,0
"192.168.1.1",45705,2,884,2,884,0,0
"192.168.1.1",45711,1,427,1,427,0,0
"192.168.1.1",45713,1,92,1,92,0,0
"192.168.1.1",45718,1,415,1,415,0,0
"192.168.1.1",45721,6,2354,6,2354,0,0
"192.168.1.1",45724,1,427,1,427,0,0
"192.168.1.1",45729,8,3238,8,3238,0,0
"192.168.1.1",45730,2,884,2,884,0,0
"192.168.1.1",45736,2,884,2,884,0,0
"192.168.1.1",45737,1,92,1,92,0,0
"192.168.1.1",45744,2,884,2,884,0,0
"192.168.1.1",45745,1,353,1,353,0,0
"192.168.1.1",45747,1,92,1,92,0,0
"192.168.1.1",45749,2,884,2,884,0,0
"192.168.1.1",45753,6,2354,6,2354,0,0
"192.168.1.1",45763,2,884,2,884,0,0
"192.168.1.1",45777,6,2354,6,2354,0,0
"192.168.1.1",45781,1,92,1,92,0,0
"192.168.1.1",45783,6,2354,6,2354,0,0
"192.168.1.1",45797,2,884,2,884,0,0
"192.168.1.1",45802,6,2354,6,2354,0,0
"192.168.1.1",45803,6,2354,6,2354,0,0
"192.168.1.1",45805,1,92,1,92,0,0
"192.168.1.1",45815,1,362,1,362,0,0
"192.168.1.1",45834,1,433,1,433,0,0
"192.168.1.1",45843,2,884,2,884,0,0
"192.168.1.1",45847,2,884,2,884,0,0
"192.168.1.1",45849,6,2354,6,2354,0,0
"192.168.1.1",45852,2,884,2,884,0,0
"192.168.1.1",45856,13,4800,13,4800,0,0
"192.168.1.1",45857,6,2354,6,2354,0,0
"192.168.1.1",45859,2,884,2,884,0,0
"192.168.1.1",45860,2,884,2,884,0,0
"192.168.1.1",45875,6,2354,6,2354,0,0
"192.168.1.1",45877,6,2354,6,2354,0,0
"192.168.1.1",45888,6,2354,6,2354,0,0
"192.168.1.1",45912,6,2354,6,2354,0,0
"192.168.1.1",45940,6,2354,6,2354,0,0
"192.168.1.1",45943,6,2354,6,2354,0,0
"192.168.1.1",45950,2,884,2,884,0,0
"192.168.1.1",45959,3,1311,3,1311,0,0
"192.168.1.1",45963,2,884,2,884,0,0
"192.168.1.1",45974,3,976,3,976,0,0
"192.168.1.1",45975,2,884,2,884,0,0
"192.168.1.1",45995,1,92,1,92,0,0
"192.168.1.1",45998,2,884,2,884,0,0
"192.168.1.1",45999,1,427,1,427,0,0
"192.168.1.1",46006,2,884,2,884,0,0
"192.168.1.1",46011,6,2354,6,2354,0,0
"192.168.1.1",46018,6,2354,6,2354,0,0
"192.168.1.1",46038,1,433,1,433,0,0
"192.168.1.1",46041,6,2354,6,2354,0,0
"192.168.1.1",46045,6,2354,6,2354,0,0
"192.168.1.1",46046,2,884,2,884,0,0
"192.168.1.1",46052,6,2354,6,2354,0,0
"192.168.1.1",46070,1,92,1,92,0,0
"192.168.1.1",46078,6,2354,6,2354,0,0
"192.168.1.1",46081,12,4708,12,4708,0,0
"192.168.1.1",46088,2,884,2,884,0,0
"192.168.1.1",46105,4,1768,4,1768,0,0
"192.168.1.1",46110,2,884,2,884,0,0
"192.168.1.1",46135,1,92,1,92,0,0
"192.168.1.1",46137,1,310,1,310,0,0
"192.168.1.1",46138,2,884,2,884,0,0
"192.168.1.1",46147,1,92,1,92,0,0
"192.168.1.1",46151,2,884,2,884,0,0
"192.168.1.1",46154,6,2354,6,2354,0,0
"192.168.1.1",46157,6,2354,6,2354,0,0
"192.168.1.1",46168,6,2354,6,2354,0,0
"192.168.1.1",46173,6,2354,6,2354,0,0
"192.168.1.1",46179,6,2354,6,2354,0,0
"192.168.1.1",46180,1,92,1,92,0,0
"192.168.1.1",46184,2,884,2,884,0,0
"192.168.1.1",46202,1,362,1,362,0,0
"192.168.1.1",46203,6,2354,6,2354,0,0
"192.168.1.1",46220,1,362,1,362,0,0
"192.168.1.1",46233,7,2446,7,2446,0,0
"192.168.1.1",46251,6,2354,6,2354,0,0
"192.168.1.1",46261,2,884,2,884,0,0
"192.168.1.1",46263,2,884,2,884,0,0
"192.168.1.1",46278,1,369,1,369,0,0
"192.168.1.1",46280,1,353,1,353,0,0
"192.168.1.1",46282,2,884,2,884,0,0
"192.168.1.1",46283,3,976,3,976,0,0
"192.168.1.1",46288,2,884,2,884,0,0
"192.168.1.1",46298,6,2354,6,2354,0,0
"192.168.1.1",46314,6,2354,6,2354,0,0
"192.168.1.1",46333,1,92,1,92,0,0
"192.168.1.1",46335,1,349,1,349,0,0
"192.168.1.1",46355,1,310,1,310,0,0
"192.168.1.1",46362,2,884,2,884,0,0
"192.168.1.1",46382,2,884,2,884,0,0
"192.168.1.1",46394,1,415,1,415,0,0
"192.168.1.1",46402,6,2354,6,2354,0,0
"192.168.1.1",46403,2,884,2,884,0,0
"192.168.1.1",46406,8,3238,8,3238,0,0
"192.168.1.1",46408,6,2354,6,2354,0,0
"192.168.1.1",46414,6,2354,6,2354,0,0
"192.168.1.1",46415,1,353,1,353,0,0
"192.168.1.1",46421,6,2354,6,2354,0,0
"192.168.1.1",46428,6,2354,6,2354,0,0
"192.168.1.1",46435,6,2354,6,2354,0,0
"192.168.1.1",46447,1,310,1,310,0,0
"192.168.1.1",46448,6,2354,6,2354,0,0
"192.168.1.1",46450,6,2354,6,2354,0,0
"192.168.1.1",46451,2,884,2,884,0,0
"192.168.1.1",46459,2,884,2,884,0,0
"192.168.1.1",46460,1,92,1,92,0,0
"192.168.1.1",46461,2,884,2,884,0,0
"192.168.1.1",46467,6,2354,6,2354,0,0
"192.168.1.1",46493,2,884,2,884,0,0
"192.168.1.1",46498,2,884,2,884,0,0
"192.168.1.1",46505,2,884,2,884,0,0
"192.168.1.1",46506,6,2354,6,2354,0,0
"192.168.1.1",46507,6,2354,6,2354,0,0
"192.168.1.1",46516,2,884,2,884,0,0
"192.168.1.1",46526,1,353,1,353,0,0
"192.168.1.1",46534,6,2354,6,2354,0,0
"192.168.1.1",46538,1,92,1,92,0,0
"192.168.1.1",46545,8,3238,8,3238,0,0
"192.168.1.1",46556,1,92,1,92,0,0
"192.168.1.1",46558,1,417,1,417,0,0
"192.168.1.1",46565,6,2354,6,2354,0,0
"192.168.1.1",46581,1,349,1,349,0,0
"192.168.1.1",46592,1,349,1,349,0,0
"192.168.1.1",46596,1,92,1,92,0,0
"192.168.1.1",46599,2,884,2,884,0,0
"192.168.1.1",46608,1,92,1,92,0,0
"192.168.1.1",46610,1,417,1,417,0,0
"192.168.1.1",46615,8,3238,8,3238,0,0
"192.168.1.1",46627,1,92,1,92,0,0
"192.168.1.1",46631,4,1768,4,1768,0,0
"192.168.1.1",46639,2,884,2,884,0,0
"192.168.1.1",46642,2,884,2,884,0,0
"192.168.1.1",46649,6,2354,6,2354,0,0
"192.168.1.1",46674,1,92,1,92,0,0
"192.168.1.1",46679,2,884,2,884,0,0
"192.168.1.1",46696,2,884,2,884,0,0
"192.168.1.1",46700,2,884,2,884,0,0
"192.168.1.1",46703,2,884,2,884,0,0
"192.168.1.1",46706,2,884,2,884,0,0
"192.168.1.1",46709,2,884,2,884,0,0
"192.168.1.1",46716,1,92,1,92,0,0
"192.168.1.1",46717,2,884,2,884,0,0
"192.168.1.1",46718,1,92,1,92,0,0
"192.168.1.1",46731,6,2354,6,2354,0,0
"192.168.1.1",46738,8,3238,8,3238,0,0
"192.168.1.1",46745,1,310,1,310,0,0
"192.168.1.1",46757,1,92,1,92,0,0
"192.168.1.1",46773,2,884,2,884,0,0
"192.168.1.1",46779,6,2354,6,2354,0,0
"192.168.1.1",46780,6,2354,6,2354,0,0
"192.168.1.1",46785,6,2354,6,2354,0,0
"192.168.1.1",46796,6,2354,6,2354,0,0
"192.168.1.1",46800,6,2354,6,2354,0,0
"192.168.1.1",46803,2,884,2,884,0,0
"192.168.1.1",46806,1,92,1,92,0,0
"192.168.1.1",46812,2,884,2,884,0,0
"192.168.1.1",46814,2,884,2,884,0,0
"192.168.1.1",46828,1,433,1,433,0,0
"192.168.1.1",46831,12,4708,12,4708,0,0
"192.168.1.1",46836,2,884,2,884,0,0
"192.168.1.1",46837,1,92,1,92,0,0
"192.168.1.1",46849,6,2354,6,2354,0,0
"192.168.1.1",46857,1,92,1,92,0,0
"192.168.1.1",46864,1,92,1,92,0,0
"192.168.1.1",46867,1,92,1,92,0,0
"192.168.1.1",46877,6,2354,6,2354,0,0
"192.168.1.1",46888,6,2354,6,2354,0,0
"192.168.1.1",46891,3,1233,3,1233,0,0
"192.168.1.1",46894,12,4708,12,4708,0,0
"192.168.1.1",46899,2,884,2,884,0,0
"192.168.1.1",46911,6,2354,6,2354,0,0
"192.168.1.1",46919,2,884,2,884,0,0
"192.168.1.1",46924,6,2354,6,2354,0,0
"192.168.1.1",46925,6,2354,6,2354,0,0
"192.168.1.1",46930,6,2354,6,2354,0,0
"192.168.1.1",46935,6,2354,6,2354,0,0
"192.168.1.1",46958,6,2354,6,2354,0,0
"192.168.1.1",46959,6,2354,6,2354,0,0
"192.168.1.1",46968,6,2354,6,2354,0,0
"192.168.1.1",46969,1,369,1,369,0,0
"192.168.1.1",46973,2,884,2,884,0,0
"192.168.1.1",46983,2,884,2,884,0,0
"192.168.1.1",46986,1,92,1,92,0,0
"192.168.1.1",46987,2,509,2,509,0,0
"192.168.1.1",47004,2,884,2,884,0,0
"192.168.1.1",47024,2,884,2,884,0,0
"192.168.1.1",47051,2,884,2,884,0,0
"192.168.1.1",47052,1,353,1,353,0,0
"192.168.1.1",47058,2,884,2,884,0,0
"192.168.1.1",47060,6,2354,6,2354,0,0
"192.168.1.1",47064,3,1253,3,1253,0,0
"192.168.1.1",47069,6,2354,6,2354,0,0
"192.168.1.1",47072,1,92,1,92,0,0
"192.168.1.1",47080,6,2354,6,2354,0,0
"192.168.1.1",47108,6,2354,6,2354,0,0
"192.168.1.1",47109,2,884,2,884,0,0
"192.168.1.1",47127,1,353,1,353,0,0
"192.168.1.1",47132,2,884,2,884,0,0
"192.168.1.1",47139,6,2354,6,2354,0,0
"192.168.1.1",47152,6,2354,6,2354,0,0
"192.168.1.1",47163,6,2354,6,2354,0,0
"192.168.1.1",47173,7,2707,7,2707,0,0
"192.168.1.1",47193,2,884,2,884,0,0
"192.168.1.1",47197,2,461,2,461,0,0
"192.168.1.1",47205,2,884,2,884,0,0
"192.168.1.1",47207,1,92,1,92,0,0
"192.168.1.1",47223,6,2354,6,2354,0,0
"192.168.1.1",47237,2,884,2,884,0,0
"192.168.1.1",47239,8,3238,8,3238,0,0
"192.168.1.1",47240,2,884,2,884,0,0
"192.168.1.1",47261,2,884,2,884,0,0
"192.168.1.1",47273,2,884,2,884,0,0
"192.168.1.1",47279,1,92,1,92,0,0
"192.168.1.1",47285,6,2354,6,2354,0,0
"192.168.1.1",47286,2,884,2,884,0,0
"192.168.1.1",47288,2,884,2,884,0,0
"192.168.1.1",47289,6,2354,6,2354,0,0
"192.168.1.1",47296,6,2354,6,2354,0,0
"192.168.1.1",47300,2,884,2,884,0,0
"192.168.1.1",47301,8,3238,8,3238,0,0
"192.168.1.1",47303,6,2354,6,2354,0,0
"192.168.1.1",47304,1,362,1,362,0,0
"192.168.1.1",47309,2,884,2,884,0,0
"192.168.1.1",47310,1,92,1,92,0,0
"192.168.1.1",47325,1,92,1,92,0,0
"192.168.1.1",47327,2,884,2,884,0,0
"192.168.1.1",47328,1,92,1,92,0,0
"192.168.1.1",47336,2,884,2,884,0,0
"192.168.1.1",47338,1,362,1,362,0,0
"192.168.1.1",47341,2,884,2,884,0,0
"192.168.1.1",47346,6,2354,6,2354,0,0
"192.168.1.1",47348,8,3238,8,3238,0,0
"192.168.1.1",47351,6,2354,6,2354,0,0
"192.168.1.1",47368,2,884,2,884,0,0
"192.168.1.1",47375,6,2354,6,2354,0,0
"192.168.1.1",47377,2,884,2,884,0,0
"192.168.1.1",47380,6,2354,6,2354,0,0
"192.168.1.1",47381,8,3238,8,3238,0,0
"192.168.1.1",47382,2,884,2,884,0,0
"192.168.1.1",47387,6,2354,6,2354,0,0
"192.168.1.1",47392,2,884,2,884,0,0
"192.168.1.1",47404,2,884,2,884,0,0
"192.168.1.1",47405,6,2354,6,2354,0,0
"192.168.1.1",47414,2,884,2,884,0,0
"192.168.1.1",47423,6,2354,6,2354,0,0
"192.168.1.1",47425,2,884,2,884,0,0
"192.168.1.1",47439,1,427,1,427,0,0
"192.168.1.1",47452,2,884,2,884,0,0
"192.168.1.1",47463,6,2354,6,2354,0,0
"192.168.1.1",47466,2,884,2,884,0,0
"192.168.1.1",47470,2,884,2,884,0,0
"192.168.1.1",47472,12,4708,12,4708,0,0
"192.168.1.1",47477,1,310,1,310,0,0
"192.168.1.1",47480,6,2354,6,2354,0,0
"192.168.1.1",47508,1,349,1,349,0,0
"192.168.1.1",47511,2,884,2,884,0,0
"192.168.1.1",47514,2,884,2,884,0,0
"192.168.1.1",47515,1,92,1,92,0,0
"192.168.1.1",47518,2,884,2,884,0,0
"192.168.1.1",47520,6,2354,6,2354,0,0
"192.168.1.1",47539,6,2354,6,2354,0,0
"192.168.1.1",47540,1,415,1,415,0,0
"192.168.1.1",47543,1,349,1,349,0,0
"192.168.1.1",47544,2,884,2,884,0,0
"192.168.1.1",47545,1,310,1,310,0,0
"192.168.1.1",47546,1,92,1,92,0,0
"192.168.1.1",47550,2,884,2,884,0,0
"192.168.1.1",47556,6,2354,6,2354,0,0
"192.168.1.1",47558,6,2354,6,2354,0,0
"192.168.1.1",47560,1,369,1,369,0,0
"192.168.1.1",47564,6,2354,6,2354,0,0
"192.168.1.1",47587,6,2354,6,2354,0,0
"192.168.1.1",47596,6,2354,6,2354,0,0
"192.168.1.1",47624,1,92,1,92,0,0
"192.168.1.1",47625,6,2354,6,2354,0,0
"192.168.1.1",47630,2,884,2,884,0,0
"192.168.1.1",47632,1,310,1,310,0,0
"192.168.1.1",47633,6,2354,6,2354,0,0
"192.168.1.1",47634,1,310,1,310,0,0
"192.168.1.1",47641,1,92,1,92,0,0
"192.168.1.1",47647,6,2354,6,2354,0,0
"192.168.1.1",47654,2,884,2,884,0,0
"192.168.1.1",47659,2,884,2,884,0,0
"192.168.1.1",47660,6,2354,6,2354,0,0
"192.168.1.1",47667,2,884,2,884,0,0
"192.168.1.1",47680,2,884,2,884,0,0
"192.168.1.1",47682,2,884,2,884,0,0
"192.168.1.1",47694,2,884,2,884,0,0
"192.168.1.1",47700,1,310,1,310,0,0
"192.168.1.1",47704,6,2354,6,2354,0,0
"192.168.1.1",47709,1,417,1,417,0,0
"192.168.1.1",47713,2,884,2,884,0,0
"192.168.1.1",47715,2,884,2,884,0,0
"192.168.1.1",47719,2,884,2,884,0,0
"192.168.1.1",47722,6,2354,6,2354,0,0
"192.168.1.1",47725,6,2354,6,2354,0,0
"192.168.1.1",47730,6,2354,6,2354,0,0
"192.168.1.1",47735,6,2354,6,2354,0,0
"192.168.1.1",47745,1,92,1,92,0,0
"192.168.1.1",47746,2,884,2,884,0,0
"192.168.1.1",47754,6,2354,6,2354,0,0
"192.168.1.1",47755,8,3238,8,3238,0,0
"192.168.1.1",47761,1,92,1,92,0,0
"192.168.1.1",47763,6,2354,6,2354,0,0
"192.168.1.1",47764,6,2354,6,2354,0,0
"192.168.1.1",47782,1,92,1,92,0,0
"192.168.1.1",47798,6,2354,6,2354,0,0
"192.168.1.1",47805,4,1768,4,1768,0,0
"192.168.1.1",47813,2,884,2,884,0,0
"192.168.1.1",47820,1,415,1,415,0,0
"192.168.1.1",47821,1,425,1,425,0,0
"192.168.1.1",47827,6,2354,6,2354,0,0
"192.168.1.1",47840,1,349,1,349,0,0
"192.168.1.1",47877,2,884,2,884,0,0
"192.168.1.1",47881,1,92,1,92,0,0
"192.168.1.1",47882,1,353,1,353,0,0
"192.168.1.1",47887,2,884,2,884,0,0
"192.168.1.1",47901,2,884,2,884,0,0
"192.168.1.1",47909,7,2446,7,2446,0,0
"192.168.1.1",47920,6,2354,6,2354,0,0
"192.168.1.1",47925,2,884,2,884,0,0
"192.168.1.1",47926,1,92,1,92,0,0
"192.168.1.1",47931,1,433,1,433,0,0
"192.168.1.1",47932,6,2354,6,2354,0,0
"192.168.1.1",47937,2,884,2,884,0,0
"192.168.1.1",47943,6,2354,6,2354,0,0
"192.168.1.1",47948,1,425,1,425,0,0
"192.168.1.1",47953,6,2354,6,2354,0,0
"192.168.1.1",47958,1,310,1,310,0,0
"192.168.1.1",47967,2,884,2,884,0,0
"192.168.1.1",47973,6,2354,6,2354,0,0
"192.168.1.1",47980,6,2354,6,2354,0,0
"192.168.1.1",47988,6,2354,6,2354,0,0
"192.168.1.1",47994,6,2354,6,2354,0,0
"192.168.1.1",48001,6,2354,6,2354,0,0
"192.168.1.1",48003,6,2354,6,2354,0,0
"192.168.1.1",48008,2,402,2,402,0,0
"192.168.1.1",48018,6,2354,6,2354,0,0
"192.168.1.1",48024,2,884,2,884,0,0
"192.168.1.1",48032,1,362,1,362,0,0
"192.168.1.1",48035,6,2354,6,2354,0,0
"192.168.1.1",48053,6,2354,6,2354,0,0
"192.168.1.1",48056,6,2354,6,2354,0,0
"192.168.1.1",48057,2,884,2,884,0,0
"192.168.1.1",48060,1,349,1,349,0,0
"192.168.1.1",48072,1,349,1,349,0,0
"192.168.1.1",48079,6,2354,6,2354,0,0
"192.168.1.1",48082,1,92,1,92,0,0
"192.168.1.1",48085,6,2354,6,2354,0,0
"192.168.1.1",48091,2,884,2,884,0,0
"192.168.1.1",48101,2,884,2,884,0,0
"192.168.1.1",48104,2,884,2,884,0,0
"192.168.1.1",48106,8,3238,8,3238,0,0
"192.168.1.1",48108,6,2354,6,2354,0,0
"192.168.1.1",48134,6,2354,6,2354,0,0
"192.168.1.1",48140,2,884,2,884,0,0
"192.168.1.1",48176,2,884,2,884,0,0
"192.168.1.1",48178,2,884,2,884,0,0
"192.168.1.1",48179,2,884,2,884,0,0
"192.168.1.1",48193,2,884,2,884,0,0
"192.168.1.1",48199,1,310,1,310,0,0
"192.168.1.1",48221,2,884,2,884,0,0
"192.168.1.1",48222,2,884,2,884,0,0
"192.168.1.1",48231,1,92,1,92,0,0
"192.168.1.1",48237,1,425,1,425,0,0
"192.168.1.1",48260,2,884,2,884,0,0
"192.168.1.1",48275,6,2354,6,2354,0,0
"192.168.1.1",48276,6,2354,6,2354,0,0
"192.168.1.1",48284,8,3238,8,3238,0,0
"192.168.1.1",48290,1,425,1,425,0,0
"192.168.1.1",48292,13,5135,13,5135,0,0
"192.168.1.1",48341,1,427,1,427,0,0
"192.168.1.1",48353,1,433,1,433,0,0
"192.168.1.1",48361,2,884,2,884,0,0
"192.168.1.1",48368,1,92,1,92,0,0
"192.168.1.1",48371,2,884,2,884,0,0
"192.168.1.1",48378,6,2354,6,2354,0,0
"192.168.1.1",48381,2,884,2,884,0,0
"192.168.1.1",48382,1,92,1,92,0,0
"192.168.1.1",48386,1,92,1,92,0,0
"192.168.1.1",48392,6,2354,6,2354,0,0
"192.168.1.1",48395,6,2354,6,2354,0,0
"192.168.1.1",48400,1,92,1,92,0,0
"192.168.1.1",48405,2,884,2,884,0,0
"192.168.1.1",48416,2,884,2,884,0,0
"192.168.1.1",48427,2,884,2,884,0,0
"192.168.1.1",48433,2,884,2,884,0,0
"192.168.1.1",48446,1,353,1,353,0,0
"192.168.1.1",48447,6,2354,6,2354,0,0
"192.168.1.1",48448,1,92,1,92,0,0
"192.168.1.1",48449,1,362,1,362,0,0
"192.168.1.1",48471,1,92,1,92,0,0
"192.168.1.1",48474,1,427,1,427,0,0
"192.168.1.1",48475,1,92,1,92,0,0
"192.168.1.1",48495,6,2354,6,2354,0,0
"192.168.1.1",48500,2,461,2,461,0,0
"192.168.1.1",48506,2,884,2,884,0,0
"192.168.1.1",48507,1,92,1,92,0,0
"192.168.1.1",48509,6,2354,6,2354,0,0
"192.168.1.1",48517,6,2354,6,2354,0,0
"192.168.1.1",48521,6,2354,6,2354,0,0
"192.168.1.1",48524,1,425,1,425,0,0
"192.168.1.1",48529,6,2354,6,2354,0,0
"192.168.1.1",48538,1,92,1,92,0,0
"192.168.1.1",48541,1,417,1,417,0,0
"192.168.1.1",48555,7,2769,7,2769,0,0
"192.168.1.1",48568,1,362,1,362,0,0
"192.168.1.1",48575,6,2354,6,2354,0,0
"192.168.1.1",48577,6,2354,6,2354,0,0
"192.168.1.1",48578,1,92,1,92,0,0
"192.168.1.1",48582,8,3238,8,3238,0,0
"192.168.1.1",48591,6,2354,6,2354,0,0
"192.168.1.1",48600,1,92,1,92,0,0
"192.168.1.1",48602,6,2354,6,2354,0,0
"192.168.1.1",48609,2,884,2,884,0,0
"192.168.1.1",48613,2,884,2,884,0,0
"192.168.1.1",48615,1,92,1,92,0,0
"192.168.1.1",48618,6,2354,6,2354,0,0
"192.168.1.1",48620,6,2354,6,2354,0,0
"192.168.1.1",48622,6,2354,6,2354,0,0
"192.168.1.1",48627,6,2354,6,2354,0,0
"192.168.1.1",48635,6,2354,6,2354,0,0
"192.168.1.1",48636,6,2354,6,2354,0,0
"192.168.1.1",48643,2,884,2,884,0,0
"192.168.1.1",48646,2,884,2,884,0,0
"192.168.1.1",48647,2,884,2,884,0,0
"192.168.1.1",48649,6,2354,6,2354,0,0
"192.168.1.1",48659,2,884,2,884,0,0
"192.168.1.1",48679,6,2354,6,2354,0,0
"192.168.1.1",48692,2,884,2,884,0,0
"192.168.1.1",48696,6,2354,6,2354,0,0
"192.168.1.1",48699,1,92,1,92,0,0
"192.168.1.1",48720,1,417,1,417,0,0
"192.168.1.1",48721,2,884,2,884,0,0
"192.168.1.1",48726,1,310,1,310,0,0
"192.168.1.1",48730,6,2354,6,2354,0,0
"192.168.1.1",48745,6,2354,6,2354,0,0
"192.168.1.1",48755,2,884,2,884,0,0
"192.168.1.1",48765,1,415,1,415,0,0
"192.168.1.1",48766,1,92,1,92,0,0
"192.168.1.1",48770,6,2354,6,2354,0,0
"192.168.1.1",48772,6,2354,6,2354,0,0
"192.168.1.1",48776,1,92,1,92,0,0
"192.168.1.1",48777,2,884,2,884,0,0
"192.168.1.1",48789,6,2354,6,2354,0,0
"192.168.1.1",48791,1,415,1,415,0,0
"192.168.1.1",48794,2,884,2,884,0,0
"192.168.1.1",48796,1,310,1,310,0,0
"192.168.1.1",48808,3,976,3,976,0,0
"192.168.1.1",48809,6,2354,6,2354,0,0
"192.168.1.1",48814,6,2354,6,2354,0,0
"192.168.1.1",48835,1,92,1,92,0,0
"192.168.1.1",48849,6,2354,6,2354,0,0
"192.168.1.1",48852,2,832,2,832,0,0
"192.168.1.1",48856,6,2354,6,2354,0,0
"192.168.1.1",48859,1,92,1,92,0,0
"192.168.1.1",48882,6,2354,6,2354,0,0
"192.168.1.1",48886,1,310,1,310,0,0
"192.168.1.1",48907,2,884,2,884,0,0
"192.168.1.1",48910,6,2354,6,2354,0,0
"192.168.1.1",48915,2,884,2,884,0,0
"192.168.1.1",48917,2,884,2,884,0,0
"192.168.1.1",48929,1,92,1,92,0,0
"192.168.1.1",48940,6,2354,6,2354,0,0
"192.168.1.1",48960,1,92,1,92,0,0
"192.168.1.1",48962,2,884,2,884,0,0
"192.168.1.1",48989,1,310,1,310,0,0
"192.168.1.1",48992,1,92,1,92,0,0
"192.168.1.1",48996,8,3238,8,3238,0,0
"192.168.1.1",49002,2,884,2,884,0,0
"192.168.1.1",49005,6,2354,6,2354,0,0
"192.168.1.1",49008,1,92,1,92,0,0
"192.168.1.1",49018,1,92,1,92,0,0
"192.168.1.1",49036,2,884,2,884,0,0
"192.168.1.1",49041,1,425,1,425,0,0
"192.168.1.1",49042,2,884,2,884,0,0
"192.168.1.1",49061,1,349,1,349,0,0
"192.168.1.1",49062,1,369,1,369,0,0
"192.168.1.1",49063,2,884,2,884,0,0
"192.168.1.1",49066,2,884,2,884,0,0
"192.168.1.1",49073,2,884,2,884,0,0
"192.168.1.1",49079,6,2354,6,2354,0,0
"192.168.1.1",49089,2,884,2,884,0,0
"192.168.1.1",49096,2,184,2,184,0,0
"192.168.1.1",49097,6,2354,6,2354,0,0
"192.168.1.1",49122,2,884,2,884,0,0
"192.168.1.1",49129,1,362,1,362,0,0
"192.168.1.1",49138,6,2354,6,2354,0,0
"192.168.1.1",49151,6,2354,6,2354,0,0
"192.168.1.1",49159,6,2354,6,2354,0,0
"192.168.1.31",49160,2,424,1,69,1,355
"192.168.1.31",49164,2,206,1,89,1,117
"192.168.1.1",49165,6,2354,6,2354,0,0
"192.168.1.31",49172,32,9004,15,3646,17,5358
"192.168.1.31",49173,2,194,1,83,1,111
"192.168.1.31",49178,2,211,1,76,1,135
"192.168.1.1",49179,2,884,2,884,0,0
"192.168.1.31",49180,2,166,1,75,1,91
"2001:14ba:a051:8c00:15a0:90ff:ab54:3867",49180,2,190,2,190,0,0
"192.168.1.1",49182,4,1768,4,1768,0,0
"192.168.1.31",49187,2,298,1,85,1,213
"192.168.1.31",49193,37,15127,19,4876,18,10251
"192.168.1.1",49197,6,2354,6,2354,0,0
"192.168.1.31",49197,2,180,1,74,1,106
"192.168.1.31",49200,2,236,1,83,1,153
"192.168.1.31",49211,2,215,1,83,1,132
"192.168.1.31",49213,2,200,1,92,1,108
"2001:14ba:a051:8c00:15a0:90ff:ab54:3867",49213,1,112,1,112,0,0
"192.168.1.31",49217,4,385,2,143,2,242
"2001:14ba:a051:8c00:15a0:90ff:ab54:3867",49217,1,89,1,89,0,0
"192.168.1.31",49224,22,7771,12,4508,10,3263
"192.168.1.31",49226,2,138,1,69,1,69
"192.168.1.1",49227,1,369,1,369,0,0
"192.168.1.31",49227,4,848,4,848,0,0
"192.168.1.31",49228,4,868,4,868,0,0
"192.168.1.31",49231,2,273,1,85,1,188
"192.168.1.1",49235,1,92,1,92,0,0
"192.168.1.31",49235,22,7784,10,3173,12,4611
"192.168.1.31",49238,4,380,2,168,2,212
"2001:14ba:a051:8c00:15a0:90ff:ab54:3867",49238,1,105,1,105,0,0
"192.168.1.1",49248,1,92,1,92,0,0
"192.168.1.31",49248,2,138,1,69,1,69
"192.168.1.1",49256,2,884,2,884,0,0
"192.168.1.31",49263,19,8588,10,6030,9,2558
"192.168.1.31",49264,2,224,1,85,1,139
"2001:14ba:a051:8c00:15a0:90ff:ab54:3867",49264,1,105,1,105,0,0
"192.168.1.1",49266,2,884,2,884,0,0
"192.168.1.1",49275,8,3238,8,3238,0,0
"192.168.1.1",49276,1,92,1,92,0,0
"192.168.1.31",49277,2,253,1,83,1,170
"192.168.1.31",49280,2,259,1,83,1,176
"192.168.1.31",49283,2,210,1,91,1,119
"192.168.1.31",49289,2,227,1,83,1,144
"192.168.1.31",49295,2,194,1,83,1,111
"192.168.1.1",49299,1,92,1,92,0,0
"192.168.1.1",49300,2,884,2,884,0,0
"192.168.1.1",49306,1,362,1,362,0,0
"192.168.1.1",49307,1,92,1,92,0,0
"192.168.1.31",49315,2,198,1,91,1,107
"192.168.1.31",49316,19,6339,9,3102,10,3237
"192.168.1.1",49317,2,884,2,884,0,0
"192.168.1.1",49319,2,884,2,884,0,0
"192.168.1.31",49321,18,9529,10,7035,8,2494
"192.168.1.1",49322,6,2354,6,2354,0,0
"192.168.1.31",49322,4,848,4,848,0,0
"192.168.1.1",49323,3,976,3,976,0,0
"192.168.1.31",49323,4,868,4,868,0,0
"192.168.1.31",49324,2,182,1,83,1,99
"192.168.1.31",49328,2,138,1,69,1,69
"192.168.1.31",49330,2,289,1,83,1,206
"192.168.1.31",49338,2,298,1,85,1,213
"192.168.1.1",49340,7,2707,7,2707,0,0
"192.168.1.31",49341,2,208,1,85,1,123
"2001:14ba:a051:8c00:15a0:90ff:ab54:3867",49341,1,105,1,105,0,0
"192.168.1.1",49342,1,349,1,349,0,0
"192.168.1.1",49345,4,1768,4,1768,0,0
"192.168.1.1",49348,1,310,1,310,0,0
"192.168.1.31",49349,15,6732,7,4101,8,2631
"192.168.1.1",49350,2,884,2,884,0,0
"192.168.1.31",49352,17,8325,9,5831,8,2494
"192.168.1.1",49356,6,2354,6,2354,0,0
"192.168.1.31",49358,2,273,1,76,1,197
"2001:14ba:a051:8c00:15a0:90ff:ab54:3867",49358,1,96,1,96,0,0
"192.168.1.1",49363,1,362,1,362,0,0
"192.168.1.1",49366,6,2354,6,2354,0,0
"192.168.1.1",49367,1,310,1,310,0,0
"192.168.1.31",49367,2,154,1,69,1,85
"192.168.1.31",49384,31,15706,17,12774,14,2932
"192.168.1.31",49386,16,7030,8,4275,8,2755
"192.168.1.1",49389,2,884,2,884,0,0
"192.168.1.1",49403,6,2354,6,2354,0,0
"192.168.1.31",49403,18,8392,9,5835,9,2557
"192.168.1.1",49404,1,92,1,92,0,0
"192.168.1.31",49404,6,1083,5,933,1,150
"192.168.1.31",49405,4,868,4,868,0,0
"192.168.1.31",49406,2,290,1,85,1,205
"2001:14ba:a051:8c00:15a0:90ff:ab54:3867",49406,1,105,1,105,0,0
"192.168.1.31",49407,2,236,1,85,1,151
"192.168.1.31",49412,2,235,1,85,1,150
"192.168.1.1",49413,1,92,1,92,0,0
"192.168.1.1",49416,2,884,2,884,0,0
"192.168.1.1",49417,1,92,1,92,0,0
"192.168.1.31",49425,2,215,1,83,1,132
"192.168.1.1",49427,2,884,2,884,0,0
"192.168.1.1",49443,1,92,1,92,0,0
"192.168.1.1",49446,6,2354,6,2354,0,0
"192.168.1.31",49450,14,6736,7,4088,7,2648
"192.168.1.31",49452,2,197,1,76,1,121
"192.168.1.31",49454,2,211,1,76,1,135
"192.168.1.31",49456,2,178,1,75,1,103
"192.168.1.31",49457,13,4868,6,1860,7,3008
"192.168.1.1",49458,6,2354,6,2354,0,0
"192.168.1.1",49462,2,884,2,884,0,0
"192.168.1.1",49463,6,2354,6,2354,0,0
"192.168.1.31",49464,2,360,1,116,1,244
"192.168.1.1",49465,6,2354,6,2354,0,0
"192.168.1.1",49466,1,362,1,362,0,0
"192.168.1.31",49467,2,197,1,76,1,121
"2001:14ba:a051:8c00:15a0:90ff:ab54:3867",49467,1,96,1,96,0,0
"192.168.1.31",49469,31,10193,15,4125,16,6068
"192.168.1.31",49470,2,198,1,85,1,113
"192.168.1.31",49471,19,7797,9,2312,10,5485
"192.168.1.31",49472,886,934055,100,18819,786,915236
"192.168.1.1",49475,6,2354,6,2354,0,0
"192.168.1.31",49477,4,848,4,848,0,0
"192.168.1.31",49478,4,868,4,868,0,0
"192.168.1.1",49481,1,92,1,92,0,0
"192.168.1.31",49481,2,342,1,86,1,256
"192.168.1.1",49482,2,884,2,884,0,0
"192.168.1.31",49483,2,201,1,71,1,130
"192.168.1.31",49485,2,224,1,85,1,139
"192.168.1.31",49486,2,227,1,83,1,144
"192.168.1.31",49487,4,444,2,165,2,279
"2001:14ba:a051:8c00:15a0:90ff:ab54:3867",49487,1,100,1,100,0,0
"192.168.1.31",49489,2,257,1,88,1,169
"192.168.1.1",49490,1,92,1,92,0,0
"192.168.1.31",49490,17,5941,9,3081,8,2860
"192.168.1.1",49493,2,884,2,884,0,0
"192.168.1.1",49494,2,884,2,884,0,0
"192.168.1.31",49494,2,227,1,83,1,144
"192.168.1.1",49496,6,2354,6,2354,0,0
"192.168.1.31",49496,2,154,1,69,1,85
"192.168.1.1",49499,2,884,2,884,0,0
"192.168.1.31",49501,2,379,1,69,1,310
"192.168.1.31",49504,2,268,1,80,1,188
"2001:14ba:a051:8c00:15a0:90ff:ab54:3867",49504,1,100,1,100,0,0
"192.168.1.1",49506,6,2354,6,2354,0,0
"192.168.1.1",49510,2,884,2,884,0,0
"192.168.1.1",49519,1,349,1,349,0,0
"192.168.1.1",49520,2,884,2,884,0,0
"192.168.1.31",49520,2,224,1,85,1,139
"192.168.1.1",49522,2,884,2,884,0,0
"192.168.1.31",49523,2,178,1,81,1,97
"2001:14ba:a051:8c00:15a0:90ff:ab54:3867",49523,1,101,1,101,0,0
"192.168.1.1",49524,1,92,1,92,0,0
"192.168.1.31",49524,2,247,1,85,1,162
"192.168.1.1",49530,1,92,1,92,0,0
"192.168.1.1",49544,1,433,1,433,0,0
"192.168.1.31",49544,2,224,1,85,1,139
"192.168.1.1",49545,2,884,2,884,0,0
"192.168.1.31",49548,4,419,2,156,2,263
"2001:14ba:a051:8c00:15a0:90ff:ab54:3867",49548,2,196,2,196,0,0
"192.168.1.1",49551,2,884,2,884,0,0
"192.168.1.31",49558,2,178,1,81,1,97
"2001:14ba:a051:8c00:15a0:90ff:ab54:3867",49558,1,101,1,101,0,0
"192.168.1.31",49569,2,186,1,85,1,101
"2001:14ba:a051:8c00:15a0:90ff:ab54:3867",49569,1,105,1,105,0,0
"192.168.1.1",49571,2,884,2,884,0,0
"192.168.1.1",49572,2,884,2,884,0,0
"192.168.1.31",49577,2,235,1,85,1,150
"192.168.1.1",49578,1,417,1,417,0,0
"192.168.1.1",49581,2,884,2,884,0,0
"192.168.1.1",49582,1,417,1,417,0,0
"192.168.1.31",49583,31,16498,17,13567,14,2931
"192.168.1.1",49586,6,2354,6,2354,0,0
"192.168.1.1",49588,1,425,1,425,0,0
"192.168.1.31",49588,2,222,1,71,1,151
"2001:14ba:a051:8c00:15a0:90ff:ab54:3867",49588,1,91,1,91,0,0
"192.168.1.1",49594,6,2354,6,2354,0,0
"192.168.1.31",49598,2,424,1,69,1,355
"192.168.1.1",49602,2,884,2,884,0,0
"192.168.1.1",49603,9,3330,9,3330,0,0
"192.168.1.1",49604,1,369,1,369,0,0
"192.168.1.1",49605,1,369,1,369,0,0
"192.168.1.31",49607,2,156,1,78,1,78
"192.168.1.1",49608,6,2354,6,2354,0,0
"192.168.1.31",49608,2,236,1,85,1,151
"192.168.1.1",49610,2,884,2,884,0,0
"192.168.1.31",49610,4,848,4,848,0,0
"192.168.1.31",49611,4,868,4,868,0,0
"192.168.1.1",49613,4,1768,4,1768,0,0
"192.168.1.31",49613,2,166,1,75,1,91
"192.168.1.1",49623,1,353,1,353,0,0
"192.168.1.31",49623,664,228960,310,79943,354,149017
"192.168.1.31",49624,29,8992,14,3569,15,5423
"192.168.1.31",49631,2,222,1,83,1,139
"2001:14ba:a051:8c00:15a0:90ff:ab54:3867",49631,1,103,1,103,0,0
"192.168.1.1",49637,6,2354,6,2354,0,0
"192.168.1.31",49639,16,7108,8,4616,8,2492
"192.168.1.31",49642,2,166,1,75,1,91
"2001:14ba:a051:8c00:15a0:90ff:ab54:3867",49642,1,95,1,95,0,0
"192.168.1.31",49646,2,190,1,79,1,111
"192.168.1.1",49647,2,884,2,884,0,0
"192.168.1.31",49647,2,227,1,83,1,144
"192.168.1.31",49650,2,298,1,85,1,213
"192.168.1.31",49652,2,154,1,69,1,85
"192.168.1.1",49655,6,2354,6,2354,0,0
"192.168.1.1",49656,2,884,2,884,0,0
"192.168.1.31",49656,2,215,1,84,1,131
"2001:14ba:a051:8c00:15a0:90ff:ab54:3867",49656,1,104,1,104,0,0
"192.168.1.31",49660,2,418,1,74,1,344
"192.168.1.1",49665,2,884,2,884,0,0
"192.168.1.31",49667,2,227,1,83,1,144
"192.168.1.31",49673,14,6410,7,3982,7,2428
"192.168.1.1",49676,2,884,2,884,0,0
"192.168.1.1",49677,2,884,2,884,0,0
"192.168.1.1",49678,1,369,1,369,0,0
"192.168.1.31",49679,2,253,1,100,1,153
"2001:14ba:a051:8c00:15a0:90ff:ab54:3867",49679,1,120,1,120,0,0
"192.168.1.31",49680,2,273,1,85,1,188
"192.168.1.1",49681,8,3238,8,3238,0,0
"192.168.1.1",49682,2,884,2,884,0,0
"192.168.1.31",49682,4,405,2,162,2,243
"2001:14ba:a051:8c00:15a0:90ff:ab54:3867",49682,1,101,1,101,0,0
"192.168.1.31",49687,2,176,1,88,1,88
"192.168.1.1",49688,2,884,2,884,0,0
"192.168.1.31",49696,2,183,1,74,1,109
"2001:14ba:a051:8c00:15a0:90ff:ab54:3867",49696,1,94,1,94,0,0
"192.168.1.31",49698,2,253,1,83,1,170
"192.168.1.31",49702,2,470,1,80,1,390
"192.168.1.31",49703,65,50581,16,6045,49,44536
"192.168.1.1",49707,1,427,1,427,0,0
"192.168.1.31",49707,32,15381,17,12022,15,3359
"192.168.1.31",49709,2,224,1,85,1,139
"192.168.1.31",49712,2,274,1,81,1,193
"2001:14ba:a051:8c00:15a0:90ff:ab54:3867",49712,1,101,1,101,0,0
"192.168.1.31",49713,2,289,1,83,1,206
"192.168.1.31",49714,2,198,1,91,1,107
"192.168.1.1",49718,3,976,3,976,0,0
"192.168.1.31",49721,2,347,1,80,1,267
"2001:14ba:a051:8c00:15a0:90ff:ab54:3867",49721,1,100,1,100,0,0
"192.168.1.1",49723,1,92,1,92,0,0
"192.168.1.1",49725,4,1768,4,1768,0,0
"192.168.1.1",49730,6,2354,6,2354,0,0
"192.168.1.31",49730,4,432,2,163,2,269
"2001:14ba:a051:8c00:15a0:90ff:ab54:3867",49730,1,98,1,98,0,0
"192.168.1.31",49733,27,13605,14,10741,13,2864
"192.168.1.31",49735,2,247,1,93,1,154
"192.168.1.31",49744,2,236,1,85,1,151
"192.168.1.1",49747,3,1246,3,1246,0,0
"192.168.1.1",49752,1,92,1,92,0,0
"192.168.1.31",49754,4,530,2,193,2,337
"2001:14ba:a051:8c00:15a0:90ff:ab54:3867",49754,1,128,1,128,0,0
"192.168.1.1",49761,2,884,2,884,0,0
"192.168.1.31",49762,4,848,4,848,0,0
"192.168.1.31",49763,4,868,4,868,0,0
"192.168.1.1",49776,2,884,2,884,0,0
"192.168.1.1",49778,1,427,1,427,0,0
"192.168.1.31",49781,2,289,1,83,1,206
"192.168.1.1",49782,2,884,2,884,0,0
"192.168.1.31",49785,4,332,2,150,2,182
"192.168.1.31",49789,2,215,1,83,1,132
"192.168.1.31",49792,2,241,1,83,1,158
"192.168.1.1",49800,2,884,2,884,0,0
"192.168.1.31",49800,2,186,1,85,1,101
"2001:14ba:a051:8c00:15a0:90ff:ab54:3867",49800,1,105,1,105,0,0
"192.168.1.1",49802,1,92,1,92,0,0
"192.168.1.1",49805,1,92,1,92,0,0
"192.168.1.1",49811,2,884,2,884,0,0
"192.168.1.31",49814,2,298,1,85,1,213
"192.168.1.1",49815,2,884,2,884,0,0
"192.168.1.1",49818,1,433,1,433,0,0
"192.168.1.31",49820,2,211,1,76,1,135
"192.168.1.31",49822,2,224,1,85,1,139
"192.168.1.31",49830,2,227,1,83,1,144
"192.168.1.31",49832,2,298,1,85,1,213
"192.168.1.1",49834,1,403,1,403,0,0
"192.168.1.31",49834,2,170,1,77,1,93
"192.168.1.31",49836,2,192,1,88,1,104
"192.168.1.31",49840,2,174,1,79,1,95
"2001:14ba:a051:8c00:15a0:90ff:ab54:3867",49840,1,99,1,99,0,0
"192.168.1.1",49844,2,884,2,884,0,0
"192.168.1.31",49845,2,298,1,85,1,213
"192.168.1.31",49853,29,9458,14,4050,15,5408
"192.168.1.31",49856,2,224,1,85,1,139
"192.168.1.1",49865,1,92,1,92,0,0
"192.168.1.31",49874,17,8324,9,5830,8,2494
"192.168.1.31",49875,22,16891,3,1640,19,15251
"192.168.1.31",49879,2,138,1,69,1,69
"192.168.1.1",49883,6,2354,6,2354,0,0
"192.168.1.31",49884,4,711,2,141,2,570
"192.168.1.31",49886,2,236,1,85,1,151
"192.168.1.1",49889,1,349,1,349,0,0
"192.168.1.31",49892,2,298,1,85,1,213
"192.168.1.1",49893,1,427,1,427,0,0
"192.168.1.1",49894,2,884,2,884,0,0
"192.168.1.31",49894,2,231,1,83,1,148
"2001:14ba:a051:8c00:15a0:90ff:ab54:3867",49894,1,103,1,103,0,0
"192.168.1.1",49895,6,2354,6,2354,0,0
"192.168.1.31",49895,14,5762,7,3333,7,2429
"192.168.1.31",49896,106,38704,53,19155,53,19549
"192.168.1.31",49901,2,235,1,85,1,150
"192.168.1.31",49912,2,176,1,88,1,88
"2001:14ba:a051:8c00:15a0:90ff:ab54:3867",49912,1,108,1,108,0,0
"192.168.1.1",49913,2,884,2,884,0,0
"192.168.1.31",49917,2,315,1,83,1,232
"192.168.1.31",49920,2,209,1,73,1,136
"2001:14ba:a051:8c00:15a0:90ff:ab54:3867",49920,1,93,1,93,0,0
"192.168.1.31",49921,23,13742,8,2555,15,11187
"192.168.1.31",49923,2,168,1,84,1,84
"2001:14ba:a051:8c00:15a0:90ff:ab54:3867",49923,1,104,1,104,0,0
"192.168.1.31",49926,2,154,1,69,1,85
"2001:14ba:a051:8c00:15a0:90ff:ab54:3867",49926,1,89,1,89,0,0
"192.168.1.1",49932,1,92,1,92,0,0
"192.168.1.31",49936,2,222,1,71,1,151
"192.168.1.1",49937,2,884,2,884,0,0
"192.168.1.31",49937,2,174,1,79,1,95
"192.168.1.1",49945,6,2354,6,2354,0,0
"192.168.1.31",49947,2,315,1,89,1,226
"2001:14ba:a051:8c00:15a0:90ff:ab54:3867",49947,1,109,1,109,0,0
"192.168.1.1",49948,6,2354,6,2354,0,0
"192.168.1.31",49953,2,202,1,87,1,115
"2001:14ba:a051:8c00:15a0:90ff:ab54:3867",49953,1,107,1,107,0,0
"192.168.1.31",49966,2,324,1,130,1,194
"192.168.1.1",49967,1,92,1,92,0,0
"192.168.1.1",49968,1,349,1,349,0,0
"192.168.1.31",49981,2,202,1,87,1,115
"192.168.1.1",49982,2,884,2,884,0,0
"192.168.1.31",49988,2,325,1,83,1,242
"192.168.1.1",49991,1,415,1,415,0,0
"192.168.1.31",49993,2,176,1,80,1,96
"35.214.194.214",50001,2,110,1,60,1,50
"66.22.237.12",50001,2,110,1,60,1,50
"66.22.237.19",50001,2,110,1,60,1,50
"66.22.244.151",50001,2,110,1,60,1,50
"66.22.244.172",50001,2,110,1,60,1,50
"35.207.155.172",50002,2,110,1,60,1,50
"66.22.199.198",50002,2,110,1,60,1,50
"66.22.237.132",50002,2,110,1,60,1,50
"66.22.238.8",50002,2,110,1,60,1,50
"66.22.238.152",50002,2,110,1,60,1,50
"66.22.243.168",50002,2,110,1,60,1,50
"66.22.244.138",50002,2,110,1,60,1,50
"66.22.197.93",50003,2,110,1,60,1,50
"66.22.237.133",50003,2,110,1,60,1,50
"66.22.237.149",50003,2,110,1,60,1,50
"66.22.238.35",50003,2,110,1,60,1,50
"66.22.243.45",50003,2,110,1,60,1,50
"66.22.244.43",50003,2,110,1,60,1,50
"35.214.140.185",50004,2,110,1,60,1,50
"66.22.196.152",50004,2,110,1,60,1,50
"66.22.238.16",50004,2,110,1,60,1,50
"66.22.238.146",50004,2,110,1,60,1,50
"66.22.243.132",50004,2,110,1,60,1,50
"66.22.243.147",50004,2,110,1,60,1,50
"66.22.244.23",50004,2,110,1,60,1,50
"192.168.1.1",50007,6,2354,6,2354,0,0
"192.168.1.1",50008,6,2354,6,2354,0,0
"192.168.1.1",50017,6,2354,6,2354,0,0
"192.168.1.1",50027,2,884,2,884,0,0
"192.168.1.1",50032,2,884,2,884,0,0
"192.168.1.1",50033,2,884,2,884,0,0
"192.168.1.1",50040,2,884,2,884,0,0
"192.168.1.1",50043,2,884,2,884,0,0
"192.168.1.1",50052,1,92,1,92,0,0
"192.168.1.1",50053,2,884,2,884,0,0
"192.168.1.1",50058,2,884,2,884,0,0
"192.168.1.31",50060,67,24701,35,16884,32,7817
"2001:14ba:a051:8c00:15a0:90ff:ab54:3867",50060,4,425,4,425,0,0
"192.168.1.31",50061,4,848,4,848,0,0
"192.168.1.31",50062,4,868,4,868,0,0
"192.168.1.31",50063,39,7825,16,3350,23,4475
"192.168.1.31",50067,2,224,1,85,1,139
"192.168.1.31",50068,2,315,1,83,1,232
"192.168.1.1",50071,1,433,1,433,0,0
"192.168.1.31",50085,2,289,1,83,1,206
"192.168.1.1",50086,1,433,1,433,0,0
"192.168.1.31",50086,2,424,1,69,1,355
"192.168.1.1",50088,6,2354,6,2354,0,0
"192.168.1.1",50090,1,425,1,425,0,0
"192.168.1.31",50111,2,138,1,69,1,69
"2001:14ba:a051:8c00:15a0:90ff:ab54:3867",50111,1,89,1,89,0,0
"192.168.1.31",50114,2,302,1,89,1,213
"2001:14ba:a051:8c00:15a0:90ff:ab54:3867",50114,1,109,1,109,0,0
"192.168.1.1",50120,6,2354,6,2354,0,0
"192.168.1.31",50122,2,192,1,88,1,104
"192.168.1.31",50128,2,289,1,83,1,206
"192.168.1.1",50129,2,884,2,884,0,0
"192.168.1.31",50132,2,210,1,77,1,133
"2001:14ba:a051:8c00:15a0:90ff:ab54:3867",50132,1,97,1,97,0,0
"192.168.1.1",50133,1,417,1,417,0,0
"192.168.1.31",50137,2,182,1,83,1,99
"192.168.1.31",50140,2,201,1,73,1,128
"192.168.1.31",50143,2,202,1,87,1,115
"192.168.1.31",50146,2,180,1,82,1,98
"192.168.1.1",50147,2,884,2,884,0,0
"192.168.1.31",50151,2,176,1,88,1,88
"2001:14ba:a051:8c00:15a0:90ff:ab54:3867",50151,1,108,1,108,0,0
"192.168.1.1",50152,3,976,3,976,0,0
"192.168.1.31",50152,12,6921,4,2708,8,4213
"192.168.1.1",50156,8,3238,8,3238,0,0
"192.168.1.31",50160,2,178,1,75,1,103
"2001:14ba:a051:8c00:15a0:90ff:ab54:3867",50160,1,95,1,95,0,0
"192.168.1.1",50161,2,884,2,884,0,0
"192.168.1.31",50161,12,4788,5,1785,7,3003
"192.168.1.31",50163,2,325,1,83,1,242
"2001:14ba:a051:8c00:15a0:90ff:ab54:3867",50163,1,103,1,103,0,0
"192.168.1.31",50178,2,215,1,83,1,132
"192.168.1.1",50179,6,2354,6,2354,0,0
"192.168.1.1",50182,6,2354,6,2354,0,0
"192.168.1.31",50184,4,545,2,170,2,375
"192.168.1.1",50187,1,433,1,433,0,0
"192.168.1.31",50187,2,289,1,83,1,206
"192.168.1.1",50192,1,92,1,92,0,0
"192.168.1.31",50192,2,293,1,74,1,219
"2001:14ba:a051:8c00:15a0:90ff:ab54:3867",50192,1,94,1,94,0,0
"192.168.1.1",50193,1,92,1,92,0,0
"192.168.1.1",50194,1,92,1,92,0,0
"192.168.1.31",50200,2,224,1,85,1,139
"192.168.1.31",50204,2,190,1,87,1,103
"2001:14ba:a051:8c00:15a0:90ff:ab54:3867",50204,1,107,1,107,0,0
"192.168.1.1",50205,2,884,2,884,0,0
"192.168.1.1",50207,6,2354,6,2354,0,0
"192.168.1.31",50212,2,224,1,85,1,139
"192.168.1.31",50214,2,289,1,83,1,206
"192.168.1.31",50222,47,19467,24,15863,23,3604
"192.168.1.31",50226,2,256,1,76,1,180
"2001:14ba:a051:8c00:15a0:90ff:ab54:3867",50226,1,96,1,96,0,0
"192.168.1.31",50228,2,395,1,69,1,326
"192.168.1.31",50230,2,190,1,87,1,103
"2001:14ba:a051:8c00:15a0:90ff:ab54:3867",50230,1,107,1,107,0,0
"192.168.1.1",50231,1,92,1,92,0,0
"192.168.1.31",50231,98,33275,48,14154,50,19121
"192.168.1.31",50232,12,4783,5,1779,7,3004
"192.168.1.1",50234,1,362,1,362,0,0
"192.168.1.1",50239,6,2354,6,2354,0,0
"192.168.1.31",50239,2,247,1,85,1,162
"192.168.1.31",50240,18,6406,10,4093,8,2313
"192.168.1.31",50241,2,247,1,85,1,162
"192.168.1.1",50244,2,884,2,884,0,0
"192.168.1.31",50246,76,30850,37,14355,39,16495
"192.168.1.31",50249,2,360,1,116,1,244
"192.168.1.31",50252,12,5039,6,2693,6,2346
"192.168.1.31",50259,2,198,1,91,1,107
"192.168.1.31",50263,2,220,1,83,1,137
"192.168.1.1",50264,6,2354,6,2354,0,0
"192.168.1.31",50268,2,184,1,84,1,100
"192.168.1.31",50274,2,256,1,76,1,180
"192.168.1.1",50278,1,310,1,310,0,0
"192.168.1.31",50280,4,476,2,158,2,318
"192.168.1.1",50286,1,369,1,369,0,0
"192.168.1.31",50287,2,168,1,84,1,84
"2001:14ba:a051:8c00:15a0:90ff:ab54:3867",50287,1,104,1,104,0,0
"192.168.1.31",50289,2,236,1,85,1,151
"192.168.1.31",50290,2,235,1,85,1,150
"192.168.1.31",50294,2,178,1,89,1,89
"192.168.1.1",50297,1,425,1,425,0,0
"192.168.1.1",50298,1,92,1,92,0,0
"192.168.1.31",50298,2,249,1,87,1,162
"192.168.1.31",50299,15,10492,7,2430,8,8062
"192.168.1.1",50306,2,884,2,884,0,0
"192.168.1.1",50308,1,417,1,417,0,0
"192.168.1.31",50313,33,10391,16,4204,17,6187
"192.168.1.31",50332,2,224,1,85,1,139
"192.168.1.1",50340,6,2354,6,2354,0,0
"192.168.1.1",50341,6,2354,6,2354,0,0
"192.168.1.1",50342,2,884,2,884,0,0
"192.168.1.1",50347,2,884,2,884,0,0
"192.168.1.31",50357,2,298,1,85,1,213
"192.168.1.31",50359,2,190,1,87,1,103
"192.168.1.1",50360,6,2354,6,2354,0,0
"192.168.1.31",50362,4,517,2,171,2,346
"2001:14ba:a051:8c00:15a0:90ff:ab54:3867",50362,1,103,1,103,0,0
"192.168.1.1",50363,2,884,2,884,0,0
"192.168.1.31",50371,2,176,1,80,1,96
"2001:14ba:a051:8c00:15a0:90ff:ab54:3867",50371,1,100,1,100,0,0
"192.168.1.1",50374,1,92,1,92,0,0
"192.168.1.1",50383,1,362,1,362,0,0
"192.168.1.31",50385,2,298,1,85,1,213
"192.168.1.31",50387,2,424,1,69,1,355
"192.168.1.1",50394,6,2354,6,2354,0,0
"192.168.1.1",50396,2,884,2,884,0,0
"192.168.1.1",50406,2,884,2,884,0,0
"192.168.1.1",50407,6,2354,6,2354,0,0
"192.168.1.31",50409,2,242,1,79,1,163
"2001:14ba:a051:8c00:15a0:90ff:ab54:3867",50409,1,99,1,99,0,0
"192.168.1.1",50413,1,92,1,92,0,0
"192.168.1.31",50413,2,190,1,81,1,109
"2001:14ba:a051:8c00:15a0:90ff:ab54:3867",50413,1,101,1,101,0,0
"192.168.1.31",50414,2,138,1,69,1,69
"192.168.1.31",50415,4,848,4,848,0,0
"192.168.1.31",50416,4,868,4,868,0,0
"192.168.1.31",50417,2,203,1,76,1,127
"192.168.1.31",50418,2,236,1,85,1,151
"192.168.1.1",50419,6,2354,6,2354,0,0
"192.168.1.1",50420,1,415,1,415,0,0
"192.168.1.1",50421,2,884,2,884,0,0
"192.168.1.1",50426,1,92,1,92,0,0
"192.168.1.31",50427,4,534,2,170,2,364
"192.168.1.31",50428,2,201,1,71,1,130
"192.168.1.31",50430,2,298,1,85,1,213
"192.168.1.1",50434,1,92,1,92,0,0
"192.168.1.1",50441,2,884,2,884,0,0
"192.168.1.1",50442,6,2354,6,2354,0,0
"192.168.1.1",50446,1,353,1,353,0,0
"192.168.1.1",50455,6,2354,6,2354,0,0
"192.168.1.31",50455,2,174,1,79,1,95
"192.168.1.31",50457,2,224,1,85,1,139
"192.168.1.31",50462,2,196,1,90,1,106
"2001:14ba:a051:8c00:15a0:90ff:ab54:3867",50462,1,110,1,110,0,0
"192.168.1.1",50471,2,884,2,884,0,0
"192.168.1.31",50485,2,275,1,83,1,192
"192.168.1.1",50491,1,92,1,92,0,0
"192.168.1.31",50493,2,224,1,85,1,139
"192.168.1.1",50496,7,2769,7,2769,0,0
"192.168.1.1",50498,1,92,1,92,0,0
"192.168.1.1",50504,2,884,2,884,0,0
"192.168.1.1",50518,1,92,1,92,0,0
"192.168.1.31",50519,2,315,1,95,1,220
"192.168.1.31",50520,4,848,4,848,0,0
"192.168.1.1",50524,2,884,2,884,0,0
"192.168.1.1",50525,2,884,2,884,0,0
"192.168.1.31",50528,2,298,1,85,1,213
"192.168.1.31",50530,2,298,1,85,1,213
"192.168.1.1",50531,6,2354,6,2354,0,0
"192.168.1.1",50534,2,884,2,884,0,0
"192.168.1.31",50534,2,222,1,71,1,151
"192.168.1.31",50535,2,247,1,93,1,154
"2001:14ba:a051:8c00:15a0:90ff:ab54:3867",50535,1,113,1,113,0,0
"192.168.1.31",50536,13,8302,5,1816,8,6486
"192.168.1.31",50537,2,267,1,97,1,170
"192.168.1.31",50538,4,848,4,848,0,0
"192.168.1.1",50542,2,884,2,884,0,0
"192.168.1.31",50547,4,848,4,848,0,0
"192.168.1.1",50548,1,353,1,353,0,0
"192.168.1.31",50548,4,868,4,868,0,0
"192.168.1.1",50553,2,884,2,884,0,0
"192.168.1.1",50554,6,2354,6,2354,0,0
"192.168.1.31",50554,2,294,1,91,1,203
"2001:14ba:a051:8c00:15a0:90ff:ab54:3867",50554,1,111,1,111,0,0
"192.168.1.1",50556,3,976,3,976,0,0
"192.168.1.31",50556,2,229,1,84,1,145
"192.168.1.1",50559,1,349,1,349,0,0
"192.168.1.31",50561,2,194,1,89,1,105
"192.168.1.31",50564,35,15059,18,11639,17,3420
"192.168.1.1",50565,2,884,2,884,0,0
"192.168.1.31",50567,2,236,1,85,1,151
"192.168.1.1",50569,6,2354,6,2354,0,0
"192.168.1.1",50571,6,2354,6,2354,0,0
"192.168.1.1",50575,6,2354,6,2354,0,0
"192.168.1.1",50576,2,884,2,884,0,0
"192.168.1.31",50577,2,257,1,88,1,169
"192.168.1.31",50586,4,459,2,167,2,292
"192.168.1.1",50593,12,4708,12,4708,0,0
"192.168.1.1",50594,1,353,1,353,0,0
"192.168.1.1",50596,2,884,2,884,0,0
"192.168.1.31",50596,4,395,2,154,2,241
"192.168.1.1",50597,1,353,1,353,0,0
"192.168.1.31",50597,4,848,4,848,0,0
"192.168.1.31",50598,4,868,4,868,0,0
"192.168.1.31",50601,2,182,1,77,1,105
"192.168.1.1",50602,1,92,1,92,0,0
"192.168.1.31",50602,4,868,4,868,0,0
"192.168.1.31",50610,2,238,1,83,1,155
"192.168.1.1",50611,1,92,1,92,0,0
"192.168.1.31",50613,2,196,1,90,1,106
"2001:14ba:a051:8c00:15a0:90ff:ab54:3867",50613,1,110,1,110,0,0
"192.168.1.31",50619,2,298,1,85,1,213
"192.168.1.1",50620,8,3238,8,3238,0,0
"192.168.1.31",50622,2,298,1,85,1,213
"192.168.1.31",50625,4,409,2,166,2,243
"192.168.1.31",50628,2,138,1,69,1,69
"2001:14ba:a051:8c00:15a0:90ff:ab54:3867",50628,1,89,1,89,0,0
"192.168.1.31",50631,2,170,1,77,1,93
"2001:14ba:a051:8c00:15a0:90ff:ab54:3867",50631,1,97,1,97,0,0
"192.168.1.1",50632,2,884,2,884,0,0
"192.168.1.31",50635,4,412,2,170,2,242
"2001:14ba:a051:8c00:15a0:90ff:ab54:3867",50635,2,210,2,210,0,0
"192.168.1.31",50636,4,848,4,848,0,0
"192.168.1.31",50638,2,242,1,89,1,153
"192.168.1.1",50642,2,884,2,884,0,0
"192.168.1.1",50646,2,884,2,884,0,0
"192.168.1.31",50648,2,258,1,89,1,169
"192.168.1.1",50650,6,2354,6,2354,0,0
"192.168.1.31",50650,2,210,1,81,1,129
"192.168.1.1",50651,2,884,2,884,0,0
"192.168.1.31",50656,2,178,1,81,1,97
"2001:14ba:a051:8c00:15a0:90ff:ab54:3867",50656,1,101,1,101,0,0
"192.168.1.31",50658,2,174,1,79,1,95
"2001:14ba:a051:8c00:15a0:90ff:ab54:3867",50658,1,99,1,99,0,0
"192.168.1.31",50659,2,225,1,82,1,143
"2001:14ba:a051:8c00:15a0:90ff:ab54:3867",50659,1,102,1,102,0,0
"192.168.1.1",50665,6,2354,6,2354,0,0
"192.168.1.31",50670,18,7617,10,5301,8,2316
"192.168.1.31",50675,2,198,1,91,1,107
"192.168.1.31",50679,2,242,1,81,1,161
"192.168.1.31",50686,4,454,2,154,2,300
"2001:14ba:a051:8c00:15a0:90ff:ab54:3867",50686,1,91,1,91,0,0
"192.168.1.31",50697,2,174,1,79,1,95
"2001:14ba:a051:8c00:15a0:90ff:ab54:3867",50697,1,99,1,99,0,0
"192.168.1.31",50700,2,298,1,85,1,213
"192.168.1.1",50702,1,92,1,92,0,0
"192.168.1.1",50703,6,2354,6,2354,0,0
"192.168.1.1",50704,1,369,1,369,0,0
"192.168.1.31",50705,2,201,1,71,1,130
"192.168.1.1",50710,6,2354,6,2354,0,0
"192.168.1.31",50710,16,8742,8,5387,8,3355
"192.168.1.31",50711,2,289,1,83,1,206
"192.168.1.31",50716,2,250,1,117,1,133
"2001:14ba:a051:8c00:15a0:90ff:ab54:3867",50716,1,137,1,137,0,0
"192.168.1.31",50717,2,364,1,83,1,281
"192.168.1.31",50725,2,178,1,81,1,97
"2001:14ba:a051:8c00:15a0:90ff:ab54:3867",50725,1,101,1,101,0,0
"192.168.1.1",50733,1,415,1,415,0,0
"192.168.1.31",50734,2,190,1,87,1,103
"2001:14ba:a051:8c00:15a0:90ff:ab54:3867",50734,1,107,1,107,0,0
"192.168.1.1",50739,6,2354,6,2354,0,0
"192.168.1.1",50742,1,433,1,433,0,0
"192.168.1.1",50743,1,310,1,310,0,0
"192.168.1.31",50756,46,11259,22,4931,24,6328
"192.168.1.1",50759,2,884,2,884,0,0
"192.168.1.1",50760,7,2446,7,2446,0,0
"192.168.1.1",50769,1,353,1,353,0,0
"192.168.1.31",50776,2,273,1,76,1,197
"2001:14ba:a051:8c00:15a0:90ff:ab54:3867",50776,1,96,1,96,0,0
"192.168.1.31",50782,2,172,1,78,1,94
"192.168.1.31",50783,2,202,1,76,1,126
"2001:14ba:a051:8c00:15a0:90ff:ab54:3867",50783,1,96,1,96,0,0
"192.168.1.1",50793,2,884,2,884,0,0
"192.168.1.31",50795,2,298,1,85,1,213
"192.168.1.1",50801,6,2354,6,2354,0,0
"192.168.1.31",50803,2,395,1,69,1,326
"192.168.1.1",50806,1,92,1,92,0,0
"192.168.1.31",50808,2,279,1,78,1,201
"192.168.1.1",50815,2,884,2,884,0,0
"192.168.1.31",50819,126,50313,63,24665,63,25648
"192.168.1.31",50823,2,211,1,76,1,135
"192.168.1.1",50839,6,2354,6,2354,0,0
"192.168.1.31",50848,2,241,1,74,1,167
"192.168.1.31",50850,2,210,1,76,1,134
"2001:14ba:a051:8c00:15a0:90ff:ab54:3867",50850,1,96,1,96,0,0
"192.168.1.1",50851,2,884,2,884,0,0
"192.168.1.31",50851,2,293,1,74,1,219
"192.168.1.1",50854,1,362,1,362,0,0
"192.168.1.1",50855,8,3238,8,3238,0,0
"192.168.1.31",50855,14,6311,7,3902,7,2409
"192.168.1.1",50856,1,92,1,92,0,0
"192.168.1.31",50858,2,235,1,81,1,154
"2001:14ba:a051:8c00:15a0:90ff:ab54:3867",50858,1,101,1,101,0,0
"192.168.1.31",50878,17,8322,9,5828,8,2494
"192.168.1.31",50880,38,16098,17,4263,21,11835
"192.168.1.31",50893,20,6537,10,4090,10,2447
"192.168.1.31",50903,2,200,1,92,1,108
"2001:14ba:a051:8c00:15a0:90ff:ab54:3867",50903,1,112,1,112,0,0
"192.168.1.1",50905,1,349,1,349,0,0
"192.168.1.31",50908,2,289,1,83,1,206
"192.168.1.1",50909,1,369,1,369,0,0
"192.168.1.31",50909,2,194,1,89,1,105
"2001:14ba:a051:8c00:15a0:90ff:ab54:3867",50909,1,109,1,109,0,0
"192.168.1.31",50911,2,205,1,78,1,127
"192.168.1.31",50916,2,148,1,74,1,74
"2001:14ba:a051:8c00:15a0:90ff:ab54:3867",50916,1,94,1,94,0,0
"192.168.1.1",50926,2,884,2,884,0,0
"192.168.1.31",50927,2,298,1,85,1,213
"192.168.1.31",50928,2,247,1,85,1,162
"192.168.1.1",50929,8,3238,8,3238,0,0
"192.168.1.31",50931,4,415,2,174,2,241
"192.168.1.31",50935,2,186,1,85,1,101
"192.168.1.31",50936,2,166,1,75,1,91
"2001:14ba:a051:8c00:15a0:90ff:ab54:3867",50936,1,95,1,95,0,0
"192.168.1.31",50937,2,138,1,69,1,69
"192.168.1.31",50942,2,211,1,69,1,142
"192.168.1.1",50946,1,369,1,369,0,0
"192.168.1.31",50950,2,400,1,88,1,312
"192.168.1.31",50954,2,360,1,89,1,271
"192.168.1.31",50955,4,848,4,848,0,0
"192.168.1.31",50956,4,868,4,868,0,0
"192.168.1.31",50963,29,9917,14,4723,15,5194
"192.168.1.1",50965,6,2354,6,2354,0,0
"192.168.1.1",50966,1,349,1,349,0,0
"192.168.1.1",50969,2,884,2,884,0,0
"192.168.1.31",50972,2,272,1,97,1,175
"192.168.1.1",50973,6,2354,6,2354,0,0
"192.168.1.31",50973,2,298,1,85,1,213
"192.168.1.1",50974,2,884,2,884,0,0
"192.168.1.1",50975,6,2354,6,2354,0,0
"192.168.1.31",50976,4,400,2,159,2,241
"2001:14ba:a051:8c00:15a0:90ff:ab54:3867",50976,1,105,1,105,0,0
"192.168.1.31",50977,50,48998,11,2718,39,46280
"192.168.1.1",50979,6,2354,6,2354,0,0
"192.168.1.31",50979,2,176,1,88,1,88
"2001:14ba:a051:8c00:15a0:90ff:ab54:3867",50979,1,108,1,108,0,0
"192.168.1.31",50981,2,192,1,88,1,104
"2001:14ba:a051:8c00:15a0:90ff:ab54:3867",50981,1,108,1,108,0,0
"192.168.1.31",50983,2,182,1,83,1,99
"192.168.1.1",50984,2,884,2,884,0,0
"192.168.1.1",50986,1,92,1,92,0,0
"192.168.1.1",50992,2,884,2,884,0,0
"192.168.1.31",50993,2,315,1,89,1,226
"2001:14ba:a051:8c00:15a0:90ff:ab54:3867",50993,1,109,1,109,0,0
"192.168.1.31",50994,2,186,1,79,1,107
"192.168.1.1",50995,8,3238,8,3238,0,0
"192.168.1.31",50995,2,186,1,85,1,101
"2001:14ba:a051:8c00:15a0:90ff:ab54:3867",50995,1,105,1,105,0,0
"192.168.1.1",50996,6,2354,6,2354,0,0
"192.168.1.31",51011,4,464,2,160,2,304
"192.168.1.1",51014,7,2787,7,2787,0,0
"192.168.1.31",51018,2,222,1,71,1,151
"192.168.1.31",51019,2,138,1,69,1,69
"192.168.1.31",51020,19,6490,10,4113,9,2377
"192.168.1.31",51022,2,217,1,83,1,134
"2001:14ba:a051:8c00:15a0:90ff:ab54:3867",51022,1,103,1,103,0,0
"192.168.1.31",51023,13,5142,4,1709,9,3433
"192.168.1.31",51024,2,168,1,76,1,92
"192.168.1.31",51026,20,6533,10,4095,10,2438
"192.168.1.31",51027,2,198,1,85,1,113
"2001:14ba:a051:8c00:15a0:90ff:ab54:3867",51027,1,105,1,105,0,0
"192.168.1.31",51030,4,419,2,171,2,248
"192.168.1.31",51032,15,5303,7,2787,8,2516
"2001:14ba:a051:8c00:15a0:90ff:ab54:3867",51032,1,111,1,111,0,0
"192.168.1.31",51035,2,170,1,77,1,93
"192.168.1.1",51038,6,2354,6,2354,0,0
"192.168.1.31",51038,2,194,1,89,1,105
"2001:14ba:a051:8c00:15a0:90ff:ab54:3867",51038,1,109,1,109,0,0
"192.168.1.31",51044,2,154,1,69,1,85
"192.168.1.31",51046,2,255,1,90,1,165
"2001:14ba:a051:8c00:15a0:90ff:ab54:3867",51046,1,110,1,110,0,0
"192.168.1.31",51053,4,848,4,848,0,0
"192.168.1.31",51054,4,868,4,868,0,0
"192.168.1.31",51056,2,241,1,83,1,158
"192.168.1.1",51059,2,884,2,884,0,0
"192.168.1.1",51061,2,884,2,884,0,0
"192.168.1.31",51063,2,226,1,80,1,146
"2001:14ba:a051:8c00:15a0:90ff:ab54:3867",51063,1,100,1,100,0,0
"192.168.1.1",51065,6,2354,6,2354,0,0
"192.168.1.31",51065,2,211,1,75,1,136
"2001:14ba:a051:8c00:15a0:90ff:ab54:3867",51065,1,95,1,95,0,0
"192.168.1.31",51066,2,200,1,92,1,108
"192.168.1.31",51069,2,178,1,75,1,103
"192.168.1.31",51070,388,454274,45,8844,343,445430
"2001:14ba:a051:8c00:15a0:90ff:ab54:3867",51070,1,99,1,99,0,0
"192.168.1.31",51073,2,186,1,85,1,101
"192.168.1.31",51076,4,368,2,176,2,192
"192.168.1.31",51077,12,5498,6,2848,6,2650
"192.168.1.31",51078,2,201,1,71,1,130
"2001:14ba:a051:8c00:15a0:90ff:ab54:3867",51078,1,91,1,91,0,0
"192.168.1.1",51082,6,2354,6,2354,0,0
"192.168.1.31",51086,2,253,1,83,1,170
"192.168.1.1",51092,1,362,1,362,0,0
"192.168.1.1",51099,1,425,1,425,0,0
"192.168.1.31",51103,16,6714,8,4171,8,2543
"192.168.1.31",51104,4,848,4,848,0,0
"192.168.1.31",51105,4,868,4,868,0,0
"192.168.1.1",51108,6,2354,6,2354,0,0
"192.168.1.31",51112,2,152,1,76,1,76
"2001:14ba:a051:8c00:15a0:90ff:ab54:3867",51112,1,96,1,96,0,0
"192.168.1.31",51119,2,200,1,75,1,125
"192.168.1.31",51122,2,279,1,78,1,201
"192.168.1.31",51125,2,254,1,71,1,183
"2001:14ba:a051:8c00:15a0:90ff:ab54:3867",51125,1,91,1,91,0,0
"192.168.1.31",51126,385,454504,40,9063,345,445441
"192.168.1.1",51128,1,92,1,92,0,0
"192.168.1.31",51130,2,176,1,88,1,88
"192.168.1.31",51131,12,5498,6,2848,6,2650
"192.168.1.1",51134,1,349,1,349,0,0
"192.168.1.1",51141,2,884,2,884,0,0
"192.168.1.31",51142,2,166,1,75,1,91
"2001:14ba:a051:8c00:15a0:90ff:ab54:3867",51142,1,95,1,95,0,0
"192.168.1.31",51144,2,240,1,88,1,152
"192.168.1.1",51151,6,2354,6,2354,0,0
"192.168.1.31",51155,2,215,1,84,1,131
"2001:14ba:a051:8c00:15a0:90ff:ab54:3867",51155,1,104,1,104,0,0
"192.168.1.1",51157,1,425,1,425,0,0
"192.168.1.31",51160,2,176,1,88,1,88
"2001:14ba:a051:8c00:15a0:90ff:ab54:3867",51160,1,108,1,108,0,0
"192.168.1.1",51162,1,362,1,362,0,0
"192.168.1.31",51164,2,298,1,94,1,204
"2001:14ba:a051:8c00:15a0:90ff:ab54:3867",51164,1,114,1,114,0,0
"192.168.1.31",51167,2,178,1,81,1,97
"2001:14ba:a051:8c00:15a0:90ff:ab54:3867",51167,1,101,1,101,0,0
"192.168.1.1",51169,2,884,2,884,0,0
"192.168.1.1",51170,1,349,1,349,0,0
"192.168.1.31",51172,2,215,1,83,1,132
"192.168.1.31",51173,2,192,1,72,1,120
"2001:14ba:a051:8c00:15a0:90ff:ab54:3867",51173,1,92,1,92,0,0
"192.168.1.1",51177,1,92,1,92,0,0
"192.168.1.1",51178,1,92,1,92,0,0
"192.168.1.1",51179,6,2354,6,2354,0,0
"192.168.1.31",51186,96,47836,50,24508,46,23328
"192.168.1.31",51189,21,11969,10,4226,11,7743
"192.168.1.1",51198,14,5592,14,5592,0,0
"192.168.1.1",51200,2,884,2,884,0,0
"192.168.1.31",51203,2,283,1,72,1,211
"192.168.1.31",51204,2,227,1,83,1,144
"192.168.1.31",51206,4,493,2,170,2,323
"2001:14ba:a051:8c00:15a0:90ff:ab54:3867",51206,1,95,1,95,0,0
"192.168.1.1",51208,2,884,2,884,0,0
"192.168.1.31",51209,2,138,1,69,1,69
"192.168.1.31",51210,2,198,1,85,1,113
"2001:14ba:a051:8c00:15a0:90ff:ab54:3867",51210,1,105,1,105,0,0
"192.168.1.31",51211,1492,1748667,88,14194,1404,1734473
"192.168.1.31",51212,190498,230029689,8427,933770,182071,229095919
"192.168.1.1",51214,1,310,1,310,0,0
"192.168.1.31",51217,2,289,1,83,1,206
"192.168.1.31",51219,2,241,1,83,1,158
"192.168.1.1",51223,6,2354,6,2354,0,0
"192.168.1.1",51225,1,415,1,415,0,0
"192.168.1.1",51226,6,2354,6,2354,0,0
"192.168.1.31",51227,2,176,1,88,1,88
"192.168.1.1",51228,1,415,1,415,0,0
"192.168.1.31",51231,4,464,2,166,2,298
"192.168.1.1",51233,1,92,1,92,0,0
"192.168.1.1",51239,2,884,2,884,0,0
"192.168.1.31",51239,2,298,1,85,1,213
"192.168.1.1",51240,6,2354,6,2354,0,0
"192.168.1.1",51242,2,884,2,884,0,0
"192.168.1.1",51246,6,2354,6,2354,0,0
"192.168.1.31",51250,2,209,1,73,1,136
"2001:14ba:a051:8c00:15a0:90ff:ab54:3867",51250,1,93,1,93,0,0
"192.168.1.31",51251,29,13257,12,2809,17,10448
"2001:14ba:a051:8c00:15a0:90ff:ab54:3867",51251,1,91,1,91,0,0
"192.168.1.1",51253,2,884,2,884,0,0
"192.168.1.1",51257,2,884,2,884,0,0
"192.168.1.31",51260,2,296,1,75,1,221
"192.168.1.31",51261,1393,1523561,249,149199,1144,1374362
"2001:14ba:a051:8c00:15a0:90ff:ab54:3867",51261,1,105,1,105,0,0
"192.168.1.1",51265,2,884,2,884,0,0
"192.168.1.31",51267,4,408,2,142,2,266
"2001:14ba:a051:8c00:15a0:90ff:ab54:3867",51267,1,93,1,93,0,0
"192.168.1.31",51268,17,11478,5,4440,12,7038
"192.168.1.31",51273,2,227,1,83,1,144
"192.168.1.31",51276,2,201,1,71,1,130
"192.168.1.31",51279,2,178,1,81,1,97
"2001:14ba:a051:8c00:15a0:90ff:ab54:3867",51279,1,101,1,101,0,0
"192.168.1.31",51280,30,18218,9,2911,21,15307
"192.168.1.1",51282,1,92,1,92,0,0
"192.168.1.31",51283,2,190,1,87,1,103
"2001:14ba:a051:8c00:15a0:90ff:ab54:3867",51283,1,107,1,107,0,0
"192.168.1.31",51284,2,214,1,75,1,139
"2001:14ba:a051:8c00:15a0:90ff:ab54:3867",51284,1,95,1,95,0,0
"192.168.1.1",51285,2,884,2,884,0,0
"192.168.1.1",51289,6,2354,6,2354,0,0
"192.168.1.31",51291,2,236,1,85,1,151
"192.168.1.31",51298,81,19301,39,9882,42,9419
"192.168.1.1",51299,1,415,1,415,0,0
"192.168.1.31",51304,2,273,1,85,1,188
"192.168.1.31",51313,2,138,1,69,1,69
"192.168.1.1",51319,2,884,2,884,0,0
"192.168.1.1",51333,6,2354,6,2354,0,0
"192.168.1.31",51334,2,289,1,83,1,206
"192.168.1.1",51340,2,884,2,884,0,0
"192.168.1.31",51340,2,174,1,79,1,95
"2001:14ba:a051:8c00:15a0:90ff:ab54:3867",51340,1,99,1,99,0,0
"192.168.1.31",51343,2,168,1,84,1,84
"2001:14ba:a051:8c00:15a0:90ff:ab54:3867",51343,1,104,1,104,0,0
"192.168.1.31",51349,2,232,1,93,1,139
"192.168.1.1",51364,6,2354,6,2354,0,0
"192.168.1.1",51365,2,884,2,884,0,0
"192.168.1.1",51366,1,417,1,417,0,0
"192.168.1.31",51367,2,188,1,86,1,102
"192.168.1.31",51376,2,298,1,85,1,213
"192.168.1.31",51378,4,619,2,152,2,467
"192.168.1.31",51384,2,418,1,74,1,344
"192.168.1.1",51391,6,2354,6,2354,0,0
"192.168.1.31",51392,17,8326,9,5832,8,2494
"192.168.1.1",51396,1,417,1,417,0,0
"192.168.1.31",51401,2,224,1,85,1,139
"192.168.1.1",51402,6,2354,6,2354,0,0
"192.168.1.31",51403,2,235,1,85,1,150
"192.168.1.1",51405,6,2354,6,2354,0,0
"192.168.1.1",51407,1,349,1,349,0,0
"192.168.1.1",51411,1,425,1,425,0,0
"192.168.1.31",51415,63,12754,30,5441,33,7313
"192.168.1.1",51422,1,92,1,92,0,0
"192.168.1.31",51442,2,257,1,77,1,180
"192.168.1.31",51452,2,223,1,75,1,148
"2001:14ba:a051:8c00:15a0:90ff:ab54:3867",51452,1,95,1,95,0,0
"192.168.1.1",51458,1,92,1,92,0,0
"192.168.1.31",51459,4,368,2,176,2,192
"2001:14ba:a051:8c00:15a0:90ff:ab54:3867",51459,1,108,1,108,0,0
"192.168.1.31",51460,21,10064,9,2500,12,7564
"192.168.1.1",51464,6,2354,6,2354,0,0
"192.168.1.1",51466,6,2354,6,2354,0,0
"192.168.1.31",51467,2,241,1,83,1,158
"192.168.1.31",51474,2,224,1,85,1,139
"192.168.1.31",51478,2,227,1,83,1,144
"192.168.1.1",51482,6,2354,6,2354,0,0
"192.168.1.31",51482,2,176,1,88,1,88
"2001:14ba:a051:8c00:15a0:90ff:ab54:3867",51482,1,108,1,108,0,0
"192.168.1.31",51486,2,289,1,83,1,206
"192.168.1.1",51494,2,884,2,884,0,0
"192.168.1.31",51495,2,238,1,83,1,155
"192.168.1.1",51496,1,92,1,92,0,0
"192.168.1.1",51502,6,2354,6,2354,0,0
"192.168.1.31",51507,2,220,1,94,1,126
"192.168.1.31",51508,2,241,1,83,1,158
"192.168.1.31",51510,2,211,1,69,1,142
"192.168.1.1",51511,2,884,2,884,0,0
"192.168.1.1",51513,6,2354,6,2354,0,0
"192.168.1.31",51514,4,490,2,154,2,336
"192.168.1.31",51518,2,315,1,89,1,226
"2001:14ba:a051:8c00:15a0:90ff:ab54:3867",51518,1,109,1,109,0,0
"192.168.1.1",51519,6,2354,6,2354,0,0
"192.168.1.1",51520,6,2354,6,2354,0,0
"192.168.1.31",51520,2,227,1,83,1,144
"192.168.1.31",51523,79,14595,38,6565,41,8030
"192.168.1.31",51526,2,293,1,74,1,219
"192.168.1.1",51528,7,2781,7,2781,0,0
"192.168.1.31",51530,2,395,1,69,1,326
"192.168.1.31",51531,2,241,1,83,1,158
"192.168.1.31",51532,2,154,1,69,1,85
"192.168.1.31",51535,2,184,1,84,1,100
"2001:14ba:a051:8c00:15a0:90ff:ab54:3867",51535,1,104,1,104,0,0
"192.168.1.31",51543,2,196,1,82,1,114
"2001:14ba:a051:8c00:15a0:90ff:ab54:3867",51543,1,102,1,102,0,0
"192.168.1.31",51544,2,298,1,85,1,213
"192.168.1.31",51548,2,154,1,69,1,85
"192.168.1.31",51553,2,253,1,83,1,170
"192.168.1.31",51558,2,236,1,85,1,151
"192.168.1.31",51562,34,8647,17,3977,17,4670
"192.168.1.31",51567,2,182,1,83,1,99
"2001:14ba:a051:8c00:15a0:90ff:ab54:3867",51567,1,103,1,103,0,0
"192.168.1.31",51573,49,18612,25,13946,24,4666
"192.168.1.1",51577,1,310,1,310,0,0
"192.168.1.31",51579,4,442,2,166,2,276
"2001:14ba:a051:8c00:15a0:90ff:ab54:3867",51579,2,206,2,206,0,0
"192.168.1.31",51583,4,483,2,171,2,312
"192.168.1.31",51584,13,5902,7,2919,6,2983
"192.168.1.1",51585,7,2664,7,2664,0,0
"192.168.1.31",51585,2,289,1,83,1,206
"192.168.1.31",51586,2,235,1,85,1,150
"192.168.1.1",51587,1,415,1,415,0,0
"192.168.1.31",51587,2,227,1,83,1,144
"192.168.1.31",51594,2,404,1,69,1,335
"192.168.1.31",51595,2,223,1,76,1,147
"192.168.1.1",51597,1,353,1,353,0,0
"192.168.1.1",51598,1,92,1,92,0,0
"192.168.1.31",51599,2,241,1,83,1,158
"192.168.1.1",51601,1,92,1,92,0,0
"192.168.1.31",51604,2,202,1,87,1,115
"2001:14ba:a051:8c00:15a0:90ff:ab54:3867",51604,1,107,1,107,0,0
"192.168.1.31",51614,2,215,1,83,1,132
"192.168.1.31",51615,2,224,1,85,1,139
"192.168.1.1",51616,1,427,1,427,0,0
"192.168.1.1",51622,1,92,1,92,0,0
"192.168.1.31",51622,4,344,2,150,2,194
"2001:14ba:a051:8c00:15a0:90ff:ab54:3867",51622,1,95,1,95,0,0
"192.168.1.1",51625,2,884,2,884,0,0
"192.168.1.31",51626,2,192,1,88,1,104
"2001:14ba:a051:8c00:15a0:90ff:ab54:3867",51626,1,108,1,108,0,0
"192.168.1.1",51631,6,2354,6,2354,0,0
"192.168.1.1",51634,1,310,1,310,0,0
"192.168.1.31",51634,2,206,1,89,1,117
"192.168.1.31",51635,38,20593,18,4925,20,15668
"192.168.1.31",51637,2,164,1,74,1,90
"2001:14ba:a051:8c00:15a0:90ff:ab54:3867",51637,1,94,1,94,0,0
"192.168.1.31",51647,14,6609,7,4098,7,2511
"192.168.1.31",51653,2,206,1,89,1,117
"192.168.1.1",51656,6,2354,6,2354,0,0
"192.168.1.31",51664,2,215,1,83,1,132
"192.168.1.1",51666,6,2354,6,2354,0,0
"192.168.1.1",51668,2,884,2,884,0,0
"192.168.1.31",51672,2,268,1,86,1,182
"2001:14ba:a051:8c00:15a0:90ff:ab54:3867",51672,1,106,1,106,0,0
"192.168.1.1",51673,6,2354,6,2354,0,0
"192.168.1.31",51675,4,587,2,168,2,419
"192.168.1.31",51677,2,138,1,69,1,69
"192.168.1.31",51684,2,192,1,88,1,104
"2001:14ba:a051:8c00:15a0:90ff:ab54:3867",51684,2,216,2,216,0,0
"192.168.1.1",51687,2,884,2,884,0,0
"192.168.1.31",51692,2,256,1,86,1,170
"192.168.1.1",51696,6,2354,6,2354,0,0
"192.168.1.31",51697,4,501,2,163,2,338
"2001:14ba:a051:8c00:15a0:90ff:ab54:3867",51697,2,203,2,203,0,0
"192.168.1.31",51698,4,848,4,848,0,0
"192.168.1.31",51699,4,868,4,868,0,0
"192.168.1.1",51705,6,2354,6,2354,0,0
"192.168.1.31",51709,2,176,1,80,1,96
"2001:14ba:a051:8c00:15a0:90ff:ab54:3867",51709,1,100,1,100,0,0
"192.168.1.1",51714,2,884,2,884,0,0
"192.168.1.31",51714,2,168,1,84,1,84
"2001:14ba:a051:8c00:15a0:90ff:ab54:3867",51714,1,104,1,104,0,0
"192.168.1.31",51715,2,210,1,91,1,119
"192.168.1.31",51716,29,17661,11,2699,18,14962
"192.168.1.31",51717,36,19304,17,5071,19,14233
"192.168.1.1",51721,6,2354,6,2354,0,0
"192.168.1.31",51730,2,186,1,79,1,107
"192.168.1.31",51731,17,9721,7,5252,10,4469
"192.168.1.31",51733,2,241,1,83,1,158
"192.168.1.1",51735,6,2354,6,2354,0,0
"192.168.1.31",51738,2,227,1,83,1,144
"192.168.1.31",51739,2,227,1,83,1,144
"192.168.1.31",51750,2,221,1,83,1,138
"2001:14ba:a051:8c00:15a0:90ff:ab54:3867",51750,1,103,1,103,0,0
"192.168.1.31",51758,2,351,1,86,1,265
"2001:14ba:a051:8c00:15a0:90ff:ab54:3867",51758,1,106,1,106,0,0
"192.168.1.1",51759,6,2354,6,2354,0,0
"192.168.1.31",51759,4,463,2,162,2,301
"2001:14ba:a051:8c00:15a0:90ff:ab54:3867",51759,1,99,1,99,0,0
"192.168.1.1",51763,2,884,2,884,0,0
"192.168.1.31",51766,2,202,1,93,1,109
"192.168.1.1",51767,1,425,1,425,0,0
"192.168.1.31",51775,16,6919,8,4176,8,2743
"192.168.1.1",51780,1,92,1,92,0,0
"192.168.1.31",51780,2,209,1,73,1,136
"2001:14ba:a051:8c00:15a0:90ff:ab54:3867",51780,1,93,1,93,0,0
"192.168.1.31",51781,27,14599,7,2655,20,11944
"192.168.1.1",51785,6,2354,6,2354,0,0
"192.168.1.31",51787,2,209,1,73,1,136
"2001:14ba:a051:8c00:15a0:90ff:ab54:3867",51787,1,93,1,93,0,0
"192.168.1.31",51788,23,13503,6,1877,17,11626
"192.168.1.1",51790,6,2354,6,2354,0,0
"192.168.1.1",51791,7,2716,7,2716,0,0
"192.168.1.1",51792,6,2354,6,2354,0,0
"192.168.1.1",51794,6,2354,6,2354,0,0
"192.168.1.31",51797,2,201,1,71,1,130
"192.168.1.1",51798,1,425,1,425,0,0
"192.168.1.31",51802,2,289,1,83,1,206
"192.168.1.1",51803,2,884,2,884,0,0
"192.168.1.31",51809,4,374,2,154,2,220
"192.168.1.31",51822,2,206,1,89,1,117
"192.168.1.1",51823,2,884,2,884,0,0
"192.168.1.31",51823,37,21862,16,4739,21,17123
"192.168.1.31",51828,2,289,1,83,1,206
"192.168.1.1",51831,6,2354,6,2354,0,0
"192.168.1.1",51833,2,884,2,884,0,0
"192.168.1.1",51835,12,4708,12,4708,0,0
"192.168.1.31",51836,4,368,2,156,2,212
"2001:14ba:a051:8c00:15a0:90ff:ab54:3867",51836,1,101,1,101,0,0
"192.168.1.31",51837,16,7455,6,1974,10,5481
"192.168.1.1",51838,2,884,2,884,0,0
"192.168.1.31",51838,20,7599,10,3158,10,4441
"192.168.1.31",51841,2,236,1,85,1,151
"192.168.1.31",51845,2,194,1,83,1,111
"2001:14ba:a051:8c00:15a0:90ff:ab54:3867",51845,1,103,1,103,0,0
"192.168.1.31",51846,20,7462,10,3159,10,4303
"192.168.1.1",51849,2,884,2,884,0,0
"192.168.1.31",51849,2,298,1,85,1,213
"192.168.1.1",51852,1,362,1,362,0,0
"192.168.1.31",51855,2,335,1,80,1,255
"2001:14ba:a051:8c00:15a0:90ff:ab54:3867",51855,1,100,1,100,0,0
"192.168.1.1",51858,2,884,2,884,0,0
"192.168.1.31",51858,2,298,1,85,1,213
"192.168.1.1",51874,2,884,2,884,0,0
"192.168.1.31",51876,2,178,1,89,1,89
"192.168.1.1",51877,1,92,1,92,0,0
"192.168.1.31",51879,30,7769,15,3677,15,4092
"192.168.1.31",51880,2,227,1,83,1,144
"192.168.1.1",51881,1,92,1,92,0,0
"192.168.1.1",51882,2,884,2,884,0,0
"192.168.1.1",51890,6,2354,6,2354,0,0
"192.168.1.1",51894,1,92,1,92,0,0
"192.168.1.31",51894,1181,1227731,190,52124,991,1175607
"192.168.1.31",51895,2,215,1,83,1,132
"192.168.1.1",51898,3,976,3,976,0,0
"192.168.1.31",51901,2,424,1,69,1,355
"192.168.1.31",51902,2,215,1,83,1,132
"192.168.1.1",51904,6,2354,6,2354,0,0
"192.168.1.31",51904,2,215,1,83,1,132
"192.168.1.31",51906,2,174,1,79,1,95
"192.168.1.1",51910,2,884,2,884,0,0
"192.168.1.1",51912,2,884,2,884,0,0
"192.168.1.31",51914,2,215,1,83,1,132
"192.168.1.1",51915,1,92,1,92,0,0
"192.168.1.31",51915,2,174,1,79,1,95
"2001:14ba:a051:8c00:15a0:90ff:ab54:3867",51915,1,99,1,99,0,0
"192.168.1.1",51917,2,884,2,884,0,0
"192.168.1.1",51925,1,417,1,417,0,0
"192.168.1.31",51930,2,236,1,85,1,151
"192.168.1.31",51932,2,138,1,69,1,69
"2001:14ba:a051:8c00:15a0:90ff:ab54:3867",51932,1,89,1,89,0,0
"192.168.1.31",51935,2,224,1,85,1,139
"192.168.1.1",51938,6,2354,6,2354,0,0
"192.168.1.1",51939,2,884,2,884,0,0
"192.168.1.31",51940,37,15720,19,12044,18,3676
"192.168.1.31",51941,39,16680,20,12273,19,4407
"192.168.1.31",51947,2,217,1,76,1,141
"192.168.1.31",51948,21,9652,9,2384,12,7268
"192.168.1.31",51949,2,138,1,69,1,69
"192.168.1.31",51957,2,192,1,88,1,104
"2001:14ba:a051:8c00:15a0:90ff:ab54:3867",51957,1,108,1,108,0,0
"192.168.1.31",51959,2,168,1,76,1,92
"192.168.1.31",51960,2,224,1,85,1,139
"192.168.1.31",51962,2,192,1,88,1,104
"2001:14ba:a051:8c00:15a0:90ff:ab54:3867",51962,1,108,1,108,0,0
"192.168.1.1",51964,6,2354,6,2354,0,0
"192.168.1.1",51968,1,427,1,427,0,0
"192.168.1.1",51969,1,92,1,92,0,0
"192.168.1.31",51977,2,235,1,85,1,150
"192.168.1.31",51986,35,17707,19,14464,16,3243
"2001:14ba:a051:8c00:15a0:90ff:ab54:3867",51986,1,109,1,109,0,0
"192.168.1.31",51996,2,186,1,79,1,107
"2001:14ba:a051:8c00:15a0:90ff:ab54:3867",51996,1,99,1,99,0,0
"192.168.1.31",51997,4,848,4,848,0,0
"192.168.1.1",51998,1,92,1,92,0,0
"192.168.1.31",51998,4,868,4,868,0,0
"192.168.1.1",52001,2,884,2,884,0,0
"192.168.1.31",52002,2,247,1,85,1,162
"192.168.1.1",52017,6,2354,6,2354,0,0
"192.168.1.1",52025,6,2354,6,2354,0,0
"192.168.1.31",52027,2,246,1,91,1,155
"192.168.1.31",52031,2,289,1,83,1,206
"192.168.1.1",52036,1,92,1,92,0,0
"192.168.1.31",52036,4,848,4,848,0,0
"192.168.1.31",52037,4,868,4,868,0,0
"192.168.1.31",52039,2,174,1,79,1,95
"192.168.1.1",52044,6,2354,6,2354,0,0
"192.168.1.31",52044,2,220,1,83,1,137
"2001:14ba:a051:8c00:15a0:90ff:ab54:3867",52044,1,103,1,103,0,0
"192.168.1.1",52045,6,2354,6,2354,0,0
"192.168.1.31",52056,4,848,4,848,0,0
"192.168.1.31",52057,4,868,4,868,0,0
"192.168.1.31",52058,16,5941,8,3415,8,2526
"192.168.1.1",52059,6,2354,6,2354,0,0
"192.168.1.1",52075,6,2354,6,2354,0,0
"192.168.1.31",52077,2,210,1,91,1,119
"192.168.1.1",52078,2,852,2,852,0,0
"192.168.1.31",52078,81,82561,18,4994,63,77567
"192.168.1.31",52080,2,244,1,108,1,136
"2001:14ba:a051:8c00:15a0:90ff:ab54:3867",52080,1,128,1,128,0,0
"192.168.1.31",52081,2,168,1,84,1,84
"192.168.1.1",52082,6,2354,6,2354,0,0
"192.168.1.31",52082,2,221,1,80,1,141
"192.168.1.31",52084,2,235,1,85,1,150
"192.168.1.1",52085,6,2354,6,2354,0,0
"192.168.1.31",52085,2,178,1,81,1,97
"2001:14ba:a051:8c00:15a0:90ff:ab54:3867",52085,1,101,1,101,0,0
"192.168.1.1",52091,1,425,1,425,0,0
"192.168.1.1",52092,1,92,1,92,0,0
"192.168.1.1",52095,8,3238,8,3238,0,0
"192.168.1.31",52099,2,232,1,83,1,149
"192.168.1.31",52102,2,289,1,83,1,206
"192.168.1.31",52105,2,209,1,73,1,136
"192.168.1.1",52110,1,427,1,427,0,0
"192.168.1.1",52112,1,92,1,92,0,0
"192.168.1.31",52115,2,236,1,85,1,151
"192.168.1.31",52117,21,7636,11,3235,10,4401
"192.168.1.31",52122,4,848,4,848,0,0
"192.168.1.31",52123,6,1127,5,945,1,182
"192.168.1.1",52124,8,3238,8,3238,0,0
"192.168.1.1",52131,1,92,1,92,0,0
"192.168.1.31",52131,2,194,1,83,1,111
"192.168.1.1",52134,1,310,1,310,0,0
"192.168.1.31",52135,2,289,1,83,1,206
"192.168.1.31",52141,2,424,1,69,1,355
"192.168.1.1",52146,1,362,1,362,0,0
"192.168.1.1",52152,2,884,2,884,0,0
"192.168.1.31",52161,2,186,1,85,1,101
"2001:14ba:a051:8c00:15a0:90ff:ab54:3867",52161,1,105,1,105,0,0
"192.168.1.31",52162,20,6746,12,4030,8,2716
"192.168.1.31",52170,2,154,1,69,1,85
"2001:14ba:a051:8c00:15a0:90ff:ab54:3867",52170,1,89,1,89,0,0
"192.168.1.1",52172,6,2354,6,2354,0,0
"192.168.1.1",52174,6,2354,6,2354,0,0
"192.168.1.1",52178,6,2354,6,2354,0,0
"192.168.1.31",52180,2,424,1,69,1,355
"192.168.1.31",52181,2,236,1,85,1,151
"2001:14ba:a051:8c00:15a0:90ff:ab54:3867",52184,1,89,1,89,0,0
"192.168.1.1",52191,1,92,1,92,0,0
"192.168.1.1",52197,6,2354,6,2354,0,0
"192.168.1.31",52201,2,186,1,77,1,109
"2001:14ba:a051:8c00:15a0:90ff:ab54:3867",52201,1,97,1,97,0,0
"192.168.1.31",52202,2,237,1,82,1,155
"192.168.1.31",52204,2,190,1,87,1,103
"2001:14ba:a051:8c00:15a0:90ff:ab54:3867",52204,1,107,1,107,0,0
"192.168.1.31",52205,84,33236,41,16630,43,16606
"192.168.1.1",52208,1,92,1,92,0,0
"192.168.1.1",52209,2,884,2,884,0,0
"192.168.1.31",52217,4,344,2,156,2,188
"192.168.1.31",52221,2,247,1,85,1,162
"192.168.1.31",52223,4,848,4,848,0,0
"192.168.1.31",52224,4,868,4,868,0,0
"192.168.1.1",52226,4,1768,4,1768,0,0
"192.168.1.1",52245,6,2354,6,2354,0,0
"192.168.1.31",52246,2,178,1,75,1,103
"2001:14ba:a051:8c00:15a0:90ff:ab54:3867",52246,1,95,1,95,0,0
"192.168.1.31",52247,33,16426,15,2677,18,13749
"192.168.1.1",52255,12,4708,12,4708,0,0
"192.168.1.1",52257,7,2716,7,2716,0,0
"192.168.1.31",52263,2,197,1,73,1,124
"2001:14ba:a051:8c00:15a0:90ff:ab54:3867",52263,1,93,1,93,0,0
"192.168.1.31",52267,2,289,1,83,1,206
"192.168.1.31",52268,2,215,1,83,1,132
"192.168.1.31",52269,4,462,2,168,2,294
"192.168.1.31",52276,15,6739,7,4099,8,2640
"192.168.1.31",52281,2,253,1,83,1,170
"192.168.1.1",52283,3,1237,3,1237,0,0
"192.168.1.31",52291,16,5524,8,2478,8,3046
"192.168.1.1",52294,1,92,1,92,0,0
"192.168.1.1",52299,6,2354,6,2354,0,0
"192.168.1.31",52299,2,154,1,69,1,85
"192.168.1.31",52301,2,238,1,83,1,155
"192.168.1.1",52302,1,92,1,92,0,0
"192.168.1.31",52309,2,298,1,85,1,213
"192.168.1.1",52311,6,2354,6,2354,0,0
"192.168.1.31",52311,2,215,1,83,1,132
"192.168.1.31",52316,2,274,1,78,1,196
"192.168.1.31",52317,4,868,4,868,0,0
"192.168.1.1",52321,6,2354,6,2354,0,0
"192.168.1.31",52325,2,289,1,83,1,206
"192.168.1.1",52327,1,92,1,92,0,0
"192.168.1.1",52329,1,92,1,92,0,0
"192.168.1.31",52334,2,174,1,79,1,95
"2001:14ba:a051:8c00:15a0:90ff:ab54:3867",52334,1,99,1,99,0,0
"192.168.1.1",52335,1,369,1,369,0,0
"192.168.1.31",52341,4,478,2,159,2,319
"2001:14ba:a051:8c00:15a0:90ff:ab54:3867",52341,1,94,1,94,0,0
"192.168.1.31",52347,2,267,1,97,1,170
"192.168.1.31",52348,4,868,4,868,0,0
"192.168.1.31",52351,2,215,1,83,1,132
"192.168.1.31",52355,2,166,1,75,1,91
"192.168.1.1",52356,2,884,2,884,0,0
"192.168.1.31",52357,2,144,1,64,1,80
"2001:14ba:a051:8c00:15a0:90ff:ab54:3867",52357,1,84,1,84,0,0
"192.168.1.31",52372,2,166,1,75,1,91
"2001:14ba:a051:8c00:15a0:90ff:ab54:3867",52372,1,95,1,95,0,0
"192.168.1.31",52375,34,12712,16,5433,18,7279
"2001:14ba:a051:8c00:15a0:90ff:ab54:3867",52375,1,117,1,117,0,0
"192.168.1.31",52376,2,176,1,88,1,88
"2001:14ba:a051:8c00:15a0:90ff:ab54:3867",52376,1,108,1,108,0,0
"192.168.1.31",52377,12,5495,6,2846,6,2649
"192.168.1.1",52380,2,884,2,884,0,0
"192.168.1.31",52382,2,238,1,83,1,155
"192.168.1.1",52386,6,2354,6,2354,0,0
"192.168.1.31",52388,2,296,1,77,1,219
"192.168.1.31",52391,4,427,2,162,2,265
"192.168.1.1",52394,6,2354,6,2354,0,0
"192.168.1.31",52398,2,404,1,69,1,335
"192.168.1.1",52401,2,884,2,884,0,0
"192.168.1.31",52403,16,6815,8,4185,8,2630
"2001:14ba:a051:8c00:15a0:90ff:ab54:3867",52403,1,108,1,108,0,0
"192.168.1.1",52410,1,92,1,92,0,0
"192.168.1.31",52412,2,383,1,86,1,297
"2001:14ba:a051:8c00:15a0:90ff:ab54:3867",52412,1,106,1,106,0,0
"192.168.1.31",52421,2,226,1,83,1,143
"192.168.1.1",52422,7,2446,7,2446,0,0
"192.168.1.31",52422,2,236,1,85,1,151
"192.168.1.1",52427,2,884,2,884,0,0
"192.168.1.31",52428,2,298,1,85,1,213
"192.168.1.1",52430,1,353,1,353,0,0
"192.168.1.31",52433,2,404,1,69,1,335
"192.168.1.1",52435,2,884,2,884,0,0
"192.168.1.31",52436,2,211,1,69,1,142
"192.168.1.1",52442,6,2354,6,2354,0,0
"192.168.1.1",52444,8,3238,8,3238,0,0
"192.168.1.1",52453,2,884,2,884,0,0
"192.168.1.31",52457,25,8336,12,4929,13,3407
"192.168.1.1",52465,2,884,2,884,0,0
"192.168.1.31",52469,2,224,1,85,1,139
"192.168.1.31",52470,2,298,1,85,1,213
"192.168.1.31",52472,2,312,1,72,1,240
"192.168.1.1",52475,1,92,1,92,0,0
"192.168.1.1",52476,6,2354,6,2354,0,0
"192.168.1.31",52479,2,232,1,93,1,139
"2001:14ba:a051:8c00:15a0:90ff:ab54:3867",52479,1,113,1,113,0,0
"192.168.1.1",52483,2,884,2,884,0,0
"192.168.1.1",52487,2,884,2,884,0,0
"192.168.1.31",52488,2,154,1,69,1,85
"192.168.1.31",52496,2,174,1,79,1,95
"2001:14ba:a051:8c00:15a0:90ff:ab54:3867",52496,1,99,1,99,0,0
"192.168.1.1",52499,6,2354,6,2354,0,0
"192.168.1.31",52503,2,227,1,83,1,144
"192.168.1.1",52504,2,884,2,884,0,0
"192.168.1.1",52505,2,884,2,884,0,0
"192.168.1.31",52508,28,14179,15,11314,13,2865
"192.168.1.31",52513,2,188,1,86,1,102
"2001:14ba:a051:8c00:15a0:90ff:ab54:3867",52513,1,106,1,106,0,0
"192.168.1.1",52515,2,884,2,884,0,0
"192.168.1.31",52516,2,257,1,88,1,169
"192.168.1.31",52517,35,13780,18,6454,17,7326
"192.168.1.1",52518,2,884,2,884,0,0
"192.168.1.31",52526,2,257,1,88,1,169
"2001:14ba:a051:8c00:15a0:90ff:ab54:3867",52526,1,108,1,108,0,0
"192.168.1.31",52527,12,5493,6,2844,6,2649
"192.168.1.1",52529,6,2354,6,2354,0,0
"192.168.1.31",52530,2,174,1,79,1,95
"2001:14ba:a051:8c00:15a0:90ff:ab54:3867",52530,1,99,1,99,0,0
"192.168.1.31",52531,2,210,1,91,1,119
"192.168.1.1",52537,6,2354,6,2354,0,0
"192.168.1.1",52548,6,2354,6,2354,0,0
"192.168.1.31",52548,2,315,1,83,1,232
"192.168.1.31",52555,32,13402,15,4115,17,9287
"192.168.1.31",52557,2,192,1,88,1,104
"192.168.1.31",52558,2,243,1,86,1,157
"192.168.1.1",52561,6,2354,6,2354,0,0
"192.168.1.1",52562,1,353,1,353,0,0
"192.168.1.1",52564,2,884,2,884,0,0
"192.168.1.1",52566,2,884,2,884,0,0
"192.168.1.31",52568,34,15014,18,11322,16,3692
"192.168.1.31",52569,2,178,1,81,1,97
"192.168.1.1",52572,1,92,1,92,0,0
"192.168.1.31",52572,2,227,1,83,1,144
"192.168.1.31",52586,2,184,1,84,1,100
"2001:14ba:a051:8c00:15a0:90ff:ab54:3867",52586,1,104,1,104,0,0
"192.168.1.31",52600,2,178,1,75,1,103
"2001:14ba:a051:8c00:15a0:90ff:ab54:3867",52600,2,190,2,190,0,0
"192.168.1.31",52603,2,176,1,88,1,88
"2001:14ba:a051:8c00:15a0:90ff:ab54:3867",52603,1,108,1,108,0,0
"192.168.1.1",52604,2,884,2,884,0,0
"192.168.1.1",52605,1,92,1,92,0,0
"192.168.1.31",52609,2,154,1,69,1,85
"192.168.1.1",52610,2,884,2,884,0,0
"192.168.1.1",52617,1,92,1,92,0,0
"192.168.1.1",52624,6,2354,6,2354,0,0
"192.168.1.1",52627,6,2354,6,2354,0,0
"192.168.1.31",52631,2,229,1,84,1,145
"192.168.1.31",52632,2,215,1,83,1,132
"192.168.1.31",52636,4,390,2,173,2,217
"2001:14ba:a051:8c00:15a0:90ff:ab54:3867",52636,2,213,2,213,0,0
"192.168.1.1",52639,2,884,2,884,0,0
"192.168.1.1",52651,6,2354,6,2354,0,0
"192.168.1.31",52651,4,462,2,164,2,298
"2001:14ba:a051:8c00:15a0:90ff:ab54:3867",52651,2,204,2,204,0,0
"192.168.1.31",52652,4,848,4,848,0,0
"192.168.1.31",52653,4,868,4,868,0,0
"192.168.1.31",52668,2,215,1,83,1,132
"192.168.1.31",52677,18,5793,9,2562,9,3231
"192.168.1.31",52680,2,419,1,69,1,350
"192.168.1.1",52687,6,2652,6,2652,0,0
"192.168.1.1",52699,2,718,2,718,0,0
"192.168.1.31",52701,2,359,1,89,1,270
"192.168.1.1",52704,1,92,1,92,0,0
"192.168.1.1",52710,1,425,1,425,0,0
"192.168.1.1",52711,1,92,1,92,0,0
"192.168.1.31",52711,40,21529,18,7534,22,13995
"192.168.1.1",52716,6,2354,6,2354,0,0
"192.168.1.1",52720,1,92,1,92,0,0
"192.168.1.1",52729,2,884,2,884,0,0
"192.168.1.1",52734,2,884,2,884,0,0
"192.168.1.1",52736,1,427,1,427,0,0
"192.168.1.1",52740,6,2354,6,2354,0,0
"192.168.1.31",52742,2,222,1,83,1,139
"192.168.1.1",52744,6,2354,6,2354,0,0
"192.168.1.1",52746,1,310,1,310,0,0
"192.168.1.31",52747,2,226,1,83,1,143
"192.168.1.31",52748,2,168,1,76,1,92
"192.168.1.1",52751,7,2787,7,2787,0,0
"192.168.1.1",52762,6,2354,6,2354,0,0
"192.168.1.31",52762,2,156,1,78,1,78
"2001:14ba:a051:8c00:15a0:90ff:ab54:3867",52762,1,98,1,98,0,0
"192.168.1.31",52763,4,848,4,848,0,0
"192.168.1.31",52764,4,868,4,868,0,0
"192.168.1.31",52766,2,235,1,85,1,150
"192.168.1.1",52771,1,92,1,92,0,0
"192.168.1.1",52774,2,884,2,884,0,0
"192.168.1.31",52776,2,298,1,85,1,213
"192.168.1.1",52778,6,2354,6,2354,0,0
"192.168.1.1",52779,6,2354,6,2354,0,0
"192.168.1.31",52779,2,238,1,83,1,155
"192.168.1.31",52784,2,138,1,69,1,69
"192.168.1.31",52789,2,236,1,85,1,151
"192.168.1.31",52793,19,7017,9,4013,10,3004
"192.168.1.1",52795,6,2354,6,2354,0,0
"192.168.1.1",52796,1,425,1,425,0,0
"192.168.1.1",52799,2,884,2,884,0,0
"192.168.1.1",52802,6,2354,6,2354,0,0
"192.168.1.31",52804,2,315,1,83,1,232
"192.168.1.1",52807,6,2354,6,2354,0,0
"192.168.1.1",52811,1,92,1,92,0,0
"192.168.1.1",52815,6,2354,6,2354,0,0
"192.168.1.31",52815,2,229,1,84,1,145
"2001:14ba:a051:8c00:15a0:90ff:ab54:3867",52815,1,104,1,104,0,0
"192.168.1.31",52821,2,298,1,85,1,213
"192.168.1.1",52824,6,2354,6,2354,0,0
"192.168.1.31",52825,18,6955,9,4249,9,2706
"192.168.1.1",52829,2,884,2,884,0,0
"192.168.1.31",52833,2,296,1,77,1,219
"192.168.1.31",52836,106,38020,52,18750,54,19270
"192.168.1.1",52844,6,2354,6,2354,0,0
"192.168.1.31",52851,4,415,2,169,2,246
"2001:14ba:a051:8c00:15a0:90ff:ab54:3867",52851,2,209,2,209,0,0
"192.168.1.31",52853,2,253,1,83,1,170
"192.168.1.1",52856,1,427,1,427,0,0
"192.168.1.31",52864,30,15211,16,12201,14,3010
"192.168.1.1",52865,6,2354,6,2354,0,0
"192.168.1.31",52865,2,395,1,69,1,326
"192.168.1.1",52871,6,2354,6,2354,0,0
"192.168.1.31",52875,2,215,1,83,1,132
"192.168.1.1",52880,2,884,2,884,0,0
"192.168.1.31",52880,2,176,1,88,1,88
"2001:14ba:a051:8c00:15a0:90ff:ab54:3867",52880,1,108,1,108,0,0
"192.168.1.31",52881,12,5493,6,2844,6,2649
"192.168.1.1",52882,6,2354,6,2354,0,0
"192.168.1.31",52884,30,15153,16,12224,14,2929
"192.168.1.31",52889,2,172,1,78,1,94
"2001:14ba:a051:8c00:15a0:90ff:ab54:3867",52889,1,98,1,98,0,0
"192.168.1.1",52891,6,2354,6,2354,0,0
"192.168.1.1",52894,2,884,2,884,0,0
"192.168.1.31",52894,2,176,1,88,1,88
"2001:14ba:a051:8c00:15a0:90ff:ab54:3867",52894,1,108,1,108,0,0
"192.168.1.31",52895,12,5500,6,2850,6,2650
"192.168.1.1",52896,2,184,2,184,0,0
"192.168.1.31",52902,4,615,2,149,2,466
"2001:14ba:a051:8c00:15a0:90ff:ab54:3867",52902,1,100,1,100,0,0
"192.168.1.1",52905,2,884,2,884,0,0
"192.168.1.31",52906,2,154,1,69,1,85
"192.168.1.1",52915,1,92,1,92,0,0
"192.168.1.1",52920,2,884,2,884,0,0
"192.168.1.1",52921,2,884,2,884,0,0
"192.168.1.1",52922,6,2354,6,2354,0,0
"192.168.1.31",52922,2,201,1,71,1,130
"2001:14ba:a051:8c00:15a0:90ff:ab54:3867",52922,1,91,1,91,0,0
"192.168.1.31",52927,2,166,1,75,1,91
"192.168.1.1",52928,6,2354,6,2354,0,0
"192.168.1.1",52929,6,2354,6,2354,0,0
"192.168.1.31",52929,2,215,1,83,1,132
"192.168.1.31",52931,2,253,1,83,1,170
"192.168.1.31",52932,16,7027,8,4178,8,2849
"192.168.1.31",52936,18,6390,9,4009,9,2381
"192.168.1.31",52941,2,186,1,79,1,107
"2001:14ba:a051:8c00:15a0:90ff:ab54:3867",52941,1,99,1,99,0,0
"192.168.1.31",52942,18,9748,8,5320,10,4428
"192.168.1.1",52948,6,2354,6,2354,0,0
"192.168.1.31",52949,2,218,1,101,1,117
"192.168.1.31",52950,20,10835,10,3220,10,7615
"192.168.1.1",52951,6,2354,6,2354,0,0
"192.168.1.1",52954,3,976,3,976,0,0
"192.168.1.31",52960,2,178,1,81,1,97
"192.168.1.1",52964,1,310,1,310,0,0
"192.168.1.31",52972,19,8466,10,5908,9,2558
"192.168.1.31",52973,6,1042,5,937,1,105
"192.168.1.31",52974,4,868,4,868,0,0
"192.168.1.31",52975,2,315,1,83,1,232
"192.168.1.31",52978,2,182,1,83,1,99
"2001:14ba:a051:8c00:15a0:90ff:ab54:3867",52978,1,103,1,103,0,0
"192.168.1.31",52979,4,412,2,166,2,246
"2001:14ba:a051:8c00:15a0:90ff:ab54:3867",52979,1,111,1,111,0,0
"192.168.1.1",52981,2,884,2,884,0,0
"192.168.1.31",52981,14,5619,7,3191,7,2428
"192.168.1.31",52982,4,848,4,848,0,0
"192.168.1.31",52983,4,868,4,868,0,0
"192.168.1.1",52986,1,362,1,362,0,0
"192.168.1.1",52992,6,2354,6,2354,0,0
"192.168.1.31",52998,2,289,1,83,1,206
"192.168.1.31",53004,2,247,1,85,1,162
"192.168.1.31",53005,2,249,1,87,1,162
"192.168.1.31",53009,2,428,1,69,1,359
"192.168.1.1",53014,2,884,2,884,0,0
"192.168.1.31",53014,2,236,1,85,1,151
"192.168.1.31",53028,6,719,3,257,3,462
"192.168.1.31",53031,4,419,2,171,2,248
"192.168.1.31",53033,2,215,1,84,1,131
"2001:14ba:a051:8c00:15a0:90ff:ab54:3867",53033,1,104,1,104,0,0
"192.168.1.31",53034,4,408,2,163,2,245
"2001:14ba:a051:8c00:15a0:90ff:ab54:3867",53034,1,98,1,98,0,0
"192.168.1.31",53035,2,289,1,83,1,206
"192.168.1.31",53037,4,848,4,848,0,0
"192.168.1.31",53038,4,868,4,868,0,0
"192.168.1.31",53040,2,197,1,76,1,121
"2001:14ba:a051:8c00:15a0:90ff:ab54:3867",53040,1,96,1,96,0,0
"192.168.1.1",53049,1,425,1,425,0,0
"192.168.1.1",53050,6,2354,6,2354,0,0
"192.168.1.31",53052,2,395,1,69,1,326
"192.168.1.1",53055,2,884,2,884,0,0
"192.168.1.1",53057,2,884,2,884,0,0
"192.168.1.31",53057,2,255,1,90,1,165
"2001:14ba:a051:8c00:15a0:90ff:ab54:3867",53057,1,110,1,110,0,0
"192.168.1.31",53058,4,848,4,848,0,0
"192.168.1.31",53059,4,868,4,868,0,0
"192.168.1.31",53072,2,174,1,79,1,95
"2001:14ba:a051:8c00:15a0:90ff:ab54:3867",53072,1,99,1,99,0,0
"192.168.1.31",53073,2,224,1,85,1,139
"192.168.1.1",53075,3,1299,3,1299,0,0
"192.168.1.31",53077,2,215,1,83,1,132
"192.168.1.1",53080,3,1317,3,1317,0,0
"192.168.1.1",53088,8,3238,8,3238,0,0
"192.168.1.31",53091,2,192,1,88,1,104
"2001:14ba:a051:8c00:15a0:90ff:ab54:3867",53091,2,216,2,216,0,0
"192.168.1.31",53092,4,868,4,868,0,0
"192.168.1.1",53093,5,1860,5,1860,0,0
"192.168.1.31",53097,2,241,1,83,1,158
"192.168.1.1",53103,6,2354,6,2354,0,0
"192.168.1.1",53105,1,92,1,92,0,0
"192.168.1.1",53113,2,884,2,884,0,0
"192.168.1.31",53121,2,223,1,76,1,147
"192.168.1.31",53123,2,224,1,85,1,139
"2001:14ba:a051:8c00:15a0:90ff:ab54:3867",53123,1,105,1,105,0,0
"192.168.1.31",53127,2,194,1,89,1,105
"192.168.1.31",53129,2,186,1,85,1,101
"192.168.1.1",53132,7,2664,7,2664,0,0
"192.168.1.1",53137,6,2354,6,2354,0,0
"192.168.1.1",53143,2,884,2,884,0,0
"192.168.1.31",53143,18,8080,10,5500,8,2580
"192.168.1.1",53146,6,2354,6,2354,0,0
"192.168.1.1",53152,2,884,2,884,0,0
"192.168.1.1",53154,7,2664,7,2664,0,0
"192.168.1.1",53156,6,2354,6,2354,0,0
"192.168.1.31",53160,39,19457,21,16253,18,3204
"192.168.1.31",53161,2,201,1,71,1,130
"192.168.1.1",53169,2,884,2,884,0,0
"192.168.1.31",53172,2,424,1,69,1,355
"192.168.1.31",53174,2,220,1,83,1,137
"2001:14ba:a051:8c00:15a0:90ff:ab54:3867",53174,1,103,1,103,0,0
"192.168.1.31",53175,41,20239,22,16937,19,3302
"192.168.1.1",53176,7,2664,7,2664,0,0
"192.168.1.1",53184,2,884,2,884,0,0
"192.168.1.31",53185,4,439,2,162,2,277
"2001:14ba:a051:8c00:15a0:90ff:ab54:3867",53185,1,99,1,99,0,0
"192.168.1.31",53186,19,9909,7,5339,12,4570
"192.168.1.31",53190,2,190,1,81,1,109
"2001:14ba:a051:8c00:15a0:90ff:ab54:3867",53190,1,101,1,101,0,0
"192.168.1.31",53196,2,178,1,75,1,103
"2001:14ba:a051:8c00:15a0:90ff:ab54:3867",53196,1,95,1,95,0,0
"192.168.1.1",53198,8,3238,8,3238,0,0
"192.168.1.1",53199,6,2354,6,2354,0,0
"192.168.1.1",53209,2,884,2,884,0,0
"192.168.1.31",53210,2,241,1,83,1,158
"192.168.1.31",53211,2,208,1,90,1,118
"2001:14ba:a051:8c00:15a0:90ff:ab54:3867",53211,1,110,1,110,0,0
"192.168.1.31",53212,87,92785,10,2615,77,90170
"192.168.1.1",53213,6,2354,6,2354,0,0
"192.168.1.1",53214,2,884,2,884,0,0
"192.168.1.31",53215,2,395,1,69,1,326
"192.168.1.31",53217,2,289,1,83,1,206
"192.168.1.31",53218,2,198,1,85,1,113
"2001:14ba:a051:8c00:15a0:90ff:ab54:3867",53218,1,105,1,105,0,0
"192.168.1.31",53219,136,78768,48,12109,88,66659
"192.168.1.31",53224,2,404,1,69,1,335
"192.168.1.1",53230,1,353,1,353,0,0
"192.168.1.1",53243,1,433,1,433,0,0
"192.168.1.31",53244,2,236,1,85,1,151
"192.168.1.1",53248,1,362,1,362,0,0
"192.168.1.31",53248,2,361,1,91,1,270
"192.168.1.31",53249,4,868,4,868,0,0
"192.168.1.31",53258,2,279,1,78,1,201
"192.168.1.1",53260,6,2354,6,2354,0,0
"192.168.1.31",53260,2,224,1,85,1,139
"192.168.1.31",53261,36,15069,19,11396,17,3673
"192.168.1.1",53265,2,884,2,884,0,0
"192.168.1.31",53271,2,186,1,85,1,101
"2001:14ba:a051:8c00:15a0:90ff:ab54:3867",53271,1,105,1,105,0,0
"192.168.1.31",53275,2,186,1,85,1,101
"192.168.1.31",53278,2,254,1,71,1,183
"192.168.1.31",53279,20,9744,11,7119,9,2625
"2001:14ba:a051:8c00:15a0:90ff:ab54:3867",53279,1,104,1,104,0,0
"192.168.1.31",53280,2,236,1,85,1,151
"192.168.1.31",53283,4,405,2,166,2,239
"2001:14ba:a051:8c00:15a0:90ff:ab54:3867",53283,1,89,1,89,0,0
"192.168.1.1",53288,2,884,2,884,0,0
"192.168.1.31",53293,2,283,1,72,1,211
"2001:14ba:a051:8c00:15a0:90ff:ab54:3867",53293,1,92,1,92,0,0
"192.168.1.1",53297,1,92,1,92,0,0
"192.168.1.31",53298,4,488,2,166,2,322
"2001:14ba:a051:8c00:15a0:90ff:ab54:3867",53298,1,101,1,101,0,0
"192.168.1.31",53299,13,7384,5,1823,8,5561
"192.168.1.31",53300,239,252955,29,4550,210,248405
"192.168.1.31",53301,9416,11126628,523,73345,8893,11053283
"192.168.1.31",53302,2,166,1,75,1,91
"192.168.1.1",53306,6,2354,6,2354,0,0
"192.168.1.1",53309,1,353,1,353,0,0
"192.168.1.1",53311,1,415,1,415,0,0
"192.168.1.1",53313,6,2354,6,2354,0,0
"192.168.1.1",53317,1,427,1,427,0,0
"192.168.1.31",53317,4,848,4,848,0,0
"192.168.1.31",53318,4,868,4,868,0,0
"192.168.1.1",53323,6,2354,6,2354,0,0
"192.168.1.31",53323,2,289,1,83,1,206
"192.168.1.31",53327,2,215,1,83,1,132
"192.168.1.1",53328,6,2354,6,2354,0,0
"192.168.1.31",53329,4,586,2,152,2,434
"192.168.1.31",53331,2,267,1,97,1,170
"2001:14ba:a051:8c00:15a0:90ff:ab54:3867",53331,1,117,1,117,0,0
"192.168.1.1",53332,2,884,2,884,0,0
"192.168.1.1",53336,1,433,1,433,0,0
"192.168.1.31",53336,2,186,1,79,1,107
"2001:14ba:a051:8c00:15a0:90ff:ab54:3867",53336,1,99,1,99,0,0
"192.168.1.31",53337,19,9874,9,5389,10,4485
"192.168.1.31",53339,2,252,1,94,1,158
"2001:14ba:a051:8c00:15a0:90ff:ab54:3867",53339,1,114,1,114,0,0
"192.168.1.1",53340,2,884,2,884,0,0
"192.168.1.1",53341,6,2354,6,2354,0,0
"192.168.1.31",53348,2,186,1,76,1,110
"2001:14ba:a051:8c00:15a0:90ff:ab54:3867",53348,1,96,1,96,0,0
"192.168.1.31",53349,2,182,1,77,1,105
"192.168.1.1",53355,6,2354,6,2354,0,0
"192.168.1.31",53360,14,5713,7,3285,7,2428
"192.168.1.31",53361,4,848,4,848,0,0
"192.168.1.31",53362,4,868,4,868,0,0
"192.168.1.31",53363,14,5178,7,2769,7,2409
"192.168.1.31",53364,4,848,4,848,0,0
"192.168.1.31",53365,6,1096,5,940,1,156
"2001:14ba:a051:8c00:15a0:90ff:ab54:3867",53365,1,92,1,92,0,0
"192.168.1.1",53369,2,884,2,884,0,0
"192.168.1.31",53369,4,507,2,168,2,339
"192.168.1.31",53370,2,176,1,88,1,88
"2001:14ba:a051:8c00:15a0:90ff:ab54:3867",53370,1,108,1,108,0,0
"192.168.1.31",53371,12,5494,6,2844,6,2650
"192.168.1.1",53374,6,2354,6,2354,0,0
"192.168.1.31",53376,4,540,2,166,2,374
"2001:14ba:a051:8c00:15a0:90ff:ab54:3867",53376,1,108,1,108,0,0
"192.168.1.1",53380,2,884,2,884,0,0
"192.168.1.31",53386,2,222,1,83,1,139
"192.168.1.1",53390,2,884,2,884,0,0
"192.168.1.31",53401,2,298,1,85,1,213
"192.168.1.1",53411,1,369,1,369,0,0
"192.168.1.1",53412,1,92,1,92,0,0
"192.168.1.1",53421,6,2354,6,2354,0,0
"192.168.1.31",53423,2,174,1,79,1,95
"192.168.1.31",53425,2,223,1,76,1,147
"192.168.1.31",53429,2,234,1,92,1,142
"192.168.1.1",53442,2,884,2,884,0,0
"192.168.1.31",53442,2,206,1,89,1,117
"2001:14ba:a051:8c00:15a0:90ff:ab54:3867",53442,1,109,1,109,0,0
"192.168.1.31",53443,34,20188,15,4646,19,15542
"192.168.1.31",53444,2,227,1,83,1,144
"192.168.1.1",53448,1,92,1,92,0,0
"192.168.1.31",53452,2,247,1,85,1,162
"192.168.1.1",53453,2,884,2,884,0,0
"192.168.1.1",53455,6,2354,6,2354,0,0
"192.168.1.1",53456,1,417,1,417,0,0
"192.168.1.31",53456,2,192,1,88,1,104
"2001:14ba:a051:8c00:15a0:90ff:ab54:3867",53456,1,108,1,108,0,0
"192.168.1.1",53458,3,976,3,976,0,0
"192.168.1.31",53458,2,255,1,90,1,165
"2001:14ba:a051:8c00:15a0:90ff:ab54:3867",53458,2,220,2,220,0,0
"192.168.1.1",53460,1,433,1,433,0,0
"192.168.1.31",53462,33,17851,17,9099,16,8752
"192.168.1.31",53464,8,1716,8,1716,0,0
"192.168.1.1",53468,1,353,1,353,0,0
"192.168.1.1",53470,2,884,2,884,0,0
"192.168.1.1",53472,6,2354,6,2354,0,0
"192.168.1.31",53472,2,224,1,85,1,139
"192.168.1.31",53476,2,215,1,83,1,132
"192.168.1.31",53477,18,8397,9,5839,9,2558
"192.168.1.31",53478,4,848,4,848,0,0
"192.168.1.31",53479,4,868,4,868,0,0
"192.168.1.1",53482,2,884,2,884,0,0
"192.168.1.1",53483,1,427,1,427,0,0
"192.168.1.31",53484,4,474,2,165,2,309
"2001:14ba:a051:8c00:15a0:90ff:ab54:3867",53484,1,100,1,100,0,0
"192.168.1.31",53485,116,41925,56,19846,60,22079
"192.168.1.31",53494,2,289,1,83,1,206
"192.168.1.1",53495,6,2354,6,2354,0,0
"192.168.1.31",53495,34,11820,16,4190,18,7630
"192.168.1.1",53499,1,349,1,349,0,0
"192.168.1.31",53499,2,176,1,88,1,88
"192.168.1.31",53501,4,868,4,868,0,0
"192.168.1.31",53509,2,192,1,88,1,104
"192.168.1.31",53512,4,386,2,171,2,215
"2001:14ba:a051:8c00:15a0:90ff:ab54:3867",53512,2,216,2,216,0,0
"192.168.1.31",53513,6,1024,5,936,1,88
"2001:14ba:a051:8c00:15a0:90ff:ab54:3867",53513,1,108,1,108,0,0
"192.168.1.31",53514,4,868,4,868,0,0
"192.168.1.31",53521,2,253,1,83,1,170
"192.168.1.31",53522,18,7104,9,4278,9,2826
"192.168.1.1",53529,2,884,2,884,0,0
"192.168.1.1",53531,2,884,2,884,0,0
"192.168.1.31",53535,10,4635,3,1632,7,3003
"192.168.1.31",53536,2,224,1,85,1,139
"192.168.1.31",53538,27,8520,13,3504,14,5016
"192.168.1.1",53539,1,92,1,92,0,0
"192.168.1.31",53539,63,12541,31,5628,32,6913
"192.168.1.31",53547,2,166,1,75,1,91
"192.168.1.1",53553,6,2354,6,2354,0,0
"192.168.1.1",53554,1,362,1,362,0,0
"192.168.1.1",53559,6,2354,6,2354,0,0
"192.168.1.31",53559,2,224,1,85,1,139
"192.168.1.31",53564,2,227,1,83,1,144
"192.168.1.1",53565,6,2354,6,2354,0,0
"192.168.1.31",53568,98,48965,49,24119,49,24846
"192.168.1.1",53572,1,433,1,433,0,0
"192.168.1.31",53575,2,294,1,91,1,203
"192.168.1.1",53580,2,884,2,884,0,0
"192.168.1.1",53581,6,2354,6,2354,0,0
"192.168.1.1",53586,1,92,1,92,0,0
"192.168.1.31",53593,4,426,2,172,2,254
"2001:14ba:a051:8c00:15a0:90ff:ab54:3867",53593,1,107,1,107,0,0
"192.168.1.31",53595,2,215,1,84,1,131
"2001:14ba:a051:8c00:15a0:90ff:ab54:3867",53595,1,104,1,104,0,0
"192.168.1.31",53598,43,19326,19,4419,24,14907
"192.168.1.31",53601,4,646,2,140,2,506
"2001:14ba:a051:8c00:15a0:90ff:ab54:3867",53601,1,91,1,91,0,0
"192.168.1.31",53616,2,194,1,81,1,113
"2001:14ba:a051:8c00:15a0:90ff:ab54:3867",53616,1,101,1,101,0,0
"192.168.1.1",53622,1,415,1,415,0,0
"192.168.1.1",53625,6,2354,6,2354,0,0
"192.168.1.1",53629,6,2354,6,2354,0,0
"192.168.1.31",53629,2,289,1,83,1,206
"192.168.1.31",53630,4,460,2,163,2,297
"192.168.1.1",53631,2,884,2,884,0,0
"192.168.1.1",53633,1,92,1,92,0,0
"192.168.1.1",53637,6,2354,6,2354,0,0
"192.168.1.31",53639,2,287,1,72,1,215
"192.168.1.1",53643,2,884,2,884,0,0
"192.168.1.31",53649,4,477,2,159,2,318
"192.168.1.31",53655,14,6581,7,4097,7,2484
"192.168.1.31",53656,2,190,1,81,1,109
"2001:14ba:a051:8c00:15a0:90ff:ab54:3867",53656,1,101,1,101,0,0
"192.168.1.1",53657,2,884,2,884,0,0
"192.168.1.31",53657,4,471,2,170,2,301
"192.168.1.31",53659,2,235,1,85,1,150
"192.168.1.1",53663,1,92,1,92,0,0
"192.168.1.31",53666,2,232,1,83,1,149
"2001:14ba:a051:8c00:15a0:90ff:ab54:3867",53666,1,103,1,103,0,0
"192.168.1.1",53671,3,976,3,976,0,0
"192.168.1.1",53672,2,884,2,884,0,0
"192.168.1.31",53672,2,424,1,69,1,355
"192.168.1.31",53677,4,489,2,175,2,314
"2001:14ba:a051:8c00:15a0:90ff:ab54:3867",53677,1,112,1,112,0,0
"192.168.1.31",53679,2,176,1,88,1,88
"192.168.1.31",53686,2,176,1,74,1,102
"192.168.1.31",53689,29,11047,15,5330,14,5717
"192.168.1.31",53690,28,14982,15,12117,13,2865
"192.168.1.1",53691,2,441,2,441,0,0
"192.168.1.1",53692,6,2354,6,2354,0,0
"192.168.1.1",53697,2,884,2,884,0,0
"192.168.1.31",53697,2,224,1,85,1,139
"192.168.1.1",53700,2,884,2,884,0,0
"192.168.1.1",53706,6,2354,6,2354,0,0
"192.168.1.31",53706,2,419,1,69,1,350
"192.168.1.1",53708,1,433,1,433,0,0
"192.168.1.31",53711,2,222,1,71,1,151
"2001:14ba:a051:8c00:15a0:90ff:ab54:3867",53711,1,91,1,91,0,0
"192.168.1.31",53712,32,15856,14,3172,18,12684
"192.168.1.31",53714,2,247,1,85,1,162
"192.168.1.1",53722,2,884,2,884,0,0
"192.168.1.1",53723,6,2354,6,2354,0,0
"192.168.1.31",53724,2,289,1,83,1,206
"192.168.1.1",53725,1,349,1,349,0,0
"192.168.1.1",53726,6,2354,6,2354,0,0
"192.168.1.31",53727,2,253,1,74,1,179
"2001:14ba:a051:8c00:15a0:90ff:ab54:3867",53727,1,94,1,94,0,0
"192.168.1.1",53729,2,884,2,884,0,0
"192.168.1.31",53731,2,298,1,85,1,213
"192.168.1.1",53732,1,362,1,362,0,0
"192.168.1.31",53733,2,186,1,79,1,107
"2001:14ba:a051:8c00:15a0:90ff:ab54:3867",53733,1,99,1,99,0,0
"192.168.1.1",53738,1,415,1,415,0,0
"192.168.1.31",53738,2,271,1,92,1,179
"2001:14ba:a051:8c00:15a0:90ff:ab54:3867",53738,1,112,1,112,0,0
"192.168.1.1",53739,6,2354,6,2354,0,0
"192.168.1.1",53740,6,2354,6,2354,0,0
"192.168.1.31",53742,2,298,1,85,1,213
"192.168.1.31",53744,2,298,1,85,1,213
"192.168.1.1",53746,6,2354,6,2354,0,0
"192.168.1.31",53751,2,236,1,85,1,151
"192.168.1.1",53754,2,884,2,884,0,0
"192.168.1.31",53758,2,192,1,88,1,104
"192.168.1.31",53761,2,273,1,85,1,188
"192.168.1.31",53762,2,176,1,88,1,88
"2001:14ba:a051:8c00:15a0:90ff:ab54:3867",53762,1,108,1,108,0,0
"192.168.1.31",53763,12,5495,6,2846,6,2649
"192.168.1.31",53764,2,298,1,85,1,213
"192.168.1.1",53771,6,2354,6,2354,0,0
"192.168.1.1",53778,1,92,1,92,0,0
"192.168.1.1",53787,1,92,1,92,0,0
"192.168.1.31",53787,22,8188,12,4647,10,3541
"192.168.1.1",53788,2,884,2,884,0,0
"192.168.1.31",53791,2,162,1,81,1,81
"2001:14ba:a051:8c00:15a0:90ff:ab54:3867",53791,1,101,1,101,0,0
"192.168.1.31",53802,4,848,4,848,0,0
"192.168.1.31",53803,4,868,4,868,0,0
"192.168.1.31",53804,2,289,1,83,1,206
"192.168.1.31",53810,2,176,1,88,1,88
"192.168.1.31",53811,12,5499,6,2849,6,2650
"192.168.1.31",53816,2,253,1,83,1,170
"192.168.1.1",53818,2,884,2,884,0,0
"192.168.1.31",53818,2,235,1,85,1,150
"192.168.1.1",53820,1,92,1,92,0,0
"192.168.1.1",53821,2,884,2,884,0,0
"192.168.1.31",53822,2,236,1,85,1,151
"192.168.1.31",53823,2,238,1,79,1,159
"192.168.1.31",53824,18,8393,9,5835,9,2558
"192.168.1.31",53825,8,1236,6,1034,2,202
"192.168.1.31",53826,4,868,4,868,0,0
"192.168.1.31",53831,2,201,1,71,1,130
"2001:14ba:a051:8c00:15a0:90ff:ab54:3867",53831,1,91,1,91,0,0
"192.168.1.1",53833,6,2354,6,2354,0,0
"192.168.1.1",53835,1,92,1,92,0,0
"192.168.1.31",53840,27,8351,13,3504,14,4847
"192.168.1.31",53842,2,154,1,69,1,85
"2001:14ba:a051:8c00:15a0:90ff:ab54:3867",53842,1,89,1,89,0,0
"192.168.1.1",53843,6,2354,6,2354,0,0
"192.168.1.1",53845,2,884,2,884,0,0
"192.168.1.31",53850,2,227,1,83,1,144
"192.168.1.1",53852,2,884,2,884,0,0
"192.168.1.31",53853,14,5642,7,2859,7,2783
"192.168.1.1",53855,1,349,1,349,0,0
"192.168.1.31",53855,2,220,1,83,1,137
"192.168.1.1",53858,6,2354,6,2354,0,0
"192.168.1.1",53860,1,310,1,310,0,0
"192.168.1.31",53869,2,246,1,91,1,155
"2001:14ba:a051:8c00:15a0:90ff:ab54:3867",53869,1,111,1,111,0,0
"192.168.1.1",53875,2,884,2,884,0,0
"192.168.1.1",53877,6,2354,6,2354,0,0
"192.168.1.31",53877,2,226,1,83,1,143
"192.168.1.31",53879,22,9291,11,6070,11,3221
"192.168.1.31",53880,4,848,4,848,0,0
"192.168.1.31",53881,4,868,4,868,0,0
"192.168.1.31",53887,2,253,1,83,1,170
"192.168.1.31",53889,2,227,1,83,1,144
"192.168.1.1",53892,1,353,1,353,0,0
"192.168.1.31",53893,2,419,1,69,1,350
"192.168.1.1",53894,6,2354,6,2354,0,0
"192.168.1.1",53895,2,884,2,884,0,0
"192.168.1.31",53896,2,207,1,72,1,135
"2001:14ba:a051:8c00:15a0:90ff:ab54:3867",53896,1,92,1,92,0,0
"192.168.1.1",53897,1,92,1,92,0,0
"192.168.1.1",53900,2,884,2,884,0,0
"192.168.1.31",53908,2,204,1,74,1,130
"192.168.1.1",53910,2,884,2,884,0,0
"192.168.1.31",53910,2,182,1,83,1,99
"2001:14ba:a051:8c00:15a0:90ff:ab54:3867",53910,1,103,1,103,0,0
"192.168.1.1",53913,1,92,1,92,0,0
"192.168.1.31",53913,31,15238,17,12310,14,2928
"192.168.1.1",53915,6,2354,6,2354,0,0
"192.168.1.1",53917,1,92,1,92,0,0
"192.168.1.1",53919,2,884,2,884,0,0
"192.168.1.31",53921,2,197,1,79,1,118
"192.168.1.31",53924,2,224,1,85,1,139
"192.168.1.1",53928,6,2354,6,2354,0,0
"192.168.1.31",53933,2,227,1,83,1,144
"192.168.1.31",53935,2,166,1,75,1,91
"2001:14ba:a051:8c00:15a0:90ff:ab54:3867",53935,1,95,1,95,0,0
"192.168.1.1",53937,2,884,2,884,0,0
"192.168.1.31",53940,2,300,1,94,1,206
"192.168.1.1",53942,8,3238,8,3238,0,0
"192.168.1.31",53942,4,710,2,152,2,558
"192.168.1.1",53943,1,92,1,92,0,0
"192.168.1.31",53945,4,378,2,157,2,221
"2001:14ba:a051:8c00:15a0:90ff:ab54:3867",53945,1,99,1,99,0,0
"192.168.1.1",53952,2,884,2,884,0,0
"192.168.1.1",53954,1,92,1,92,0,0
"192.168.1.31",53954,2,253,1,83,1,170
"192.168.1.1",53959,6,2354,6,2354,0,0
"192.168.1.31",53965,2,224,1,85,1,139
"192.168.1.1",53968,6,2354,6,2354,0,0
"192.168.1.1",53976,1,92,1,92,0,0
"192.168.1.1",53977,6,2354,6,2354,0,0
"192.168.1.31",53980,2,258,1,86,1,172
"2001:14ba:a051:8c00:15a0:90ff:ab54:3867",53980,1,106,1,106,0,0
"192.168.1.1",53985,1,427,1,427,0,0
"192.168.1.31",53987,2,224,1,85,1,139
"192.168.1.1",53988,1,92,1,92,0,0
"192.168.1.31",53991,12,5038,6,2693,6,2345
"192.168.1.31",53992,4,848,4,848,0,0
"192.168.1.31",53993,6,1050,5,951,1,99
"2001:14ba:a051:8c00:15a0:90ff:ab54:3867",53993,1,103,1,103,0,0
"192.168.1.31",54000,2,166,1,75,1,91
"2001:14ba:a051:8c00:15a0:90ff:ab54:3867",54000,1,95,1,95,0,0
"192.168.1.31",54003,2,395,1,69,1,326
"192.168.1.31",54005,2,182,1,77,1,105
"2001:14ba:a051:8c00:15a0:90ff:ab54:3867",54005,1,97,1,97,0,0
"192.168.1.31",54010,2,298,1,85,1,213
"192.168.1.1",54011,6,2354,6,2354,0,0
"192.168.1.31",54011,4,546,2,181,2,365
"2001:14ba:a051:8c00:15a0:90ff:ab54:3867",54011,1,116,1,116,0,0
"192.168.1.1",54018,6,2354,6,2354,0,0
"192.168.1.31",54018,2,190,1,87,1,103
"2001:14ba:a051:8c00:15a0:90ff:ab54:3867",54018,1,107,1,107,0,0
"192.168.1.31",54019,2,215,1,83,1,132
"192.168.1.1",54022,6,2354,6,2354,0,0
"192.168.1.31",54024,2,207,1,73,1,134
"192.168.1.1",54025,6,2354,6,2354,0,0
"192.168.1.1",54026,6,2354,6,2354,0,0
"192.168.1.31",54033,919,80528,445,39285,474,41243
"192.168.1.31",54042,4,492,2,174,2,318
"2001:14ba:a051:8c00:15a0:90ff:ab54:3867",54042,1,109,1,109,0,0
"192.168.1.1",54048,2,884,2,884,0,0
"192.168.1.31",54051,4,471,2,170,2,301
"192.168.1.1",54054,2,884,2,884,0,0
"192.168.1.1",54057,2,884,2,884,0,0
"192.168.1.1",54061,3,976,3,976,0,0
"192.168.1.1",54074,1,92,1,92,0,0
"192.168.1.31",54077,14,6719,7,4096,7,2623
"192.168.1.31",54078,2,182,1,83,1,99
"192.168.1.1",54079,6,2354,6,2354,0,0
"192.168.1.31",54081,2,253,1,83,1,170
"192.168.1.31",54083,2,349,1,83,1,266
"2001:14ba:a051:8c00:15a0:90ff:ab54:3867",54083,1,103,1,103,0,0
"192.168.1.31",54084,6,1044,5,956,1,88
"2001:14ba:a051:8c00:15a0:90ff:ab54:3867",54084,1,108,1,108,0,0
"192.168.1.31",54088,2,198,1,91,1,107
"2001:14ba:a051:8c00:15a0:90ff:ab54:3867",54088,1,111,1,111,0,0
"192.168.1.31",54089,2,227,1,83,1,144
"192.168.1.1",54092,8,2873,8,2873,0,0
"192.168.1.1",54095,1,417,1,417,0,0
"192.168.1.31",54096,24,7748,12,3311,12,4437
"192.168.1.1",54097,2,884,2,884,0,0
"192.168.1.1",54098,2,884,2,884,0,0
"192.168.1.1",54099,1,92,1,92,0,0
"192.168.1.31",54100,2,262,1,91,1,171
"192.168.1.1",54101,12,4708,12,4708,0,0
"192.168.1.31",54102,2,188,1,86,1,102
"192.168.1.31",54103,2,298,1,85,1,213
"192.168.1.31",54104,2,174,1,79,1,95
"2001:14ba:a051:8c00:15a0:90ff:ab54:3867",54104,1,99,1,99,0,0
"192.168.1.31",54114,2,395,1,69,1,326
"192.168.1.1",54117,2,884,2,884,0,0
"192.168.1.31",54118,2,225,1,82,1,143
"192.168.1.31",54119,2,208,1,78,1,130
"192.168.1.31",54120,2,315,1,83,1,232
"192.168.1.31",54123,2,205,1,83,1,122
"192.168.1.1",54124,2,884,2,884,0,0
"192.168.1.31",54124,2,201,1,73,1,128
"192.168.1.31",54130,2,217,1,83,1,134
"192.168.1.31",54138,2,138,1,69,1,69
"192.168.1.1",54139,1,415,1,415,0,0
"192.168.1.31",54142,2,247,1,85,1,162
"192.168.1.31",54143,20,7875,10,3447,10,4428
"192.168.1.1",54148,2,884,2,884,0,0
"192.168.1.1",54151,6,2354,6,2354,0,0
"192.168.1.31",54154,2,241,1,84,1,157
"192.168.1.1",54156,2,884,2,884,0,0
"192.168.1.31",54158,16,5900,8,3407,8,2493
"192.168.1.1",54161,2,884,2,884,0,0
"192.168.1.1",54162,1,92,1,92,0,0
"192.168.1.31",54163,2,154,1,69,1,85
"192.168.1.31",54165,2,289,1,83,1,206
"192.168.1.31",54167,17,8326,9,5832,8,2494
"192.168.1.1",54168,2,884,2,884,0,0
"192.168.1.31",54169,2,186,1,79,1,107
"2001:14ba:a051:8c00:15a0:90ff:ab54:3867",54169,1,99,1,99,0,0
"192.168.1.31",54170,42,18556,20,6360,22,12196
"192.168.1.1",54173,1,349,1,349,0,0
"192.168.1.31",54174,2,424,1,69,1,355
"192.168.1.31",54180,2,176,1,88,1,88
"192.168.1.31",54181,12,4823,4,1712,8,3111
"2001:14ba:a051:8c00:15a0:90ff:ab54:3867",54181,1,100,1,100,0,0
"192.168.1.31",54183,2,182,1,83,1,99
"192.168.1.31",54184,2,215,1,84,1,131
"2001:14ba:a051:8c00:15a0:90ff:ab54:3867",54184,1,104,1,104,0,0
"192.168.1.1",54188,1,433,1,433,0,0
"192.168.1.31",54189,33,10069,16,4175,17,5894
"192.168.1.1",54192,1,92,1,92,0,0
"192.168.1.31",54193,4,431,2,161,2,270
"2001:14ba:a051:8c00:15a0:90ff:ab54:3867",54193,1,98,1,98,0,0
"192.168.1.1",54195,1,92,1,92,0,0
"192.168.1.31",54198,2,236,1,85,1,151
"192.168.1.1",54199,2,884,2,884,0,0
"192.168.1.31",54199,29,9946,15,5304,14,4642
"192.168.1.1",54201,6,2354,6,2354,0,0
"192.168.1.31",54202,2,208,1,90,1,118
"192.168.1.31",54203,920,956072,108,22448,812,933624
"192.168.1.1",54204,6,2354,6,2354,0,0
"192.168.1.1",54206,1,310,1,310,0,0
"192.168.1.31",54206,2,180,1,74,1,106
"192.168.1.31",54217,2,196,1,82,1,114
"2001:14ba:a051:8c00:15a0:90ff:ab54:3867",54217,1,102,1,102,0,0
"192.168.1.31",54219,14,5717,7,2858,7,2859
"192.168.1.1",54220,6,2354,6,2354,0,0
"192.168.1.31",54221,2,247,1,85,1,162
"192.168.1.1",54225,6,2354,6,2354,0,0
"192.168.1.1",54230,1,417,1,417,0,0
"192.168.1.31",54230,26,9660,13,6729,13,2931
"192.168.1.1",54231,2,884,2,884,0,0
"192.168.1.31",54231,15,5187,5,1786,10,3401
"192.168.1.31",54242,4,405,2,170,2,235
"192.168.1.1",54248,2,884,2,884,0,0
"192.168.1.31",54264,2,194,1,83,1,111
"192.168.1.31",54265,4,848,4,848,0,0
"192.168.1.31",54266,4,868,4,868,0,0
"192.168.1.1",54268,6,2354,6,2354,0,0
"192.168.1.31",54269,4,443,2,166,2,277
"192.168.1.31",54272,2,262,1,75,1,187
"2001:14ba:a051:8c00:15a0:90ff:ab54:3867",54272,1,95,1,95,0,0
"192.168.1.31",54273,4,848,4,848,0,0
"192.168.1.31",54274,54,26950,30,23291,24,3659
"192.168.1.31",54277,124,51970,62,25449,62,26521
"192.168.1.31",54278,32,16487,17,13494,15,2993
"192.168.1.31",54287,2,226,1,83,1,143
"192.168.1.1",54288,1,92,1,92,0,0
"192.168.1.1",54289,1,92,1,92,0,0
"192.168.1.1",54291,1,349,1,349,0,0
"192.168.1.31",54297,16,7340,8,4063,8,3277
"192.168.1.31",54300,2,214,1,73,1,141
"192.168.1.31",54304,2,209,1,76,1,133
"2001:14ba:a051:8c00:15a0:90ff:ab54:3867",54304,1,96,1,96,0,0
"192.168.1.31",54306,4,525,2,168,2,357
"192.168.1.1",54309,2,884,2,884,0,0
"192.168.1.31",54310,2,190,1,81,1,109
"192.168.1.1",54311,6,2354,6,2354,0,0
"192.168.1.31",54311,39,27674,12,2682,27,24992
"192.168.1.31",54314,2,170,1,77,1,93
"192.168.1.1",54320,1,92,1,92,0,0
"192.168.1.1",54323,2,884,2,884,0,0
"192.168.1.1",54325,6,2354,6,2354,0,0
"192.168.1.31",54328,2,207,1,78,1,129
"192.168.1.1",54331,2,884,2,884,0,0
"192.168.1.1",54332,2,884,2,884,0,0
"192.168.1.1",54333,6,2354,6,2354,0,0
"192.168.1.31",54335,2,272,1,97,1,175
"2001:14ba:a051:8c00:15a0:90ff:ab54:3867",54335,1,117,1,117,0,0
"192.168.1.1",54339,6,2354,6,2354,0,0
"192.168.1.31",54340,31,10510,15,4129,16,6381
"192.168.1.1",54350,3,1237,3,1237,0,0
"192.168.1.31",54351,2,226,1,83,1,143
"192.168.1.31",54357,2,199,1,75,1,124
"192.168.1.1",54360,6,2354,6,2354,0,0
"192.168.1.31",54361,2,210,1,97,1,113
"192.168.1.1",54368,6,2354,6,2354,0,0
"192.168.1.1",54369,1,92,1,92,0,0
"192.168.1.31",54370,2,227,1,83,1,144
"192.168.1.31",54372,2,289,1,83,1,206
"192.168.1.31",54375,2,194,1,97,1,97
"192.168.1.31",54382,16,7188,9,3971,7,3217
"192.168.1.31",54383,2,236,1,85,1,151
"192.168.1.31",54392,2,160,1,80,1,80
"2001:14ba:a051:8c00:15a0:90ff:ab54:3867",54392,1,100,1,100,0,0
"192.168.1.31",54393,49,33495,17,3057,32,30438
"192.168.1.1",54396,7,2664,7,2664,0,0
"192.168.1.31",54397,2,226,1,105,1,121
"192.168.1.1",54398,6,2354,6,2354,0,0
"192.168.1.31",54399,2,197,1,73,1,124
"2001:14ba:a051:8c00:15a0:90ff:ab54:3867",54399,2,186,2,186,0,0
"192.168.1.31",54408,13,5301,6,2718,7,2583
"192.168.1.31",54414,2,154,1,69,1,85
"2001:14ba:a051:8c00:15a0:90ff:ab54:3867",54414,1,89,1,89,0,0
"192.168.1.31",54417,2,241,1,83,1,158
"192.168.1.1",54422,1,92,1,92,0,0
"192.168.1.31",54423,2,194,1,83,1,111
"2001:14ba:a051:8c00:15a0:90ff:ab54:3867",54423,1,103,1,103,0,0
"192.168.1.31",54424,2,192,1,88,1,104
"2001:14ba:a051:8c00:15a0:90ff:ab54:3867",54424,2,216,2,216,0,0
"192.168.1.1",54428,1,92,1,92,0,0
"192.168.1.1",54429,1,92,1,92,0,0
"192.168.1.1",54430,1,415,1,415,0,0
"192.168.1.31",54431,2,138,1,69,1,69
"192.168.1.31",54433,4,868,4,868,0,0
"192.168.1.1",54434,2,884,2,884,0,0
"192.168.1.31",54434,2,315,1,83,1,232
"192.168.1.31",54437,2,216,1,94,1,122
"2001:14ba:a051:8c00:15a0:90ff:ab54:3867",54437,1,114,1,114,0,0
"192.168.1.31",54438,2,298,1,85,1,213
"192.168.1.31",54442,2,253,1,83,1,170
"192.168.1.31",54443,4,529,2,171,2,358
"192.168.1.31",54446,2,190,1,87,1,103
"192.168.1.1",54447,6,2354,6,2354,0,0
"192.168.1.1",54450,1,415,1,415,0,0
"192.168.1.31",54452,2,236,1,85,1,151
"192.168.1.31",54457,4,477,2,168,2,309
"192.168.1.31",54458,2,267,1,97,1,170
"2001:14ba:a051:8c00:15a0:90ff:ab54:3867",54458,1,117,1,117,0,0
"192.168.1.1",54459,2,884,2,884,0,0
"192.168.1.1",54462,2,884,2,884,0,0
"192.168.1.31",54464,2,176,1,88,1,88
"192.168.1.1",54465,2,884,2,884,0,0
"192.168.1.31",54465,32,14568,17,11568,15,3000
"192.168.1.31",54467,16,6885,8,4181,8,2704
"192.168.1.1",54469,1,369,1,369,0,0
"192.168.1.31",54470,2,138,1,69,1,69
"192.168.1.1",54471,1,92,1,92,0,0
"192.168.1.31",54475,22,7372,12,4268,10,3104
"192.168.1.31",54476,2,227,1,83,1,144
"192.168.1.31",54477,2,298,1,85,1,213
"192.168.1.31",54480,2,238,1,83,1,155
"192.168.1.31",54483,2,223,1,81,1,142
"2001:14ba:a051:8c00:15a0:90ff:ab54:3867",54483,1,101,1,101,0,0
"192.168.1.31",54488,2,424,1,69,1,355
"192.168.1.1",54491,2,884,2,884,0,0
"192.168.1.31",54496,2,198,1,91,1,107
"192.168.1.1",54498,2,884,2,884,0,0
"192.168.1.31",54498,2,154,1,69,1,85
"192.168.1.31",54504,2,227,1,83,1,144
"192.168.1.1",54505,2,884,2,884,0,0
"192.168.1.31",54505,2,221,1,80,1,141
"2001:14ba:a051:8c00:15a0:90ff:ab54:3867",54505,1,100,1,100,0,0
"192.168.1.1",54506,1,92,1,92,0,0
"192.168.1.1",54507,12,4708,12,4708,0,0
"192.168.1.1",54508,2,884,2,884,0,0
"192.168.1.31",54511,2,224,1,85,1,139
"192.168.1.1",54514,1,369,1,369,0,0
"192.168.1.1",54517,2,884,2,884,0,0
"192.168.1.31",54522,2,172,1,78,1,94
"2001:14ba:a051:8c00:15a0:90ff:ab54:3867",54522,1,98,1,98,0,0
"192.168.1.31",54532,2,174,1,79,1,95
"2001:14ba:a051:8c00:15a0:90ff:ab54:3867",54532,1,99,1,99,0,0
"192.168.1.31",54535,2,174,1,79,1,95
"2001:14ba:a051:8c00:15a0:90ff:ab54:3867",54535,1,99,1,99,0,0
"192.168.1.31",54536,2,315,1,83,1,232
"192.168.1.31",54538,2,178,1,81,1,97
"192.168.1.31",54541,4,442,2,166,2,276
"192.168.1.31",54543,2,235,1,85,1,150
"192.168.1.1",54544,2,884,2,884,0,0
"192.168.1.31",54553,2,227,1,83,1,144
"192.168.1.1",54557,6,2354,6,2354,0,0
"192.168.1.1",54558,1,310,1,310,0,0
"192.168.1.31",54559,2,223,1,76,1,147
"192.168.1.31",54560,2,176,1,88,1,88
"2001:14ba:a051:8c00:15a0:90ff:ab54:3867",54560,1,108,1,108,0,0
"192.168.1.31",54561,12,5497,6,2847,6,2650
"192.168.1.1",54563,1,369,1,369,0,0
"192.168.1.31",54565,2,241,1,83,1,158
"192.168.1.31",54567,2,227,1,83,1,144
"192.168.1.31",54568,2,296,1,77,1,219
"2001:14ba:a051:8c00:15a0:90ff:ab54:3867",54568,1,97,1,97,0,0
"192.168.1.31",54573,2,166,1,75,1,91
"2001:14ba:a051:8c00:15a0:90ff:ab54:3867",54573,1,95,1,95,0,0
"192.168.1.1",54577,7,2771,7,2771,0,0
"192.168.1.1",54578,2,884,2,884,0,0
"192.168.1.31",54579,2,298,1,85,1,213
"2001:14ba:a051:8c00:15a0:90ff:ab54:3867",54581,1,105,1,105,0,0
"192.168.1.31",54588,2,342,1,85,1,257
"192.168.1.1",54590,2,884,2,884,0,0
"192.168.1.31",54590,2,310,1,85,1,225
"2001:14ba:a051:8c00:15a0:90ff:ab54:3867",54590,1,105,1,105,0,0
"192.168.1.31",54593,2,267,1,97,1,170
"192.168.1.1",54594,1,92,1,92,0,0
"192.168.1.31",54594,4,848,4,848,0,0
"192.168.1.31",54595,4,868,4,868,0,0
"192.168.1.1",54598,1,310,1,310,0,0
"192.168.1.1",54601,1,92,1,92,0,0
"192.168.1.1",54609,7,2446,7,2446,0,0
"192.168.1.1",54611,1,92,1,92,0,0
"192.168.1.31",54611,2,298,1,85,1,213
"192.168.1.1",54612,2,884,2,884,0,0
"192.168.1.31",54613,2,199,1,74,1,125
"2001:14ba:a051:8c00:15a0:90ff:ab54:3867",54613,1,94,1,94,0,0
"192.168.1.31",54616,2,205,1,83,1,122
"192.168.1.31",54617,62,12516,33,5054,29,7462
"192.168.1.31",54618,4,848,4,848,0,0
"192.168.1.31",54619,4,868,4,868,0,0
"192.168.1.31",54621,2,289,1,83,1,206
"192.168.1.31",54624,16,5960,8,3401,8,2559
"2001:14ba:a051:8c00:15a0:90ff:ab54:3867",54624,1,91,1,91,0,0
"192.168.1.1",54626,2,884,2,884,0,0
"192.168.1.31",54627,2,395,1,69,1,326
"192.168.1.31",54629,2,197,1,76,1,121
"192.168.1.1",54636,7,2446,7,2446,0,0
"192.168.1.31",54636,2,194,1,89,1,105
"2001:14ba:a051:8c00:15a0:90ff:ab54:3867",54636,1,109,1,109,0,0
"192.168.1.31",54638,2,235,1,85,1,150
"192.168.1.31",54640,2,168,1,76,1,92
"2001:14ba:a051:8c00:15a0:90ff:ab54:3867",54640,1,96,1,96,0,0
"192.168.1.31",54641,4,868,4,868,0,0
"192.168.1.1",54642,2,884,2,884,0,0
"192.168.1.1",54643,12,4708,12,4708,0,0
"192.168.1.31",54643,2,326,1,72,1,254
"192.168.1.31",54644,2,298,1,85,1,213
"192.168.1.31",54646,2,224,1,85,1,139
"2001:14ba:a051:8c00:15a0:90ff:ab54:3867",54646,1,105,1,105,0,0
"192.168.1.1",54647,2,884,2,884,0,0
"192.168.1.1",54649,1,353,1,353,0,0
"192.168.1.31",54650,2,138,1,69,1,69
"192.168.1.31",54651,4,848,4,848,0,0
"192.168.1.31",54652,4,868,4,868,0,0
"192.168.1.1",54653,2,884,2,884,0,0
"192.168.1.31",54653,12,4783,5,1779,7,3004
"192.168.1.1",54654,2,884,2,884,0,0
"192.168.1.31",54654,11,4710,4,1706,7,3004
"192.168.1.31",54655,10,4635,3,1632,7,3003
"192.168.1.1",54659,2,884,2,884,0,0
"192.168.1.1",54661,6,2354,6,2354,0,0
"192.168.1.1",54662,2,884,2,884,0,0
"192.168.1.1",54665,8,3238,8,3238,0,0
"192.168.1.31",54666,2,214,1,75,1,139
"2001:14ba:a051:8c00:15a0:90ff:ab54:3867",54666,1,95,1,95,0,0
"192.168.1.31",54667,16,7112,8,4621,8,2491
"192.168.1.31",54668,4,848,4,848,0,0
"192.168.1.31",54669,4,868,4,868,0,0
"192.168.1.31",54671,2,226,1,83,1,143
"192.168.1.31",54672,110,47859,54,23295,56,24564
"192.168.1.1",54674,2,884,2,884,0,0
"192.168.1.31",54678,4,362,2,164,2,198
"192.168.1.31",54679,15,7040,7,2923,8,4117
"192.168.1.1",54682,2,884,2,884,0,0
"192.168.1.1",54686,6,2354,6,2354,0,0
"192.168.1.1",54698,6,2354,6,2354,0,0
"192.168.1.31",54701,2,156,1,78,1,78
"192.168.1.1",54702,7,2707,7,2707,0,0
"192.168.1.31",54704,2,236,1,85,1,151
"192.168.1.1",54705,6,2354,6,2354,0,0
"192.168.1.1",54709,6,2354,6,2354,0,0
"192.168.1.1",54710,1,362,1,362,0,0
"192.168.1.1",54711,6,2354,6,2354,0,0
"192.168.1.31",54711,2,232,1,83,1,149
"2001:14ba:a051:8c00:15a0:90ff:ab54:3867",54711,1,103,1,103,0,0
"192.168.1.31",54712,2,340,1,94,1,246
"2001:14ba:a051:8c00:15a0:90ff:ab54:3867",54712,1,114,1,114,0,0
"192.168.1.1",54715,1,417,1,417,0,0
"192.168.1.31",54716,2,241,1,84,1,157
"2001:14ba:a051:8c00:15a0:90ff:ab54:3867",54716,1,104,1,104,0,0
"192.168.1.31",54720,15,7512,8,5083,7,2429
"192.168.1.31",54724,30,15784,16,12472,14,3312
"192.168.1.1",54726,6,2354,6,2354,0,0
"192.168.1.1",54734,1,417,1,417,0,0
"192.168.1.1",54739,2,884,2,884,0,0
"192.168.1.31",54739,2,215,1,83,1,132
"192.168.1.31",54740,2,224,1,85,1,139
"192.168.1.31",54742,2,182,1,83,1,99
"192.168.1.31",54746,2,154,1,69,1,85
"192.168.1.31",54747,2,236,1,85,1,151
"192.168.1.1",54749,1,92,1,92,0,0
"192.168.1.31",54749,2,194,1,89,1,105
"192.168.1.31",54754,2,227,1,83,1,144
"192.168.1.31",54756,2,201,1,71,1,130
"192.168.1.1",54769,1,92,1,92,0,0
"192.168.1.1",54772,2,884,2,884,0,0
"192.168.1.31",54775,2,204,1,80,1,124
"2001:14ba:a051:8c00:15a0:90ff:ab54:3867",54775,1,100,1,100,0,0
"192.168.1.31",54778,2,237,1,82,1,155
"2001:14ba:a051:8c00:15a0:90ff:ab54:3867",54778,1,102,1,102,0,0
"192.168.1.31",54779,26,17231,10,5512,16,11719
"192.168.1.31",54783,2,224,1,85,1,139
"192.168.1.1",54784,6,2354,6,2354,0,0
"192.168.1.1",54785,2,884,2,884,0,0
"192.168.1.1",54787,6,2354,6,2354,0,0
"192.168.1.31",54789,2,232,1,83,1,149
"192.168.1.1",54796,2,884,2,884,0,0
"192.168.1.31",54796,2,259,1,78,1,181
"192.168.1.31",54805,2,260,1,71,1,189
"2001:14ba:a051:8c00:15a0:90ff:ab54:3867",54805,1,91,1,91,0,0
"192.168.1.31",54807,2,238,1,91,1,147
"192.168.1.31",54814,2,298,1,85,1,213
"192.168.1.1",54815,1,310,1,310,0,0
"192.168.1.31",54816,2,289,1,83,1,206
"192.168.1.1",54817,6,2354,6,2354,0,0
"192.168.1.31",54817,4,848,4,848,0,0
"192.168.1.1",54818,6,2354,6,2354,0,0
"192.168.1.31",54818,4,868,4,868,0,0
"192.168.1.31",54819,2,244,1,94,1,150
"192.168.1.1",54824,6,2354,6,2354,0,0
"192.168.1.31",54825,2,154,1,69,1,85
"192.168.1.1",54827,6,2354,6,2354,0,0
"192.168.1.31",54828,2,227,1,83,1,144
"192.168.1.31",54829,2,215,1,83,1,132
"192.168.1.1",54830,7,2787,7,2787,0,0
"192.168.1.31",54836,2,215,1,83,1,132
"192.168.1.31",54842,2,236,1,85,1,151
"192.168.1.1",54860,1,92,1,92,0,0
"192.168.1.31",54863,2,192,1,88,1,104
"192.168.1.1",54864,2,884,2,884,0,0
"192.168.1.31",54864,2,224,1,85,1,139
"192.168.1.31",54866,2,241,1,83,1,158
"192.168.1.31",54873,2,154,1,69,1,85
"192.168.1.31",54874,31,13871,16,10489,15,3382
"192.168.1.31",54880,2,224,1,85,1,139
"192.168.1.1",54883,2,884,2,884,0,0
"192.168.1.1",54884,1,92,1,92,0,0
"192.168.1.31",54886,2,166,1,75,1,91
"192.168.1.1",54893,2,884,2,884,0,0
"192.168.1.31",54898,2,395,1,69,1,326
"192.168.1.1",54899,6,2354,6,2354,0,0
"192.168.1.1",54904,1,92,1,92,0,0
"192.168.1.31",54904,2,215,1,83,1,132
"192.168.1.1",54905,2,884,2,884,0,0
"192.168.1.1",54907,2,884,2,884,0,0
"192.168.1.1",54908,6,2354,6,2354,0,0
"192.168.1.31",54917,14,5696,7,2611,7,3085
"192.168.1.31",54918,2,256,1,76,1,180
"192.168.1.1",54928,6,2354,6,2354,0,0
"192.168.1.31",54929,2,395,1,69,1,326
"192.168.1.1",54931,8,3238,8,3238,0,0
"192.168.1.1",54937,6,2354,6,2354,0,0
"192.168.1.31",54941,2,194,1,83,1,111
"2001:14ba:a051:8c00:15a0:90ff:ab54:3867",54941,1,103,1,103,0,0
"192.168.1.31",54954,2,224,1,98,1,126
"192.168.1.31",54956,2,240,1,88,1,152
"192.168.1.31",54962,2,289,1,83,1,206
"192.168.1.31",54965,46,19973,24,16432,22,3541
"192.168.1.31",54967,2,198,1,85,1,113
"192.168.1.31",54971,2,240,1,88,1,152
"192.168.1.31",54973,2,235,1,85,1,150
"192.168.1.1",54974,1,92,1,92,0,0
"192.168.1.31",54974,2,138,1,69,1,69
"192.168.1.31",54976,2,234,1,76,1,158
"192.168.1.31",54977,27,11684,14,4643,13,7041
"192.168.1.1",54980,2,884,2,884,0,0
"192.168.1.1",54983,1,369,1,369,0,0
"192.168.1.31",54985,2,236,1,78,1,158
"192.168.1.31",54989,4,722,2,154,2,568
"192.168.1.31",54994,2,168,1,76,1,92
"2001:14ba:a051:8c00:15a0:90ff:ab54:3867",54994,1,96,1,96,0,0
"192.168.1.31",55000,2,391,1,69,1,322
"192.168.1.31",55002,2,395,1,69,1,326
"192.168.1.31",55007,4,848,4,848,0,0
"192.168.1.31",55010,2,404,1,69,1,335
"192.168.1.31",55011,2,182,1,83,1,99
"2001:14ba:a051:8c00:15a0:90ff:ab54:3867",55011,1,103,1,103,0,0
"192.168.1.31",55012,2,224,1,85,1,139
"192.168.1.31",55013,2,208,1,78,1,130
"192.168.1.31",55014,2,315,1,83,1,232
"192.168.1.31",55015,4,413,2,166,2,247
"2001:14ba:a051:8c00:15a0:90ff:ab54:3867",55015,1,101,1,101,0,0
"192.168.1.31",55019,19,7608,10,3161,9,4447
"192.168.1.1",55020,2,884,2,884,0,0
"192.168.1.31",55027,2,315,1,83,1,232
"192.168.1.1",55028,1,92,1,92,0,0
"192.168.1.31",55039,4,726,2,154,2,572
"192.168.1.31",55042,4,615,2,170,2,445
"2001:14ba:a051:8c00:15a0:90ff:ab54:3867",55042,1,107,1,107,0,0
"192.168.1.31",55045,2,215,1,83,1,132
"192.168.1.31",55049,2,293,1,74,1,219
"2001:14ba:a051:8c00:15a0:90ff:ab54:3867",55049,1,94,1,94,0,0
"192.168.1.1",55054,6,2354,6,2354,0,0
"192.168.1.31",55060,2,178,1,81,1,97
"2001:14ba:a051:8c00:15a0:90ff:ab54:3867",55060,1,101,1,101,0,0
"192.168.1.1",55067,6,2354,6,2354,0,0
"192.168.1.1",55068,6,2354,6,2354,0,0
"192.168.1.31",55070,31,9870,15,4118,16,5752
"192.168.1.1",55072,1,362,1,362,0,0
"192.168.1.31",55073,616,238063,289,75109,327,162954
"192.168.1.31",55074,2,298,1,85,1,213
"192.168.1.31",55075,4,454,2,163,2,291
"192.168.1.31",55076,4,848,4,848,0,0
"192.168.1.31",55077,4,868,4,868,0,0
"192.168.1.1",55080,1,310,1,310,0,0
"192.168.1.31",55081,2,315,1,83,1,232
"192.168.1.1",55086,2,884,2,884,0,0
"192.168.1.1",55091,2,884,2,884,0,0
"192.168.1.1",55092,1,353,1,353,0,0
"192.168.1.1",55094,1,415,1,415,0,0
"192.168.1.1",55098,6,2354,6,2354,0,0
"192.168.1.1",55102,2,884,2,884,0,0
"192.168.1.1",55107,6,2354,6,2354,0,0
"192.168.1.31",55107,2,289,1,83,1,206
"192.168.1.1",55111,1,362,1,362,0,0
"192.168.1.1",55114,6,2354,6,2354,0,0
"192.168.1.31",55116,2,201,1,71,1,130
"2001:14ba:a051:8c00:15a0:90ff:ab54:3867",55116,1,91,1,91,0,0
"192.168.1.31",55120,1057,1259016,501,642668,556,616348
"192.168.1.31",55126,2,176,1,88,1,88
"2001:14ba:a051:8c00:15a0:90ff:ab54:3867",55126,1,108,1,108,0,0
"192.168.1.31",55127,14,5731,7,2930,7,2801
"192.168.1.1",55128,6,2354,6,2354,0,0
"192.168.1.31",55128,2,182,1,83,1,99
"2001:14ba:a051:8c00:15a0:90ff:ab54:3867",55128,1,103,1,103,0,0
"192.168.1.31",55129,2,236,1,85,1,151
"192.168.1.31",55130,2,223,1,76,1,147
"192.168.1.1",55131,6,2354,6,2354,0,0
"192.168.1.31",55138,2,236,1,85,1,151
"192.168.1.31",55142,122,20374,122,20374,0,0
"192.168.1.31",55143,2,222,1,71,1,151
"192.168.1.31",55147,2,189,1,75,1,114
"192.168.1.31",55155,2,154,1,69,1,85
"192.168.1.31",55156,2,349,1,83,1,266
"2001:14ba:a051:8c00:15a0:90ff:ab54:3867",55156,1,103,1,103,0,0
"192.168.1.1",55157,1,92,1,92,0,0
"192.168.1.31",55157,4,848,4,848,0,0
"192.168.1.31",55158,4,868,4,868,0,0
"192.168.1.31",55160,2,198,1,85,1,113
"192.168.1.31",55161,30,14141,13,6072,17,8069
"192.168.1.1",55164,2,884,2,884,0,0
"192.168.1.31",55164,2,235,1,85,1,150
"192.168.1.1",55167,6,2354,6,2354,0,0
"192.168.1.31",55168,2,235,1,85,1,150
"192.168.1.1",55169,2,884,2,884,0,0
"192.168.1.31",55169,12,4782,5,1779,7,3003
"192.168.1.1",55170,1,92,1,92,0,0
"192.168.1.31",55177,2,257,1,88,1,169
"2001:14ba:a051:8c00:15a0:90ff:ab54:3867",55177,1,108,1,108,0,0
"192.168.1.31",55178,13,5568,7,2918,6,2650
"192.168.1.1",55179,1,92,1,92,0,0
"192.168.1.1",55183,1,433,1,433,0,0
"192.168.1.1",55192,2,884,2,884,0,0
"192.168.1.31",55192,2,315,1,83,1,232
"192.168.1.1",55193,6,2354,6,2354,0,0
"192.168.1.1",55194,1,92,1,92,0,0
"192.168.1.31",55197,2,208,1,90,1,118
"2001:14ba:a051:8c00:15a0:90ff:ab54:3867",55197,1,110,1,110,0,0
"192.168.1.1",55198,1,310,1,310,0,0
"192.168.1.1",55203,12,4708,12,4708,0,0
"192.168.1.1",55205,18,7062,18,7062,0,0
"192.168.1.31",55205,2,217,1,76,1,141
"2001:14ba:a051:8c00:15a0:90ff:ab54:3867",55205,1,96,1,96,0,0
"192.168.1.31",55206,20,9578,8,2321,12,7257
"192.168.1.31",55215,2,243,1,86,1,157
"192.168.1.31",55217,2,238,1,83,1,155
"192.168.1.1",55218,2,884,2,884,0,0
"192.168.1.31",55223,2,138,1,69,1,69
"192.168.1.1",55228,2,884,2,884,0,0
"192.168.1.1",55229,2,884,2,884,0,0
"192.168.1.1",55235,1,310,1,310,0,0
"192.168.1.31",55235,4,417,2,147,2,270
"192.168.1.31",55236,2,190,1,79,1,111
"192.168.1.1",55239,2,884,2,884,0,0
"192.168.1.31",55240,2,210,1,91,1,119
"192.168.1.31",55242,2,236,1,85,1,151
"192.168.1.1",55244,2,884,2,884,0,0
"192.168.1.1",55246,1,92,1,92,0,0
"192.168.1.31",55248,2,236,1,85,1,151
"192.168.1.31",55251,23,8879,11,3535,12,5344
"192.168.1.1",55252,2,884,2,884,0,0
"192.168.1.1",55255,2,884,2,884,0,0
"192.168.1.31",55255,4,498,2,172,2,326
"2001:14ba:a051:8c00:15a0:90ff:ab54:3867",55255,1,104,1,104,0,0
"192.168.1.1",55256,6,2354,6,2354,0,0
"192.168.1.31",55256,4,401,2,162,2,239
"192.168.1.1",55258,2,884,2,884,0,0
"192.168.1.31",55259,16,6921,8,4171,8,2750
"192.168.1.1",55261,3,1246,3,1246,0,0
"192.168.1.1",55267,2,884,2,884,0,0
"192.168.1.31",55268,2,194,1,89,1,105
"192.168.1.31",55269,31,16436,17,13507,14,2929
"192.168.1.1",55270,2,884,2,884,0,0
"192.168.1.1",55273,4,1768,4,1768,0,0
"192.168.1.31",55277,4,366,2,155,2,211
"2001:14ba:a051:8c00:15a0:90ff:ab54:3867",55277,1,100,1,100,0,0
"192.168.1.1",55280,2,884,2,884,0,0
"192.168.1.31",55282,2,242,1,89,1,153
"192.168.1.31",55289,2,270,1,91,1,179
"2001:14ba:a051:8c00:15a0:90ff:ab54:3867",55289,1,111,1,111,0,0
"192.168.1.1",55290,1,92,1,92,0,0
"192.168.1.31",55290,2,190,1,79,1,111
"192.168.1.1",55292,7,2446,7,2446,0,0
"192.168.1.31",55294,4,434,2,165,2,269
"2001:14ba:a051:8c00:15a0:90ff:ab54:3867",55294,1,111,1,111,0,0
"192.168.1.31",55295,6,1095,5,933,1,162
"192.168.1.1",55298,2,884,2,884,0,0
"192.168.1.31",55298,2,254,1,71,1,183
"192.168.1.31",55299,23,10390,11,2521,12,7869
"192.168.1.1",55302,6,2354,6,2354,0,0
"192.168.1.31",55302,4,488,2,166,2,322
"2001:14ba:a051:8c00:15a0:90ff:ab54:3867",55302,1,101,1,101,0,0
"192.168.1.1",55303,1,92,1,92,0,0
"192.168.1.31",55303,4,848,4,848,0,0
"192.168.1.31",55307,2,211,1,76,1,135
"192.168.1.31",55310,2,138,1,69,1,69
"192.168.1.1",55311,2,884,2,884,0,0
"192.168.1.31",55311,2,222,1,83,1,139
"192.168.1.31",55314,2,176,1,80,1,96
"192.168.1.31",55315,2,238,1,83,1,155
"192.168.1.1",55320,7,2723,7,2723,0,0
"192.168.1.31",55322,2,166,1,83,1,83
"2001:14ba:a051:8c00:15a0:90ff:ab54:3867",55322,1,103,1,103,0,0
"192.168.1.1",55326,2,884,2,884,0,0
"192.168.1.31",55326,2,176,1,88,1,88
"2001:14ba:a051:8c00:15a0:90ff:ab54:3867",55326,1,108,1,108,0,0
"192.168.1.31",55327,12,5495,6,2845,6,2650
"192.168.1.1",55329,1,92,1,92,0,0
"192.168.1.31",55330,2,237,1,77,1,160
"192.168.1.31",55332,43,18217,23,14014,20,4203
"192.168.1.31",55333,4,848,4,848,0,0
"192.168.1.1",55334,6,2354,6,2354,0,0
"192.168.1.31",55334,4,868,4,868,0,0
"192.168.1.1",55341,2,884,2,884,0,0
"192.168.1.31",55344,2,235,1,85,1,150
"192.168.1.1",55347,1,92,1,92,0,0
"192.168.1.1",55357,2,884,2,884,0,0
"192.168.1.1",55362,1,417,1,417,0,0
"192.168.1.31",55366,2,224,1,85,1,139
"192.168.1.31",55376,2,156,1,78,1,78
"192.168.1.31",55377,136,50679,70,24812,66,25867
"192.168.1.31",55384,2,224,1,85,1,139
"2001:14ba:a051:8c00:15a0:90ff:ab54:3867",55384,1,105,1,105,0,0
"192.168.1.31",55392,2,215,1,83,1,132
"192.168.1.31",55393,2,194,1,83,1,111
"192.168.1.31",55394,2,215,1,83,1,132
"192.168.1.1",55397,1,369,1,369,0,0
"192.168.1.31",55408,2,290,1,85,1,205
"2001:14ba:a051:8c00:15a0:90ff:ab54:3867",55408,1,105,1,105,0,0
"192.168.1.31",55410,2,176,1,80,1,96
"2001:14ba:a051:8c00:15a0:90ff:ab54:3867",55410,1,100,1,100,0,0
"192.168.1.31",55412,2,138,1,69,1,69
"192.168.1.1",55422,6,2354,6,2354,0,0
"192.168.1.31",55425,4,544,2,173,2,371
"192.168.1.31",55431,2,298,1,85,1,213
"192.168.1.1",55443,3,976,3,976,0,0
"192.168.1.1",55444,1,433,1,433,0,0
"192.168.1.31",55446,65,62329,29,31625,36,30704
"192.168.1.31",55447,35,19377,15,3004,20,16373
"192.168.1.31",55460,2,168,1,76,1,92
"192.168.1.31",55465,2,206,1,89,1,117
"2001:14ba:a051:8c00:15a0:90ff:ab54:3867",55465,1,109,1,109,0,0
"192.168.1.1",55467,1,92,1,92,0,0
"192.168.1.1",55468,2,884,2,884,0,0
"192.168.1.31",55478,2,235,1,85,1,150
"192.168.1.31",55479,2,349,1,83,1,266
"2001:14ba:a051:8c00:15a0:90ff:ab54:3867",55479,1,103,1,103,0,0
"192.168.1.1",55480,2,884,2,884,0,0
"192.168.1.1",55485,6,2354,6,2354,0,0
"192.168.1.31",55489,2,298,1,85,1,213
"192.168.1.1",55490,1,92,1,92,0,0
"192.168.1.31",55492,2,202,1,87,1,115
"2001:14ba:a051:8c00:15a0:90ff:ab54:3867",55492,1,107,1,107,0,0
"192.168.1.1",55494,1,92,1,92,0,0
"192.168.1.1",55497,1,92,1,92,0,0
"192.168.1.31",55505,2,154,1,69,1,85
"192.168.1.31",55508,4,387,2,156,2,231
"192.168.1.1",55516,6,2354,6,2354,0,0
"192.168.1.31",55517,2,255,1,90,1,165
"2001:14ba:a051:8c00:15a0:90ff:ab54:3867",55517,2,220,2,220,0,0
"192.168.1.31",55518,2,361,1,83,1,278
"192.168.1.1",55520,2,884,2,884,0,0
"192.168.1.31",55520,2,206,1,89,1,117
"192.168.1.31",55521,38,21944,17,4832,21,17112
"192.168.1.31",55525,2,247,1,85,1,162
"192.168.1.31",55539,24,10169,13,7098,11,3071
"2001:14ba:a051:8c00:15a0:90ff:ab54:3867",55539,1,121,1,121,0,0
"192.168.1.1",55544,1,92,1,92,0,0
"192.168.1.1",55546,1,92,1,92,0,0
"192.168.1.1",55549,2,884,2,884,0,0
"192.168.1.1",55561,2,884,2,884,0,0
"192.168.1.1",55566,2,884,2,884,0,0
"192.168.1.31",55566,2,224,1,85,1,139
"192.168.1.31",55567,2,138,1,69,1,69
"2001:14ba:a051:8c00:15a0:90ff:ab54:3867",55567,1,89,1,89,0,0
"192.168.1.31",55568,2,186,1,79,1,107
"2001:14ba:a051:8c00:15a0:90ff:ab54:3867",55568,1,99,1,99,0,0
"192.168.1.31",55569,78,89214,8,2000,70,87214
"192.168.1.1",55570,2,884,2,884,0,0
"192.168.1.31",55572,2,176,1,88,1,88
"2001:14ba:a051:8c00:15a0:90ff:ab54:3867",55572,1,108,1,108,0,0
"192.168.1.31",55573,2,174,1,79,1,95
"2001:14ba:a051:8c00:15a0:90ff:ab54:3867",55573,1,99,1,99,0,0
"192.168.1.31",55575,2,199,1,69,1,130
"192.168.1.31",55578,2,186,1,79,1,107
"2001:14ba:a051:8c00:15a0:90ff:ab54:3867",55578,1,99,1,99,0,0
"192.168.1.31",55583,2,154,1,69,1,85
"192.168.1.1",55588,1,92,1,92,0,0
"192.168.1.1",55594,6,2354,6,2354,0,0
"192.168.1.1",55596,2,884,2,884,0,0
"192.168.1.31",55596,2,174,1,79,1,95
"2001:14ba:a051:8c00:15a0:90ff:ab54:3867",55596,1,99,1,99,0,0
"192.168.1.31",55597,2,395,1,69,1,326
"192.168.1.31",55599,4,391,2,163,2,228
"192.168.1.1",55605,6,2354,6,2354,0,0
"192.168.1.31",55608,2,211,1,75,1,136
"192.168.1.1",55612,1,427,1,427,0,0
"192.168.1.31",55612,2,235,1,85,1,150
"192.168.1.1",55614,6,2354,6,2354,0,0
"192.168.1.31",55617,2,247,1,85,1,162
"192.168.1.31",55624,2,138,1,69,1,69
"192.168.1.31",55633,2,190,1,87,1,103
"192.168.1.31",55634,4,848,4,848,0,0
"192.168.1.31",55635,4,868,4,868,0,0
"192.168.1.1",55637,1,92,1,92,0,0
"192.168.1.1",55650,2,184,2,184,0,0
"192.168.1.31",55650,16,5604,8,2481,8,3123
"192.168.1.31",55654,2,298,1,85,1,213
"192.168.1.31",55663,2,419,1,69,1,350
"192.168.1.31",55668,2,236,1,85,1,151
"192.168.1.1",55673,6,2354,6,2354,0,0
"192.168.1.31",55675,2,224,1,85,1,139
"192.168.1.31",55678,2,236,1,85,1,151
"192.168.1.31",55680,2,315,1,83,1,232
"192.168.1.1",55681,1,92,1,92,0,0
"192.168.1.31",55686,2,298,1,85,1,213
"192.168.1.1",55688,6,2354,6,2354,0,0
"192.168.1.1",55690,7,2446,7,2446,0,0
"192.168.1.31",55697,2,154,1,69,1,85
"192.168.1.31",55698,2,224,1,85,1,139
"192.168.1.1",55702,2,884,2,884,0,0
"192.168.1.1",55706,2,884,2,884,0,0
"192.168.1.31",55709,2,363,1,89,1,274
"2001:14ba:a051:8c00:15a0:90ff:ab54:3867",55709,1,109,1,109,0,0
"192.168.1.31",55710,4,432,2,169,2,263
"2001:14ba:a051:8c00:15a0:90ff:ab54:3867",55710,1,104,1,104,0,0
"192.168.1.1",55711,2,884,2,884,0,0
"192.168.1.1",55713,2,884,2,884,0,0
"192.168.1.1",55720,1,369,1,369,0,0
"192.168.1.31",55725,2,216,1,94,1,122
"2001:14ba:a051:8c00:15a0:90ff:ab54:3867",55725,1,114,1,114,0,0
"192.168.1.1",55726,6,2354,6,2354,0,0
"192.168.1.1",55730,2,884,2,884,0,0
"192.168.1.31",55733,2,192,1,88,1,104
"192.168.1.1",55734,2,884,2,884,0,0
"192.168.1.31",55734,4,848,4,848,0,0
"192.168.1.31",55735,4,868,4,868,0,0
"192.168.1.1",55739,1,92,1,92,0,0
"192.168.1.1",55740,6,2354,6,2354,0,0
"192.168.1.31",55742,14,6657,7,3988,7,2669
"192.168.1.1",55743,2,884,2,884,0,0
"192.168.1.1",55744,6,2354,6,2354,0,0
"192.168.1.1",55745,7,2446,7,2446,0,0
"192.168.1.31",55754,2,198,1,85,1,113
"2001:14ba:a051:8c00:15a0:90ff:ab54:3867",55754,1,105,1,105,0,0
"192.168.1.31",55758,2,346,1,96,1,250
"192.168.1.1",55760,1,92,1,92,0,0
"192.168.1.31",55761,2,224,1,85,1,139
"192.168.1.31",55763,17,6344,10,4095,7,2249
"192.168.1.1",55766,4,1768,4,1768,0,0
"192.168.1.31",55767,2,298,1,85,1,213
"192.168.1.31",55768,2,138,1,69,1,69
"192.168.1.31",55770,91,37361,46,17989,45,19372
"192.168.1.1",55771,2,884,2,884,0,0
"192.168.1.31",55772,4,455,2,167,2,288
"2001:14ba:a051:8c00:15a0:90ff:ab54:3867",55772,1,104,1,104,0,0
"192.168.1.31",55773,2,202,1,87,1,115
"192.168.1.1",55782,6,2354,6,2354,0,0
"192.168.1.31",55791,2,298,1,85,1,213
"192.168.1.31",55795,2,283,1,78,1,205
"192.168.1.1",55796,1,349,1,349,0,0
"192.168.1.31",55796,44,18774,23,12353,21,6421
"192.168.1.1",55797,6,2354,6,2354,0,0
"192.168.1.31",55798,2,236,1,85,1,151
"192.168.1.31",55803,2,283,1,72,1,211
"192.168.1.31",55806,2,227,1,83,1,144
"192.168.1.1",55811,6,2354,6,2354,0,0
"192.168.1.31",55817,2,238,1,83,1,155
"192.168.1.31",55819,17,6343,10,4090,7,2253
"192.168.1.31",55820,4,848,4,848,0,0
"192.168.1.31",55821,2,315,1,83,1,232
"192.168.1.31",55834,4,450,2,179,2,271
"2001:14ba:a051:8c00:15a0:90ff:ab54:3867",55834,1,116,1,116,0,0
"192.168.1.1",55837,2,884,2,884,0,0
"192.168.1.1",55839,1,92,1,92,0,0
"192.168.1.31",55841,2,138,1,69,1,69
"192.168.1.31",55843,2,240,1,88,1,152
"192.168.1.1",55851,6,2354,6,2354,0,0
"192.168.1.1",55853,2,884,2,884,0,0
"192.168.1.1",55855,6,2354,6,2354,0,0
"192.168.1.1",55857,6,2354,6,2354,0,0
"192.168.1.31",55862,2,228,1,72,1,156
"2001:14ba:a051:8c00:15a0:90ff:ab54:3867",55862,1,92,1,92,0,0
"192.168.1.1",55865,8,3238,8,3238,0,0
"192.168.1.1",55866,2,884,2,884,0,0
"192.168.1.31",55867,2,190,1,87,1,103
"2001:14ba:a051:8c00:15a0:90ff:ab54:3867",55867,1,107,1,107,0,0
"192.168.1.1",55869,2,884,2,884,0,0
"192.168.1.31",55871,2,215,1,83,1,132
"192.168.1.1",55874,3,976,3,976,0,0
"192.168.1.1",55877,2,884,2,884,0,0
"192.168.1.31",55877,2,186,1,79,1,107
"2001:14ba:a051:8c00:15a0:90ff:ab54:3867",55877,1,99,1,99,0,0
"192.168.1.31",55878,2,174,1,79,1,95
"2001:14ba:a051:8c00:15a0:90ff:ab54:3867",55878,1,99,1,99,0,0
"192.168.1.1",55881,1,92,1,92,0,0
"192.168.1.31",55883,2,182,1,83,1,99
"192.168.1.1",55888,1,92,1,92,0,0
"192.168.1.31",55891,2,241,1,83,1,158
"192.168.1.1",55892,2,884,2,884,0,0
"192.168.1.1",55902,2,884,2,884,0,0
"192.168.1.31",55903,2,424,1,69,1,355
"192.168.1.31",55904,4,369,2,152,2,217
"192.168.1.31",55905,2,204,1,74,1,130
"2001:14ba:a051:8c00:15a0:90ff:ab54:3867",55905,1,94,1,94,0,0
"192.168.1.31",55906,2,263,1,83,1,180
"192.168.1.31",55916,2,424,1,69,1,355
"192.168.1.1",55921,1,310,1,310,0,0
"192.168.1.1",55932,2,884,2,884,0,0
"192.168.1.31",55935,2,227,1,83,1,144
"192.168.1.1",55936,2,884,2,884,0,0
"192.168.1.1",55939,1,310,1,310,0,0
"192.168.1.31",55941,2,253,1,83,1,170
"192.168.1.1",55942,2,884,2,884,0,0
"192.168.1.31",55944,4,555,2,147,2,408
"2001:14ba:a051:8c00:15a0:90ff:ab54:3867",55944,1,95,1,95,0,0
"192.168.1.31",55945,589,560873,157,108209,432,452664
"192.168.1.31",55946,2,298,1,85,1,213
"192.168.1.31",55952,20,7312,10,4645,10,2667
"192.168.1.1",55956,1,427,1,427,0,0
"192.168.1.31",55956,2,295,1,77,1,218
"192.168.1.31",55957,4,848,4,848,0,0
"192.168.1.31",55958,4,868,4,868,0,0
"192.168.1.1",55962,2,884,2,884,0,0
"192.168.1.1",55972,2,884,2,884,0,0
"192.168.1.31",55972,2,328,1,92,1,236
"2001:14ba:a051:8c00:15a0:90ff:ab54:3867",55972,1,112,1,112,0,0
"192.168.1.1",55978,2,884,2,884,0,0
"192.168.1.31",55994,2,212,1,74,1,138
"192.168.1.1",55996,1,349,1,349,0,0
"192.168.1.31",56004,2,259,1,78,1,181
"192.168.1.1",56015,6,2354,6,2354,0,0
"192.168.1.31",56023,2,235,1,85,1,150
"192.168.1.31",56029,28,7679,14,3606,14,4073
"192.168.1.31",56032,2,162,1,81,1,81
"192.168.1.1",56035,2,884,2,884,0,0
"192.168.1.1",56036,1,349,1,349,0,0
"192.168.1.31",56037,2,315,1,83,1,232
"192.168.1.31",56038,2,211,1,76,1,135
"192.168.1.1",56046,6,2354,6,2354,0,0
"192.168.1.31",56046,2,197,1,76,1,121
"192.168.1.1",56050,6,2354,6,2354,0,0
"192.168.1.31",56051,2,227,1,83,1,144
"192.168.1.1",56053,2,884,2,884,0,0
"192.168.1.31",56054,2,166,1,75,1,91
"192.168.1.1",56055,1,92,1,92,0,0
"192.168.1.31",56056,4,403,2,171,2,232
"192.168.1.1",56065,2,884,2,884,0,0
"192.168.1.31",56072,2,222,1,71,1,151
"2001:14ba:a051:8c00:15a0:90ff:ab54:3867",56072,1,91,1,91,0,0
"192.168.1.31",56073,17,8327,9,5833,8,2494
"192.168.1.1",56074,1,349,1,349,0,0
"192.168.1.1",56075,1,92,1,92,0,0
"192.168.1.1",56077,6,2354,6,2354,0,0
"192.168.1.31",56077,2,186,1,79,1,107
"2001:14ba:a051:8c00:15a0:90ff:ab54:3867",56077,1,99,1,99,0,0
"192.168.1.1",56078,1,425,1,425,0,0
"192.168.1.31",56081,4,417,2,152,2,265
"192.168.1.31",56082,2,184,1,84,1,100
"2001:14ba:a051:8c00:15a0:90ff:ab54:3867",56082,1,104,1,104,0,0
"192.168.1.1",56087,1,92,1,92,0,0
"192.168.1.31",56088,27,9074,13,3973,14,5101
"192.168.1.31",56093,2,215,1,83,1,132
"192.168.1.1",56094,2,884,2,884,0,0
"192.168.1.31",56094,2,186,1,79,1,107
"192.168.1.31",56095,18,9846,8,5323,10,4523
"192.168.1.1",56099,1,92,1,92,0,0
"192.168.1.1",56101,6,2354,6,2354,0,0
"192.168.1.1",56103,6,2354,6,2354,0,0
"192.168.1.31",56105,2,298,1,85,1,213
"192.168.1.1",56107,6,2354,6,2354,0,0
"192.168.1.1",56111,6,2354,6,2354,0,0
"192.168.1.31",56127,2,178,1,81,1,97
"2001:14ba:a051:8c00:15a0:90ff:ab54:3867",56127,1,101,1,101,0,0
"192.168.1.31",56129,2,298,1,85,1,213
"192.168.1.31",56130,2,227,1,83,1,144
"192.168.1.31",56133,2,138,1,69,1,69
"2001:14ba:a051:8c00:15a0:90ff:ab54:3867",56133,1,89,1,89,0,0
"192.168.1.31",56137,2,204,1,78,1,126
"192.168.1.1",56142,2,184,2,184,0,0
"192.168.1.1",56148,6,2354,6,2354,0,0
"192.168.1.31",56151,2,222,1,103,1,119
"192.168.1.1",56152,1,433,1,433,0,0
"192.168.1.31",56154,2,353,1,74,1,279
"2001:14ba:a051:8c00:15a0:90ff:ab54:3867",56154,1,94,1,94,0,0
"192.168.1.1",56159,2,884,2,884,0,0
"192.168.1.31",56159,2,225,1,77,1,148
"192.168.1.31",56161,4,498,2,162,2,336
"192.168.1.31",56163,8,4713,2,525,6,4188
"192.168.1.31",56165,2,186,1,79,1,107
"2001:14ba:a051:8c00:15a0:90ff:ab54:3867",56165,1,99,1,99,0,0
"192.168.1.31",56166,2,424,1,69,1,355
"192.168.1.1",56171,6,2354,6,2354,0,0
"192.168.1.1",56174,1,417,1,417,0,0
"192.168.1.1",56178,3,1233,3,1233,0,0
"192.168.1.31",56181,2,236,1,94,1,142
"192.168.1.31",56185,18,9532,10,7038,8,2494
"192.168.1.1",56186,1,92,1,92,0,0
"192.168.1.1",56188,3,1246,3,1246,0,0
"192.168.1.31",56189,2,247,1,85,1,162
"192.168.1.31",56190,2,298,1,85,1,213
"192.168.1.1",56191,6,2354,6,2354,0,0
"192.168.1.1",56197,2,884,2,884,0,0
"192.168.1.1",56203,6,2354,6,2354,0,0
"192.168.1.31",56203,175,122150,175,122150,0,0
"fe80::ec18:4df2:6080:15a4",56204,175,125650,175,125650,0,0
"192.168.1.1",56211,2,884,2,884,0,0
"192.168.1.31",56212,2,210,1,91,1,119
"192.168.1.31",56213,8802,9697351,733,124125,8069,9573226
"192.168.1.31",56217,2,201,1,71,1,130
"192.168.1.31",56218,2,211,1,75,1,136
"192.168.1.1",56219,6,2354,6,2354,0,0
"192.168.1.31",56220,17,8324,9,5830,8,2494
"192.168.1.31",56221,4,848,4,848,0,0
"192.168.1.31",56222,6,1104,5,953,1,151
"192.168.1.1",56229,2,884,2,884,0,0
"192.168.1.1",56243,6,2354,6,2354,0,0
"192.168.1.31",56244,2,424,1,69,1,355
"192.168.1.31",56249,23,8227,12,5563,11,2664
"192.168.1.31",56251,2,198,1,91,1,107
"2001:14ba:a051:8c00:15a0:90ff:ab54:3867",56251,1,111,1,111,0,0
"192.168.1.31",56255,4,334,2,143,2,191
"2001:14ba:a051:8c00:15a0:90ff:ab54:3867",56255,1,94,1,94,0,0
"192.168.1.31",56257,2,184,1,84,1,100
"2001:14ba:a051:8c00:15a0:90ff:ab54:3867",56257,1,104,1,104,0,0
"192.168.1.31",56262,4,509,2,168,2,341
"2001:14ba:a051:8c00:15a0:90ff:ab54:3867",56262,1,94,1,94,0,0
"192.168.1.1",56263,2,884,2,884,0,0
"192.168.1.1",56266,2,884,2,884,0,0
"192.168.1.31",56267,2,154,1,69,1,85
"192.168.1.31",56268,2,174,1,79,1,95
"2001:14ba:a051:8c00:15a0:90ff:ab54:3867",56268,1,99,1,99,0,0
"192.168.1.31",56275,2,289,1,83,1,206
"192.168.1.31",56281,2,178,1,75,1,103
"2001:14ba:a051:8c00:15a0:90ff:ab54:3867",56281,1,95,1,95,0,0
"192.168.1.1",56282,1,92,1,92,0,0
"192.168.1.31",56282,11,4710,4,1706,7,3004
"192.168.1.31",56284,2,154,1,69,1,85
"2001:14ba:a051:8c00:15a0:90ff:ab54:3867",56284,1,89,1,89,0,0
"192.168.1.31",56285,2,261,1,77,1,184
"2001:14ba:a051:8c00:15a0:90ff:ab54:3867",56285,1,97,1,97,0,0
"192.168.1.1",56287,6,2354,6,2354,0,0
"192.168.1.1",56294,1,92,1,92,0,0
"192.168.1.1",56299,2,884,2,884,0,0
"192.168.1.1",56300,1,349,1,349,0,0
"192.168.1.1",56305,6,2354,6,2354,0,0
"192.168.1.31",56305,2,190,1,81,1,109
"2001:14ba:a051:8c00:15a0:90ff:ab54:3867",56305,1,101,1,101,0,0
"192.168.1.1",56307,6,2354,6,2354,0,0
"192.168.1.31",56307,2,210,1,81,1,129
"2001:14ba:a051:8c00:15a0:90ff:ab54:3867",56307,1,101,1,101,0,0
"192.168.1.1",56308,2,884,2,884,0,0
"192.168.1.31",56311,2,229,1,84,1,145
"2001:14ba:a051:8c00:15a0:90ff:ab54:3867",56311,1,104,1,104,0,0
"192.168.1.31",56314,2,220,1,78,1,142
"2001:14ba:a051:8c00:15a0:90ff:ab54:3867",56314,1,98,1,98,0,0
"192.168.1.1",56321,2,884,2,884,0,0
"192.168.1.31",56325,2,164,1,74,1,90
"192.168.1.1",56327,6,2354,6,2354,0,0
"192.168.1.31",56328,4,404,2,159,2,245
"2001:14ba:a051:8c00:15a0:90ff:ab54:3867",56328,2,199,2,199,0,0
"192.168.1.31",56337,2,359,1,89,1,270
"2001:14ba:a051:8c00:15a0:90ff:ab54:3867",56337,1,109,1,109,0,0
"192.168.1.1",56339,6,2354,6,2354,0,0
"192.168.1.31",56339,14,6670,7,4098,7,2572
"192.168.1.1",56344,6,2354,6,2354,0,0
"192.168.1.1",56348,2,884,2,884,0,0
"192.168.1.31",56349,2,224,1,85,1,139
"192.168.1.1",56351,18,7062,18,7062,0,0
"192.168.1.1",56355,1,92,1,92,0,0
"192.168.1.31",56356,2,154,1,69,1,85
"192.168.1.1",56357,1,415,1,415,0,0
"192.168.1.31",56357,2,236,1,85,1,151
"192.168.1.1",56360,1,92,1,92,0,0
"192.168.1.31",56362,2,289,1,83,1,206
"192.168.1.1",56365,6,2354,6,2354,0,0
"192.168.1.31",56370,2,176,1,80,1,96
"2001:14ba:a051:8c00:15a0:90ff:ab54:3867",56370,1,100,1,100,0,0
"192.168.1.31",56375,18,8037,9,3269,9,4768
"192.168.1.31",56380,2,186,1,79,1,107
"2001:14ba:a051:8c00:15a0:90ff:ab54:3867",56380,1,99,1,99,0,0
"192.168.1.31",56381,20,11334,8,5333,12,6001
"192.168.1.31",56385,2,404,1,69,1,335
"192.168.1.1",56387,1,427,1,427,0,0
"192.168.1.1",56389,2,884,2,884,0,0
"2001:14ba:a051:8c00:15a0:90ff:ab54:3867",56394,1,89,1,89,0,0
"192.168.1.31",56404,2,298,1,85,1,213
"192.168.1.31",56413,2,236,1,85,1,151
"192.168.1.31",56414,30,15703,13,3087,17,12616
"192.168.1.1",56415,1,433,1,433,0,0
"192.168.1.31",56415,2,197,1,79,1,118
"2001:14ba:a051:8c00:15a0:90ff:ab54:3867",56415,1,99,1,99,0,0
"192.168.1.31",56422,2,289,1,83,1,206
"192.168.1.31",56424,2,247,1,85,1,162
"192.168.1.1",56425,13,4800,13,4800,0,0
"192.168.1.31",56442,2,138,1,69,1,69
"192.168.1.31",56443,2,215,1,83,1,132
"192.168.1.1",56444,1,415,1,415,0,0
"192.168.1.1",56449,1,92,1,92,0,0
"192.168.1.1",56454,2,884,2,884,0,0
"192.168.1.31",56458,2,192,1,82,1,110
"2001:14ba:a051:8c00:15a0:90ff:ab54:3867",56458,1,102,1,102,0,0
"192.168.1.31",56459,2,289,1,83,1,206
"192.168.1.31",56460,4,332,2,150,2,182
"2001:14ba:a051:8c00:15a0:90ff:ab54:3867",56460,2,190,2,190,0,0
"192.168.1.1",56467,1,310,1,310,0,0
"192.168.1.31",56467,2,196,1,90,1,106
"192.168.1.1",56468,2,884,2,884,0,0
"192.168.1.31",56471,2,186,1,79,1,107
"2001:14ba:a051:8c00:15a0:90ff:ab54:3867",56471,1,99,1,99,0,0
"192.168.1.31",56472,19,9767,8,5336,11,4431
"192.168.1.1",56473,1,92,1,92,0,0
"192.168.1.1",56479,6,2354,6,2354,0,0
"192.168.1.1",56480,1,92,1,92,0,0
"192.168.1.1",56481,6,2354,6,2354,0,0
"192.168.1.31",56481,2,424,1,69,1,355
"192.168.1.31",56487,2,199,1,69,1,130
"192.168.1.1",56499,2,884,2,884,0,0
"192.168.1.31",56503,6,749,3,253,3,496
"192.168.1.1",56504,2,884,2,884,0,0
"192.168.1.31",56504,2,289,1,83,1,206
"192.168.1.1",56505,1,92,1,92,0,0
"192.168.1.31",56508,2,236,1,85,1,151
"192.168.1.31",56509,2,255,1,90,1,165
"2001:14ba:a051:8c00:15a0:90ff:ab54:3867",56509,1,110,1,110,0,0
"192.168.1.31",56515,2,178,1,75,1,103
"2001:14ba:a051:8c00:15a0:90ff:ab54:3867",56515,1,95,1,95,0,0
"192.168.1.1",56516,2,884,2,884,0,0
"192.168.1.1",56519,1,92,1,92,0,0
"192.168.1.31",56522,25,12369,13,9251,12,3118
"192.168.1.1",56524,6,2354,6,2354,0,0
"192.168.1.31",56524,2,180,1,76,1,104
"2001:14ba:a051:8c00:15a0:90ff:ab54:3867",56524,1,96,1,96,0,0
"192.168.1.1",56529,12,4708,12,4708,0,0
"192.168.1.31",56529,4,424,2,152,2,272
"2001:14ba:a051:8c00:15a0:90ff:ab54:3867",56529,1,96,1,96,0,0
"192.168.1.1",56531,6,2354,6,2354,0,0
"192.168.1.1",56532,1,92,1,92,0,0
"192.168.1.31",56532,2,232,1,93,1,139
"192.168.1.1",56533,2,884,2,884,0,0
"192.168.1.31",56533,2,419,1,69,1,350
"192.168.1.31",56536,2,253,1,83,1,170
"192.168.1.31",56537,27,9016,13,3967,14,5049
"192.168.1.31",56538,2,204,1,94,1,110
"2001:14ba:a051:8c00:15a0:90ff:ab54:3867",56538,1,114,1,114,0,0
"192.168.1.31",56539,2,263,1,88,1,175
"192.168.1.1",56544,6,2354,6,2354,0,0
"192.168.1.31",56545,2,224,1,85,1,139
"192.168.1.31",56550,2,315,1,83,1,232
"192.168.1.1",56553,3,976,3,976,0,0
"192.168.1.1",56555,2,884,2,884,0,0
"192.168.1.31",56557,2,209,1,76,1,133
"2001:14ba:a051:8c00:15a0:90ff:ab54:3867",56557,1,96,1,96,0,0
"192.168.1.31",56558,15,6000,5,1787,10,4213
"192.168.1.1",56559,2,884,2,884,0,0
"192.168.1.31",56562,2,184,1,84,1,100
"2001:14ba:a051:8c00:15a0:90ff:ab54:3867",56562,2,208,2,208,0,0
"192.168.1.31",56564,6,502,3,223,3,279
"2001:14ba:a051:8c00:15a0:90ff:ab54:3867",56564,3,293,3,293,0,0
"192.168.1.31",56566,2,211,1,76,1,135
"192.168.1.31",56574,16,6788,8,4175,8,2613
"192.168.1.31",56575,6,1070,5,919,1,151
"2001:14ba:a051:8c00:15a0:90ff:ab54:3867",56575,1,91,1,91,0,0
"192.168.1.31",56576,6,1109,5,952,1,157
"192.168.1.31",56582,2,232,1,93,1,139
"192.168.1.31",56584,4,416,2,154,2,262
"192.168.1.1",56585,1,310,1,310,0,0
"192.168.1.1",56586,2,884,2,884,0,0
"192.168.1.1",56590,2,778,2,778,0,0
"192.168.1.31",56591,2,289,1,83,1,206
"192.168.1.31",56592,2,210,1,91,1,119
"2001:14ba:a051:8c00:15a0:90ff:ab54:3867",56592,1,111,1,111,0,0
"192.168.1.1",56593,8,3238,8,3238,0,0
"192.168.1.1",56597,6,2354,6,2354,0,0
"192.168.1.1",56602,2,884,2,884,0,0
"192.168.1.31",56606,2,138,1,69,1,69
"192.168.1.1",56607,6,2354,6,2354,0,0
"192.168.1.31",56609,2,216,1,76,1,140
"2001:14ba:a051:8c00:15a0:90ff:ab54:3867",56609,1,96,1,96,0,0
"192.168.1.1",56613,1,349,1,349,0,0
"192.168.1.31",56616,17,8325,9,5831,8,2494
"192.168.1.1",56617,2,884,2,884,0,0
"192.168.1.31",56623,2,240,1,88,1,152
"2001:14ba:a051:8c00:15a0:90ff:ab54:3867",56623,2,216,2,216,0,0
"192.168.1.31",56625,31,15091,16,12098,15,2993
"192.168.1.31",56627,2,215,1,83,1,132
"192.168.1.31",56631,2,215,1,83,1,132
"192.168.1.1",56632,2,884,2,884,0,0
"192.168.1.1",56638,2,884,2,884,0,0
"192.168.1.31",56645,2,215,1,83,1,132
"192.168.1.31",56650,2,289,1,83,1,206
"192.168.1.31",56652,2,424,1,69,1,355
"192.168.1.31",56654,2,224,1,85,1,139
"192.168.1.31",56658,2,218,1,101,1,117
"192.168.1.31",56659,2,178,1,81,1,97
"2001:14ba:a051:8c00:15a0:90ff:ab54:3867",56659,1,101,1,101,0,0
"192.168.1.31",56661,2,253,1,83,1,170
"192.168.1.1",56675,6,2354,6,2354,0,0
"192.168.1.31",56680,2,236,1,85,1,151
"192.168.1.31",56681,2,302,1,87,1,215
"2001:14ba:a051:8c00:15a0:90ff:ab54:3867",56681,1,107,1,107,0,0
"192.168.1.1",56686,2,884,2,884,0,0
"192.168.1.31",56687,15,7011,8,3894,7,3117
"192.168.1.31",56704,2,289,1,83,1,206
"192.168.1.31",56710,2,226,1,83,1,143
"192.168.1.31",56713,2,194,1,83,1,111
"192.168.1.31",56717,2,235,1,85,1,150
"192.168.1.1",56719,6,2354,6,2354,0,0
"192.168.1.1",56728,2,884,2,884,0,0
"192.168.1.31",56730,2,428,1,69,1,359
"192.168.1.1",56737,1,92,1,92,0,0
"192.168.1.1",56738,6,2354,6,2354,0,0
"192.168.1.31",56738,21,8180,10,4777,11,3403
"192.168.1.31",56740,2,138,1,69,1,69
"2001:14ba:a051:8c00:15a0:90ff:ab54:3867",56740,1,89,1,89,0,0
"192.168.1.1",56746,1,92,1,92,0,0
"192.168.1.1",56750,1,415,1,415,0,0
"192.168.1.31",56750,2,174,1,79,1,95
"192.168.1.31",56758,2,404,1,69,1,335
"192.168.1.1",56762,6,2354,6,2354,0,0
"192.168.1.31",56762,2,190,1,79,1,111
"192.168.1.1",56768,2,884,2,884,0,0
"192.168.1.1",56769,1,415,1,415,0,0
"192.168.1.1",56771,1,353,1,353,0,0
"192.168.1.31",56772,16,5899,8,3406,8,2493
"192.168.1.31",56773,4,848,4,848,0,0
"192.168.1.31",56774,4,868,4,868,0,0
"192.168.1.1",56775,2,884,2,884,0,0
"192.168.1.31",56776,2,174,1,79,1,95
"192.168.1.31",56777,4,502,2,167,2,335
"192.168.1.1",56778,2,884,2,884,0,0
"192.168.1.31",56778,21,9932,9,2508,12,7424
"192.168.1.31",56779,2,154,1,69,1,85
"2001:14ba:a051:8c00:15a0:90ff:ab54:3867",56779,1,89,1,89,0,0
"192.168.1.1",56783,1,92,1,92,0,0
"192.168.1.1",56786,1,353,1,353,0,0
"192.168.1.31",56788,2,232,1,108,1,124
"2001:14ba:a051:8c00:15a0:90ff:ab54:3867",56788,1,128,1,128,0,0
"192.168.1.1",56789,2,884,2,884,0,0
"192.168.1.31",56789,2,192,1,88,1,104
"2001:14ba:a051:8c00:15a0:90ff:ab54:3867",56789,1,108,1,108,0,0
"192.168.1.31",56790,2,248,1,75,1,173
"192.168.1.31",56791,2,197,1,76,1,121
"2001:14ba:a051:8c00:15a0:90ff:ab54:3867",56791,1,96,1,96,0,0
"192.168.1.31",56793,2,215,1,83,1,132
"192.168.1.1",56798,6,2354,6,2354,0,0
"192.168.1.1",56800,6,2354,6,2354,0,0
"192.168.1.31",56800,4,602,2,144,2,458
"2001:14ba:a051:8c00:15a0:90ff:ab54:3867",56800,1,95,1,95,0,0
"192.168.1.31",56801,12,4783,5,1779,7,3004
"192.168.1.1",56803,7,2446,7,2446,0,0
"192.168.1.1",56820,6,2354,6,2354,0,0
"192.168.1.31",56822,6,622,3,238,3,384
"2001:14ba:a051:8c00:15a0:90ff:ab54:3867",56822,2,193,2,193,0,0
"192.168.1.31",56823,17,9666,8,5319,9,4347
"192.168.1.31",56834,2,211,1,76,1,135
"192.168.1.31",56837,2,404,1,69,1,335
"192.168.1.31",56843,2,253,1,83,1,170
"192.168.1.1",56845,6,2354,6,2354,0,0
"192.168.1.1",56853,2,884,2,884,0,0
"192.168.1.31",56859,2,194,1,83,1,111
"192.168.1.31",56865,2,176,1,88,1,88
"192.168.1.31",56866,13,5567,7,2917,6,2650
"192.168.1.31",56867,40,15222,19,4753,21,10469
"192.168.1.1",56869,1,353,1,353,0,0
"192.168.1.31",56873,2,247,1,85,1,162
"192.168.1.1",56876,2,884,2,884,0,0
"192.168.1.31",56880,2,194,1,89,1,105
"192.168.1.31",56881,14,5729,7,2858,7,2871
"192.168.1.1",56882,6,2354,6,2354,0,0
"192.168.1.1",56886,6,2354,6,2354,0,0
"192.168.1.1",56890,6,2354,6,2354,0,0
"192.168.1.31",56892,30,9896,15,4834,15,5062
"192.168.1.31",56894,2,168,1,76,1,92
"2001:14ba:a051:8c00:15a0:90ff:ab54:3867",56894,2,192,2,192,0,0
"192.168.1.1",56895,1,425,1,425,0,0
"192.168.1.31",56895,96,37538,48,18120,48,19418
"192.168.1.1",56896,6,2354,6,2354,0,0
"192.168.1.1",56900,6,2354,6,2354,0,0
"192.168.1.1",56901,2,884,2,884,0,0
"192.168.1.31",56904,2,226,1,83,1,143
"192.168.1.1",56907,1,349,1,349,0,0
"192.168.1.31",56908,2,154,1,69,1,85
"192.168.1.1",56912,4,1768,4,1768,0,0
"192.168.1.1",56914,1,92,1,92,0,0
"192.168.1.31",56916,2,198,1,91,1,107
"192.168.1.31",56917,2,289,1,83,1,206
"192.168.1.1",56918,6,2354,6,2354,0,0
"192.168.1.31",56923,2,261,1,88,1,173
"192.168.1.1",56929,1,92,1,92,0,0
"192.168.1.31",56929,2,227,1,83,1,144
"192.168.1.31",56934,2,182,1,83,1,99
"192.168.1.31",56935,2,194,1,89,1,105
"192.168.1.31",56948,2,259,1,77,1,182
"192.168.1.31",56958,2,202,1,101,1,101
"192.168.1.1",56963,1,92,1,92,0,0
"192.168.1.1",56966,1,417,1,417,0,0
"192.168.1.1",56968,2,884,2,884,0,0
"192.168.1.31",56970,32,16558,18,13525,14,3033
"2001:14ba:a051:8c00:15a0:90ff:ab54:3867",56970,1,96,1,96,0,0
"192.168.1.31",56972,2,176,1,88,1,88
"192.168.1.1",56973,1,92,1,92,0,0
"192.168.1.31",56973,4,848,4,848,0,0
"192.168.1.31",56974,4,868,4,868,0,0
"192.168.1.1",56976,6,2354,6,2354,0,0
"192.168.1.31",56976,20,6559,10,4114,10,2445
"192.168.1.1",56977,1,92,1,92,0,0
"192.168.1.1",56978,6,2354,6,2354,0,0
"192.168.1.1",56980,1,433,1,433,0,0
"192.168.1.31",56981,2,180,1,74,1,106
"2001:14ba:a051:8c00:15a0:90ff:ab54:3867",56981,1,94,1,94,0,0
"192.168.1.31",56985,2,247,1,85,1,162
"192.168.1.31",56994,2,253,1,74,1,179
"2001:14ba:a051:8c00:15a0:90ff:ab54:3867",56994,1,94,1,94,0,0
"192.168.1.31",56999,2,298,1,85,1,213
"192.168.1.1",57000,6,2354,6,2354,0,0
"192.168.1.31",57003,2,227,1,83,1,144
"192.168.1.31",57006,2,289,1,83,1,206
"192.168.1.1",57009,1,92,1,92,0,0
"192.168.1.1",57013,2,884,2,884,0,0
"192.168.1.1",57015,2,884,2,884,0,0
"192.168.1.1",57017,6,2354,6,2354,0,0
"192.168.1.31",57018,16,6747,8,4173,8,2574
"192.168.1.31",57019,2,190,1,81,1,109
"192.168.1.31",57020,28,12434,14,9324,14,3110
"192.168.1.1",57026,12,4708,12,4708,0,0
"192.168.1.1",57028,1,369,1,369,0,0
"192.168.1.1",57031,1,92,1,92,0,0
"192.168.1.31",57033,24,12541,13,8838,11,3703
"2001:14ba:a051:8c00:15a0:90ff:ab54:3867",57033,1,108,1,108,0,0
"192.168.1.1",57039,2,884,2,884,0,0
"192.168.1.31",57041,2,363,1,89,1,274
"192.168.1.31",57042,45,18067,24,14589,21,3478
"192.168.1.31",57043,4,848,4,848,0,0
"192.168.1.31",57044,4,868,4,868,0,0
"192.168.1.1",57048,1,353,1,353,0,0
"192.168.1.1",57057,2,884,2,884,0,0
"192.168.1.31",57059,2,298,1,85,1,213
"192.168.1.1",57061,6,2354,6,2354,0,0
"192.168.1.1",57064,1,92,1,92,0,0
"192.168.1.31",57065,2,272,1,97,1,175
"2001:14ba:a051:8c00:15a0:90ff:ab54:3867",57065,1,117,1,117,0,0
"192.168.1.31",57074,2,217,1,78,1,139
"192.168.1.1",57081,1,353,1,353,0,0
"192.168.1.1",57083,2,884,2,884,0,0
"192.168.1.31",57087,2,232,1,116,1,116
"192.168.1.1",57088,2,884,2,884,0,0
"192.168.1.1",57089,6,2354,6,2354,0,0
"192.168.1.1",57094,6,2354,6,2354,0,0
"192.168.1.31",57100,2,215,1,83,1,132
"192.168.1.1",57105,1,425,1,425,0,0
"192.168.1.31",57107,6,845,3,235,3,610
"2001:14ba:a051:8c00:15a0:90ff:ab54:3867",57107,1,103,1,103,0,0
"192.168.1.31",57108,19,7722,10,3159,9,4563
"192.168.1.1",57109,2,884,2,884,0,0
"192.168.1.31",57111,2,217,1,78,1,139
"192.168.1.1",57122,6,2354,6,2354,0,0
"192.168.1.31",57127,2,289,1,83,1,206
"192.168.1.31",57130,4,454,2,179,2,275
"2001:14ba:a051:8c00:15a0:90ff:ab54:3867",57130,1,128,1,128,0,0
"192.168.1.1",57134,6,2354,6,2354,0,0
"192.168.1.1",57135,2,884,2,884,0,0
"192.168.1.31",57135,2,138,1,69,1,69
"192.168.1.31",57139,4,476,2,166,2,310
"192.168.1.1",57141,1,362,1,362,0,0
"192.168.1.1",57142,2,884,2,884,0,0
"192.168.1.31",57144,16,5553,8,2479,8,3074
"192.168.1.1",57145,6,2354,6,2354,0,0
"192.168.1.1",57151,8,3238,8,3238,0,0
"192.168.1.1",57156,1,349,1,349,0,0
"192.168.1.1",57171,2,884,2,884,0,0
"192.168.1.1",57173,2,884,2,884,0,0
"192.168.1.1",57180,2,884,2,884,0,0
"192.168.1.1",57181,6,2354,6,2354,0,0
"192.168.1.31",57182,140,55329,71,27078,69,28251
"192.168.1.1",57189,6,2354,6,2354,0,0
"192.168.1.31",57191,2,196,1,90,1,106
"192.168.1.31",57194,2,235,1,85,1,150
"192.168.1.31",57195,2,212,1,78,1,134
"192.168.1.31",57196,4,848,4,848,0,0
"192.168.1.1",57201,1,369,1,369,0,0
"192.168.1.31",57202,2,138,1,69,1,69
"192.168.1.31",57204,2,215,1,83,1,132
"192.168.1.31",57205,2,182,1,77,1,105
"192.168.1.1",57213,1,362,1,362,0,0
"192.168.1.31",57221,2,182,1,77,1,105
"192.168.1.1",57222,12,4708,12,4708,0,0
"192.168.1.31",57222,42,45248,11,5217,31,40031
"192.168.1.31",57227,2,222,1,71,1,151
"192.168.1.31",57230,2,168,1,76,1,92
"2001:14ba:a051:8c00:15a0:90ff:ab54:3867",57230,1,96,1,96,0,0
"192.168.1.31",57231,2,236,1,85,1,151
"192.168.1.1",57234,1,92,1,92,0,0
"192.168.1.1",57235,4,1768,4,1768,0,0
"192.168.1.31",57237,29,8805,14,3692,15,5113
"192.168.1.31",57244,2,176,1,88,1,88
"192.168.1.1",57246,2,884,2,884,0,0
"192.168.1.1",57247,1,415,1,415,0,0
"192.168.1.31",57248,2,289,1,83,1,206
"192.168.1.1",57249,6,2354,6,2354,0,0
"192.168.1.1",57250,1,92,1,92,0,0
"192.168.1.31",57250,2,292,1,86,1,206
"192.168.1.31",57251,19,7795,9,2314,10,5481
"192.168.1.1",57257,6,2354,6,2354,0,0
"192.168.1.31",57261,105,38654,51,17981,54,20673
"192.168.1.1",57271,6,2354,6,2354,0,0
"192.168.1.31",57273,2,186,1,79,1,107
"192.168.1.31",57274,16,9571,7,5247,9,4324
"192.168.1.31",57280,2,274,1,78,1,196
"192.168.1.31",57281,30,9185,17,4261,13,4924
"192.168.1.1",57282,6,2354,6,2354,0,0
"192.168.1.1",57283,1,92,1,92,0,0
"192.168.1.1",57285,2,884,2,884,0,0
"192.168.1.31",57287,2,178,1,81,1,97
"2001:14ba:a051:8c00:15a0:90ff:ab54:3867",57287,1,101,1,101,0,0
"192.168.1.1",57289,1,310,1,310,0,0
"192.168.1.31",57290,2,256,1,76,1,180
"192.168.1.1",57291,6,2354,6,2354,0,0
"192.168.1.1",57292,1,92,1,92,0,0
"192.168.1.1",57297,6,2354,6,2354,0,0
"192.168.1.31",57298,2,215,1,84,1,131
"2001:14ba:a051:8c00:15a0:90ff:ab54:3867",57298,1,104,1,104,0,0
"192.168.1.1",57301,2,884,2,884,0,0
"192.168.1.1",57302,6,2354,6,2354,0,0
"192.168.1.31",57305,4,420,2,162,2,258
"192.168.1.31",57306,14,6769,7,4095,7,2674
"192.168.1.31",57307,2,215,1,83,1,132
"192.168.1.1",57308,2,884,2,884,0,0
"192.168.1.31",57308,2,178,1,81,1,97
"2001:14ba:a051:8c00:15a0:90ff:ab54:3867",57308,1,101,1,101,0,0
"192.168.1.31",57309,2,226,1,83,1,143
"192.168.1.31",57314,2,222,1,71,1,151
"192.168.1.1",57320,6,2354,6,2354,0,0
"192.168.1.31",57323,2,198,1,91,1,107
"192.168.1.1",57325,1,92,1,92,0,0
"192.168.1.1",57326,2,884,2,884,0,0
"192.168.1.1",57327,2,884,2,884,0,0
"192.168.1.1",57328,2,884,2,884,0,0
"192.168.1.1",57331,8,3238,8,3238,0,0
"192.168.1.31",57332,2,138,1,69,1,69
"192.168.1.1",57334,2,884,2,884,0,0
"192.168.1.31",57334,2,418,1,74,1,344
"2001:14ba:a051:8c00:15a0:90ff:ab54:3867",57334,1,94,1,94,0,0
"192.168.1.31",57335,2,227,1,83,1,144
"192.168.1.1",57338,2,884,2,884,0,0
"192.168.1.1",57342,1,310,1,310,0,0
"192.168.1.31",57349,21,6484,10,3181,11,3303
"192.168.1.1",57350,6,2354,6,2354,0,0
"192.168.1.31",57352,2,190,1,81,1,109
"2001:14ba:a051:8c00:15a0:90ff:ab54:3867",57352,1,101,1,101,0,0
"192.168.1.31",57354,2,259,1,77,1,182
"2001:14ba:a051:8c00:15a0:90ff:ab54:3867",57354,1,97,1,97,0,0
"192.168.1.31",57355,2,263,1,83,1,180
"192.168.1.1",57368,14,5592,14,5592,0,0
"192.168.1.31",57368,2,202,1,93,1,109
"192.168.1.1",57374,6,2354,6,2354,0,0
"192.168.1.31",57375,2,424,1,69,1,355
"192.168.1.1",57386,12,4708,12,4708,0,0
"192.168.1.1",57387,2,884,2,884,0,0
"192.168.1.31",57388,26,14121,15,11388,11,2733
"192.168.1.1",57390,2,884,2,884,0,0
"192.168.1.1",57396,2,884,2,884,0,0
"192.168.1.1",57397,1,353,1,353,0,0
"192.168.1.31",57398,2,317,1,86,1,231
"192.168.1.31",57399,18,9957,9,3123,9,6834
"192.168.1.31",57401,2,206,1,71,1,135
"192.168.1.1",57403,2,884,2,884,0,0
"192.168.1.31",57412,4,848,4,848,0,0
"192.168.1.31",57413,2,190,1,81,1,109
"2001:14ba:a051:8c00:15a0:90ff:ab54:3867",57413,1,101,1,101,0,0
"192.168.1.31",57414,2,241,1,74,1,167
"192.168.1.31",57422,22,7650,11,3238,11,4412
"192.168.1.1",57425,12,4708,12,4708,0,0
"192.168.1.31",57427,42,19050,22,15610,20,3440
"192.168.1.1",57428,6,2354,6,2354,0,0
"192.168.1.1",57435,2,884,2,884,0,0
"192.168.1.31",57441,4,471,2,155,2,316
"2001:14ba:a051:8c00:15a0:90ff:ab54:3867",57441,1,106,1,106,0,0
"192.168.1.31",57442,20,10127,10,3199,10,6928
"2001:14ba:a051:8c00:15a0:90ff:ab54:3867",57442,1,99,1,99,0,0
"192.168.1.1",57450,1,92,1,92,0,0
"192.168.1.1",57451,2,884,2,884,0,0
"192.168.1.31",57451,2,178,1,81,1,97
"192.168.1.31",57453,2,298,1,85,1,213
"192.168.1.1",57455,1,92,1,92,0,0
"192.168.1.31",57455,2,202,1,87,1,115
"192.168.1.31",57457,2,215,1,83,1,132
"192.168.1.31",57459,2,172,1,78,1,94
"2001:14ba:a051:8c00:15a0:90ff:ab54:3867",57459,1,98,1,98,0,0
"2001:14ba:a051:8c00:15a0:90ff:ab54:3867",57462,1,89,1,89,0,0
"192.168.1.1",57464,6,2354,6,2354,0,0
"192.168.1.31",57465,2,298,1,85,1,213
"192.168.1.1",57466,6,2354,6,2354,0,0
"192.168.1.31",57469,4,388,2,164,2,224
"192.168.1.31",57471,32,16351,17,13360,15,2991
"192.168.1.1",57472,1,310,1,310,0,0
"192.168.1.31",57472,2,298,1,85,1,213
"192.168.1.1",57474,8,3238,8,3238,0,0
"192.168.1.31",57474,2,210,1,81,1,129
"192.168.1.1",57478,6,2354,6,2354,0,0
"192.168.1.1",57481,1,349,1,349,0,0
"192.168.1.31",57483,2,186,1,79,1,107
"2001:14ba:a051:8c00:15a0:90ff:ab54:3867",57483,1,99,1,99,0,0
"192.168.1.31",57484,18,9809,8,5317,10,4492
"192.168.1.1",57486,2,884,2,884,0,0
"192.168.1.31",57488,2,418,1,74,1,344
"192.168.1.31",57494,13,5645,6,2779,7,2866
"192.168.1.31",57495,2,154,1,69,1,85
"192.168.1.1",57497,1,92,1,92,0,0
"192.168.1.31",57501,2,227,1,83,1,144
"192.168.1.31",57503,4,450,2,185,2,265
"2001:14ba:a051:8c00:15a0:90ff:ab54:3867",57503,1,111,1,111,0,0
"192.168.1.1",57506,2,884,2,884,0,0
"192.168.1.31",57522,2,236,1,85,1,151
"192.168.1.31",57532,2,223,1,83,1,140
"192.168.1.1",57533,6,2354,6,2354,0,0
"192.168.1.31",57533,2,154,1,69,1,85
"192.168.1.1",57534,6,2354,6,2354,0,0
"192.168.1.31",57535,2,267,1,97,1,170
"2001:14ba:a051:8c00:15a0:90ff:ab54:3867",57535,1,117,1,117,0,0
"192.168.1.1",57540,1,369,1,369,0,0
"192.168.1.1",57545,6,2354,6,2354,0,0
"192.168.1.31",57545,2,236,1,85,1,151
"192.168.1.1",57546,2,884,2,884,0,0
"192.168.1.1",57553,2,884,2,884,0,0
"192.168.1.31",57558,2,247,1,85,1,162
"192.168.1.31",57559,2,404,1,69,1,335
"192.168.1.31",57560,2,235,1,85,1,150
"192.168.1.31",57565,2,176,1,88,1,88
"192.168.1.31",57568,4,515,2,163,2,352
"192.168.1.1",57569,1,417,1,417,0,0
"192.168.1.31",57569,2,298,1,85,1,213
"192.168.1.31",57570,20,6539,10,4091,10,2448
"192.168.1.1",57573,6,2354,6,2354,0,0
"192.168.1.1",57575,6,2354,6,2354,0,0
"192.168.1.31",57576,2,253,1,83,1,170
"192.168.1.1",57577,6,2354,6,2354,0,0
"192.168.1.1",57583,2,884,2,884,0,0
"192.168.1.31",57584,2,176,1,80,1,96
"192.168.1.1",57589,2,884,2,884,0,0
"192.168.1.31",57592,2,154,1,69,1,85
"2001:14ba:a051:8c00:15a0:90ff:ab54:3867",57592,1,89,1,89,0,0
"192.168.1.1",57593,2,884,2,884,0,0
"192.168.1.31",57596,2,215,1,84,1,131
"2001:14ba:a051:8c00:15a0:90ff:ab54:3867",57596,1,104,1,104,0,0
"192.168.1.31",57602,2,419,1,69,1,350
"192.168.1.1",57609,6,2354,6,2354,0,0
"192.168.1.31",57611,2,419,1,69,1,350
"192.168.1.31",57621,561,48246,561,48246,0,0
"192.168.1.255",57621,561,48246,0,0,561,48246
"192.168.1.1",57622,1,433,1,433,0,0
"192.168.1.31",57623,2,298,1,85,1,213
"192.168.1.31",57626,2,424,1,69,1,355
"192.168.1.1",57628,6,2354,6,2354,0,0
"192.168.1.31",57633,2,298,1,85,1,213
"192.168.1.1",57644,2,884,2,884,0,0
"192.168.1.31",57648,2,253,1,74,1,179
"2001:14ba:a051:8c00:15a0:90ff:ab54:3867",57648,1,94,1,94,0,0
"192.168.1.31",57651,2,197,1,73,1,124
"192.168.1.1",57653,1,369,1,369,0,0
"192.168.1.31",57656,2,260,1,78,1,182
"192.168.1.1",57658,6,2354,6,2354,0,0
"192.168.1.31",57665,4,438,2,153,2,285
"2001:14ba:a051:8c00:15a0:90ff:ab54:3867",57665,1,91,1,91,0,0
"192.168.1.1",57676,2,884,2,884,0,0
"192.168.1.1",57678,2,884,2,884,0,0
"192.168.1.31",57688,2,198,1,91,1,107
"192.168.1.1",57689,6,2354,6,2354,0,0
"192.168.1.1",57690,2,884,2,884,0,0
"192.168.1.1",57693,1,362,1,362,0,0
"192.168.1.1",57697,2,884,2,884,0,0
"192.168.1.1",57701,6,2354,6,2354,0,0
"192.168.1.31",57701,2,298,1,85,1,213
"192.168.1.1",57710,1,433,1,433,0,0
"192.168.1.31",57710,2,227,1,83,1,144
"192.168.1.1",57715,6,2354,6,2354,0,0
"192.168.1.31",57725,2,215,1,83,1,132
"192.168.1.1",57727,6,2354,6,2354,0,0
"192.168.1.31",57727,2,170,1,77,1,93
"192.168.1.31",57728,26,10192,14,2707,12,7485
"2001:14ba:a051:8c00:15a0:90ff:ab54:3867",57728,1,114,1,114,0,0
"192.168.1.31",57730,2,213,1,81,1,132
"192.168.1.1",57732,2,884,2,884,0,0
"192.168.1.1",57738,1,415,1,415,0,0
"192.168.1.1",57745,2,884,2,884,0,0
"192.168.1.31",57745,2,138,1,69,1,69
"192.168.1.1",57747,6,2354,6,2354,0,0
"192.168.1.1",57750,7,2664,7,2664,0,0
"192.168.1.31",57751,2,215,1,83,1,132
"192.168.1.31",57756,2,176,1,88,1,88
"2001:14ba:a051:8c00:15a0:90ff:ab54:3867",57756,1,108,1,108,0,0
"192.168.1.31",57757,12,5499,6,2849,6,2650
"192.168.1.1",57760,2,884,2,884,0,0
"192.168.1.31",57764,2,138,1,69,1,69
"192.168.1.31",57770,34,14392,17,7261,17,7131
"192.168.1.31",57771,4,848,4,848,0,0
"192.168.1.31",57777,2,241,1,83,1,158
"192.168.1.1",57779,1,362,1,362,0,0
"192.168.1.1",57783,6,2354,6,2354,0,0
"192.168.1.1",57787,2,884,2,884,0,0
"192.168.1.1",57788,2,884,2,884,0,0
"192.168.1.31",57791,2,215,1,83,1,132
"192.168.1.1",57795,2,884,2,884,0,0
"192.168.1.31",57795,2,424,1,69,1,355
"192.168.1.31",57801,2,232,1,116,1,116
"192.168.1.1",57812,1,92,1,92,0,0
"192.168.1.31",57819,2,201,1,71,1,130
"2001:14ba:a051:8c00:15a0:90ff:ab54:3867",57819,2,182,2,182,0,0
"192.168.1.31",57821,4,316,2,150,2,166
"2001:14ba:a051:8c00:15a0:90ff:ab54:3867",57821,1,101,1,101,0,0
"192.168.1.31",57824,2,222,1,81,1,141
"192.168.1.1",57825,6,2354,6,2354,0,0
"192.168.1.31",57825,58,32708,20,4075,38,28633
"192.168.1.31",57826,2,227,1,83,1,144
"192.168.1.1",57827,2,884,2,884,0,0
"192.168.1.1",57833,3,976,3,976,0,0
"192.168.1.31",57845,2,194,1,97,1,97
"192.168.1.31",57847,2,182,1,83,1,99
"192.168.1.31",57848,2,186,1,76,1,110
"2001:14ba:a051:8c00:15a0:90ff:ab54:3867",57848,1,96,1,96,0,0
"192.168.1.31",57853,2,217,1,83,1,134
"2001:14ba:a051:8c00:15a0:90ff:ab54:3867",57853,1,103,1,103,0,0
"192.168.1.31",57854,4,631,2,167,2,464
"2001:14ba:a051:8c00:15a0:90ff:ab54:3867",57854,1,115,1,115,0,0
"192.168.1.31",57855,2,176,1,88,1,88
"192.168.1.1",57856,6,2354,6,2354,0,0
"192.168.1.31",57859,11,4715,4,1711,7,3004
"192.168.1.31",57860,4,848,4,848,0,0
"192.168.1.31",57861,6,1287,5,937,1,350
"192.168.1.31",57863,2,238,1,83,1,155
"192.168.1.31",57864,2,254,1,71,1,183
"192.168.1.1",57866,7,2703,7,2703,0,0
"192.168.1.31",57869,2,241,1,83,1,158
"192.168.1.31",57876,2,395,1,69,1,326
"192.168.1.31",57881,2,174,1,79,1,95
"2001:14ba:a051:8c00:15a0:90ff:ab54:3867",57881,1,99,1,99,0,0
"192.168.1.1",57882,2,884,2,884,0,0
"192.168.1.1",57889,2,884,2,884,0,0
"192.168.1.1",57892,6,2354,6,2354,0,0
"192.168.1.1",57898,2,884,2,884,0,0
"192.168.1.1",57899,2,884,2,884,0,0
"192.168.1.31",57899,2,298,1,85,1,213
"192.168.1.31",57900,2,245,1,76,1,169
"192.168.1.1",57910,1,92,1,92,0,0
"192.168.1.31",57911,2,236,1,85,1,151
"192.168.1.1",57914,2,884,2,884,0,0
"192.168.1.31",57917,2,419,1,69,1,350
"192.168.1.31",57928,2,224,1,85,1,139
"192.168.1.1",57929,6,2354,6,2354,0,0
"192.168.1.31",57930,4,414,2,160,2,254
"192.168.1.31",57931,12,4788,5,1785,7,3003
"192.168.1.31",57933,2,197,1,73,1,124
"192.168.1.1",57941,7,2446,7,2446,0,0
"192.168.1.31",57942,2,190,1,87,1,103
"2001:14ba:a051:8c00:15a0:90ff:ab54:3867",57942,1,107,1,107,0,0
"192.168.1.1",57943,2,884,2,884,0,0
"192.168.1.31",57944,47,26509,27,23143,20,3366
"192.168.1.31",57945,4,449,2,159,2,290
"192.168.1.1",57949,1,92,1,92,0,0
"192.168.1.31",57950,4,541,2,171,2,370
"2001:14ba:a051:8c00:15a0:90ff:ab54:3867",57950,1,106,1,106,0,0
"192.168.1.31",57951,2,241,1,83,1,158
"192.168.1.1",57953,2,884,2,884,0,0
"192.168.1.31",57953,2,317,1,86,1,231
"192.168.1.31",57954,13,5567,7,2918,6,2649
"192.168.1.31",57959,2,199,1,74,1,125
"2001:14ba:a051:8c00:15a0:90ff:ab54:3867",57959,1,94,1,94,0,0
"192.168.1.1",57960,1,349,1,349,0,0
"192.168.1.31",57974,39,15786,21,11878,18,3908
"192.168.1.1",57977,1,362,1,362,0,0
"192.168.1.31",57980,4,493,2,164,2,329
"2001:14ba:a051:8c00:15a0:90ff:ab54:3867",57980,1,101,1,101,0,0
"192.168.1.31",57981,2,216,1,94,1,122
"192.168.1.1",57982,2,884,2,884,0,0
"192.168.1.31",57982,518,328381,204,93909,314,234472
"192.168.1.31",57983,12,5493,6,2844,6,2649
"192.168.1.1",57989,6,2354,6,2354,0,0
"192.168.1.31",57989,21,6702,11,4184,10,2518
"192.168.1.31",57991,2,194,1,83,1,111
"192.168.1.31",57992,2,138,1,69,1,69
"2001:14ba:a051:8c00:15a0:90ff:ab54:3867",57992,1,89,1,89,0,0
"192.168.1.31",57996,4,519,2,158,2,361
"192.168.1.31",57997,2,178,1,81,1,97
"192.168.1.1",58005,2,884,2,884,0,0
"192.168.1.31",58007,2,186,1,77,1,109
"2001:14ba:a051:8c00:15a0:90ff:ab54:3867",58007,1,97,1,97,0,0
"192.168.1.31",58009,2,227,1,77,1,150
"2001:14ba:a051:8c00:15a0:90ff:ab54:3867",58009,1,97,1,97,0,0
"192.168.1.1",58011,1,92,1,92,0,0
"192.168.1.31",58011,46,19475,24,15201,22,4274
"192.168.1.1",58015,6,2354,6,2354,0,0
"192.168.1.31",58018,2,186,1,85,1,101
"2001:14ba:a051:8c00:15a0:90ff:ab54:3867",58018,1,105,1,105,0,0
"192.168.1.31",58021,2,192,1,88,1,104
"2001:14ba:a051:8c00:15a0:90ff:ab54:3867",58021,1,108,1,108,0,0
"192.168.1.31",58022,2,192,1,88,1,104
"192.168.1.1",58024,6,2354,6,2354,0,0
"192.168.1.1",58029,6,2354,6,2354,0,0
"192.168.1.31",58032,8,10336,8,10336,0,0
"192.168.1.1",58034,6,2354,6,2354,0,0
"192.168.1.1",58038,10,3683,10,3683,0,0
"192.168.1.31",58038,2,186,1,79,1,107
"2001:14ba:a051:8c00:15a0:90ff:ab54:3867",58038,1,99,1,99,0,0
"192.168.1.31",58039,2,174,1,79,1,95
"192.168.1.31",58040,2,227,1,83,1,144
"192.168.1.31",58041,2,253,1,73,1,180
"192.168.1.31",58049,2,298,1,85,1,213
"192.168.1.1",58053,1,92,1,92,0,0
"192.168.1.31",58054,2,315,1,83,1,232
"192.168.1.31",58056,38,16224,20,12266,18,3958
"192.168.1.1",58062,2,884,2,884,0,0
"192.168.1.31",58065,30,9909,14,4040,16,5869
"192.168.1.31",58068,19,8469,10,5911,9,2558
"192.168.1.31",58069,18,8394,9,5836,9,2558
"192.168.1.1",58070,2,884,2,884,0,0
"192.168.1.31",58070,6,1072,5,933,1,139
"192.168.1.31",58071,4,868,4,868,0,0
"192.168.1.1",58075,1,92,1,92,0,0
"192.168.1.31",58075,2,236,1,85,1,151
"192.168.1.1",58087,1,369,1,369,0,0
"192.168.1.31",58087,2,192,1,88,1,104
"2001:14ba:a051:8c00:15a0:90ff:ab54:3867",58087,1,108,1,108,0,0
"192.168.1.1",58091,1,310,1,310,0,0
"192.168.1.1",58093,6,2354,6,2354,0,0
"192.168.1.31",58095,2,400,1,88,1,312
"192.168.1.31",58096,4,848,4,848,0,0
"192.168.1.31",58097,19,9783,10,2239,9,7544
"192.168.1.31",58098,4,868,4,868,0,0
"192.168.1.31",58099,2,199,1,74,1,125
"192.168.1.31",58101,2,138,1,69,1,69
"2001:14ba:a051:8c00:15a0:90ff:ab54:3867",58101,1,89,1,89,0,0
"192.168.1.31",58109,2,279,1,78,1,201
"192.168.1.31",58118,2,400,1,88,1,312
"192.168.1.31",58119,2,224,1,85,1,139
"192.168.1.31",58121,2,257,1,88,1,169
"2001:14ba:a051:8c00:15a0:90ff:ab54:3867",58121,2,216,2,216,0,0
"192.168.1.1",58134,1,362,1,362,0,0
"192.168.1.1",58139,1,92,1,92,0,0
"192.168.1.31",58139,2,138,1,69,1,69
"2001:14ba:a051:8c00:15a0:90ff:ab54:3867",58139,1,89,1,89,0,0
"192.168.1.31",58140,2,138,1,69,1,69
"192.168.1.1",58141,1,425,1,425,0,0
"192.168.1.1",58142,1,92,1,92,0,0
"192.168.1.1",58145,2,884,2,884,0,0
"192.168.1.1",58147,6,2354,6,2354,0,0
"192.168.1.1",58159,1,92,1,92,0,0
"192.168.1.31",58159,2,222,1,71,1,151
"2001:14ba:a051:8c00:15a0:90ff:ab54:3867",58159,2,182,2,182,0,0
"192.168.1.1",58168,2,884,2,884,0,0
"192.168.1.31",58168,2,294,1,91,1,203
"2001:14ba:a051:8c00:15a0:90ff:ab54:3867",58168,1,111,1,111,0,0
"192.168.1.1",58170,1,369,1,369,0,0
"192.168.1.31",58178,2,253,1,83,1,170
"192.168.1.1",58183,2,884,2,884,0,0
"192.168.1.31",58183,2,253,1,83,1,170
"192.168.1.1",58184,2,884,2,884,0,0
"192.168.1.31",58199,2,223,1,76,1,147
"192.168.1.1",58204,2,884,2,884,0,0
"192.168.1.31",58212,2,253,1,83,1,170
"192.168.1.31",58213,16,6764,8,4173,8,2591
"192.168.1.31",58216,2,174,1,79,1,95
"192.168.1.1",58224,2,884,2,884,0,0
"192.168.1.31",58228,2,379,1,69,1,310
"192.168.1.1",58231,2,884,2,884,0,0
"192.168.1.31",58232,4,402,2,160,2,242
"2001:14ba:a051:8c00:15a0:90ff:ab54:3867",58232,1,95,1,95,0,0
"192.168.1.31",58233,10,4636,3,1633,7,3003
"192.168.1.31",58235,2,419,1,69,1,350
"192.168.1.31",58238,34,11273,16,4194,18,7079
"192.168.1.31",58240,2,164,1,74,1,90
"192.168.1.1",58241,2,884,2,884,0,0
"192.168.1.31",58242,2,186,1,85,1,101
"2001:14ba:a051:8c00:15a0:90ff:ab54:3867",58242,1,105,1,105,0,0
"192.168.1.1",58245,6,2354,6,2354,0,0
"192.168.1.31",58246,2,232,1,108,1,124
"2001:14ba:a051:8c00:15a0:90ff:ab54:3867",58246,1,128,1,128,0,0
"192.168.1.31",58247,20,18763,7,4733,13,14030
"192.168.1.1",58254,2,884,2,884,0,0
"192.168.1.1",58260,6,2354,6,2354,0,0
"192.168.1.31",58260,4,428,2,173,2,255
"2001:14ba:a051:8c00:15a0:90ff:ab54:3867",58260,2,216,2,216,0,0
"192.168.1.1",58262,1,310,1,310,0,0
"192.168.1.31",58262,2,289,1,83,1,206
"192.168.1.31",58265,2,154,1,69,1,85
"192.168.1.1",58269,6,2354,6,2354,0,0
"192.168.1.31",58270,2,304,1,96,1,208
"192.168.1.31",58272,14,6636,7,4095,7,2541
"192.168.1.31",58273,4,848,4,848,0,0
"192.168.1.31",58274,2,315,1,83,1,232
"192.168.1.1",58280,2,884,2,884,0,0
"192.168.1.31",58282,2,182,1,77,1,105
"2001:14ba:a051:8c00:15a0:90ff:ab54:3867",58282,1,97,1,97,0,0
"192.168.1.31",58286,2,257,1,88,1,169
"192.168.1.31",58287,12,5494,6,2845,6,2649
"192.168.1.31",58293,27,13601,15,10802,12,2799
"192.168.1.1",58299,6,2354,6,2354,0,0
"192.168.1.1",58302,4,1768,4,1768,0,0
"192.168.1.1",58304,2,884,2,884,0,0
"192.168.1.1",58305,1,92,1,92,0,0
"192.168.1.31",58307,2,192,1,88,1,104
"192.168.1.1",58308,1,92,1,92,0,0
"192.168.1.31",58309,2,186,1,76,1,110
"192.168.1.31",58311,2,257,1,88,1,169
"192.168.1.31",58312,12,5495,6,2845,6,2650
"192.168.1.1",58314,1,92,1,92,0,0
"192.168.1.31",58314,2,154,1,69,1,85
"2001:14ba:a051:8c00:15a0:90ff:ab54:3867",58314,1,89,1,89,0,0
"192.168.1.1",58320,2,884,2,884,0,0
"192.168.1.31",58321,2,224,1,85,1,139
"192.168.1.1",58323,1,310,1,310,0,0
"192.168.1.31",58323,14,6726,7,4098,7,2628
"192.168.1.31",58324,6,1056,5,948,1,108
"192.168.1.31",58325,2,353,1,74,1,279
"192.168.1.1",58327,1,92,1,92,0,0
"192.168.1.31",58330,2,210,1,81,1,129
"192.168.1.31",58336,2,194,1,83,1,111
"192.168.1.1",58337,6,2354,6,2354,0,0
"192.168.1.31",58341,2,184,1,84,1,100
"2001:14ba:a051:8c00:15a0:90ff:ab54:3867",58341,1,104,1,104,0,0
"192.168.1.31",58342,4,352,2,145,2,207
"2001:14ba:a051:8c00:15a0:90ff:ab54:3867",58342,1,96,1,96,0,0
"192.168.1.31",58343,2,162,1,81,1,81
"2001:14ba:a051:8c00:15a0:90ff:ab54:3867",58343,1,101,1,101,0,0
"192.168.1.31",58345,2,298,1,85,1,213
"192.168.1.31",58349,2,197,1,76,1,121
"192.168.1.31",58351,2,241,1,83,1,158
"192.168.1.31",58365,2,315,1,89,1,226
"2001:14ba:a051:8c00:15a0:90ff:ab54:3867",58365,1,109,1,109,0,0
"192.168.1.1",58367,1,415,1,415,0,0
"192.168.1.31",58370,2,226,1,83,1,143
"192.168.1.1",58378,6,2354,6,2354,0,0
"192.168.1.1",58385,2,884,2,884,0,0
"192.168.1.31",58389,2,154,1,69,1,85
"192.168.1.31",58392,4,594,2,157,2,437
"192.168.1.31",58394,2,176,1,88,1,88
"192.168.1.1",58395,6,2354,6,2354,0,0
"192.168.1.31",58395,12,5493,6,2843,6,2650
"192.168.1.1",58397,2,884,2,884,0,0
"192.168.1.31",58399,2,180,1,76,1,104
"2001:14ba:a051:8c00:15a0:90ff:ab54:3867",58399,1,96,1,96,0,0
"192.168.1.31",58404,2,201,1,71,1,130
"192.168.1.1",58407,6,2354,6,2354,0,0
"192.168.1.31",58407,2,274,1,81,1,193
"2001:14ba:a051:8c00:15a0:90ff:ab54:3867",58407,1,101,1,101,0,0
"192.168.1.31",58408,99,64149,34,7868,65,56281
"192.168.1.31",58409,2,203,1,76,1,127
"2001:14ba:a051:8c00:15a0:90ff:ab54:3867",58409,1,96,1,96,0,0
"192.168.1.31",58412,2,238,1,83,1,155
"192.168.1.31",58413,67,30838,34,15369,33,15469
"192.168.1.31",58418,18,7516,9,3087,9,4429
"192.168.1.31",58419,2,298,1,85,1,213
"192.168.1.1",58424,1,349,1,349,0,0
"192.168.1.31",58424,2,232,1,75,1,157
"2001:14ba:a051:8c00:15a0:90ff:ab54:3867",58424,1,95,1,95,0,0
"192.168.1.1",58425,2,884,2,884,0,0
"192.168.1.1",58433,6,2354,6,2354,0,0
"192.168.1.31",58436,19,6491,10,4109,9,2382
"192.168.1.1",58440,6,2354,6,2354,0,0
"192.168.1.31",58444,2,360,1,89,1,271
"2001:14ba:a051:8c00:15a0:90ff:ab54:3867",58444,1,109,1,109,0,0
"192.168.1.31",58457,2,215,1,83,1,132
"192.168.1.1",58465,1,310,1,310,0,0
"192.168.1.31",58465,26,12436,14,9315,12,3121
"192.168.1.1",58466,6,2354,6,2354,0,0
"192.168.1.31",58466,2,361,1,91,1,270
"192.168.1.1",58468,2,884,2,884,0,0
"192.168.1.31",58477,2,209,1,76,1,133
"192.168.1.31",58478,18,6307,7,1948,11,4359
"192.168.1.1",58479,12,4708,12,4708,0,0
"192.168.1.31",58480,2,166,1,75,1,91
"192.168.1.31",58481,2,188,1,80,1,108
"2001:14ba:a051:8c00:15a0:90ff:ab54:3867",58481,1,100,1,100,0,0
"192.168.1.31",58482,32,14292,14,3004,18,11288
"192.168.1.1",58490,6,2354,6,2354,0,0
"192.168.1.1",58492,1,92,1,92,0,0
"192.168.1.31",58494,4,631,2,152,2,479
"192.168.1.1",58495,6,2354,6,2354,0,0
"192.168.1.1",58498,1,433,1,433,0,0
"192.168.1.1",58506,6,2354,6,2354,0,0
"192.168.1.31",58507,2,235,1,85,1,150
"192.168.1.31",58508,2,138,1,69,1,69
"192.168.1.31",58509,4,848,4,848,0,0
"192.168.1.1",58512,1,427,1,427,0,0
"192.168.1.1",58513,2,884,2,884,0,0
"192.168.1.31",58521,2,298,1,85,1,213
"192.168.1.31",58524,2,244,1,93,1,151
"192.168.1.1",58531,2,884,2,884,0,0
"192.168.1.1",58535,2,884,2,884,0,0
"192.168.1.1",58540,2,884,2,884,0,0
"192.168.1.31",58541,2,138,1,69,1,69
"2001:14ba:a051:8c00:15a0:90ff:ab54:3867",58541,1,89,1,89,0,0
"192.168.1.1",58547,6,2354,6,2354,0,0
"192.168.1.31",58548,2,470,1,80,1,390
"2001:14ba:a051:8c00:15a0:90ff:ab54:3867",58548,1,100,1,100,0,0
"2001:14ba:a051:8c00:15a0:90ff:ab54:3867",58551,1,89,1,89,0,0
"192.168.1.31",58552,2,289,1,83,1,206
"192.168.1.1",58557,1,310,1,310,0,0
"192.168.1.31",58567,2,424,1,69,1,355
"192.168.1.1",58571,2,884,2,884,0,0
"192.168.1.1",58572,6,2354,6,2354,0,0
"192.168.1.31",58579,4,496,2,176,2,320
"2001:14ba:a051:8c00:15a0:90ff:ab54:3867",58579,1,111,1,111,0,0
"192.168.1.31",58580,87,38155,45,19348,42,18807
"192.168.1.31",58581,17,6323,9,4012,8,2311
"192.168.1.1",58587,6,2354,6,2354,0,0
"192.168.1.1",58596,2,884,2,884,0,0
"192.168.1.1",58598,6,2354,6,2354,0,0
"192.168.1.1",58602,2,884,2,884,0,0
"192.168.1.1",58604,2,884,2,884,0,0
"192.168.1.31",58609,2,211,1,76,1,135
"192.168.1.31",58611,2,138,1,69,1,69
"192.168.1.1",58617,2,884,2,884,0,0
"192.168.1.31",58619,2,215,1,83,1,132
"192.168.1.31",58620,2,404,1,69,1,335
"192.168.1.31",58628,2,182,1,83,1,99
"2001:14ba:a051:8c00:15a0:90ff:ab54:3867",58628,1,103,1,103,0,0
"192.168.1.31",58633,20,8002,10,4779,10,3223
"192.168.1.1",58635,1,310,1,310,0,0
"192.168.1.31",58635,2,298,1,85,1,213
"192.168.1.1",58636,1,92,1,92,0,0
"192.168.1.31",58638,2,194,1,89,1,105
"192.168.1.31",58640,31,10231,16,4902,15,5329
"192.168.1.1",58641,1,92,1,92,0,0
"192.168.1.1",58643,2,884,2,884,0,0
"192.168.1.1",58648,2,884,2,884,0,0
"192.168.1.1",58652,2,884,2,884,0,0
"192.168.1.31",58653,2,227,1,83,1,144
"192.168.1.1",58654,1,349,1,349,0,0
"192.168.1.1",58659,1,92,1,92,0,0
"192.168.1.31",58659,2,283,1,78,1,205
"192.168.1.31",58665,2,419,1,69,1,350
"192.168.1.1",58672,6,2354,6,2354,0,0
"192.168.1.31",58674,28,12765,15,9539,13,3226
"192.168.1.1",58678,6,2354,6,2354,0,0
"192.168.1.1",58682,2,884,2,884,0,0
"192.168.1.1",58687,2,884,2,884,0,0
"192.168.1.31",58692,2,174,1,79,1,95
"192.168.1.31",58693,88,90772,14,2622,74,88150
"192.168.1.31",58694,2,180,1,82,1,98
"192.168.1.31",58699,2,236,1,85,1,151
"192.168.1.31",58701,2,265,1,77,1,188
"192.168.1.1",58702,6,2354,6,2354,0,0
"192.168.1.31",58702,2,205,1,83,1,122
"2001:14ba:a051:8c00:15a0:90ff:ab54:3867",58702,1,103,1,103,0,0
"192.168.1.1",58707,1,92,1,92,0,0
"192.168.1.31",58708,2,279,1,78,1,201
"192.168.1.31",58710,2,199,1,74,1,125
"192.168.1.31",58718,14,6640,7,4098,7,2542
"192.168.1.31",58719,2,182,1,83,1,99
"2001:14ba:a051:8c00:15a0:90ff:ab54:3867",58719,1,103,1,103,0,0
"192.168.1.31",58724,2,190,1,81,1,109
"192.168.1.31",58725,13,7394,5,1823,8,5571
"192.168.1.1",58726,2,884,2,884,0,0
"192.168.1.1",58729,2,884,2,884,0,0
"192.168.1.31",58729,2,419,1,69,1,350
"192.168.1.31",58730,19,6328,9,3102,10,3226
"192.168.1.1",58732,2,884,2,884,0,0
"192.168.1.31",58735,1006,88441,489,43083,517,45358
"192.168.1.1",58738,6,2354,6,2354,0,0
"192.168.1.31",58739,2,247,1,85,1,162
"192.168.1.1",58740,6,2354,6,2354,0,0
"192.168.1.31",58742,2,289,1,83,1,206
"192.168.1.31",58743,2,360,1,89,1,271
"2001:14ba:a051:8c00:15a0:90ff:ab54:3867",58743,1,109,1,109,0,0
"192.168.1.1",58744,6,2354,6,2354,0,0
"192.168.1.31",58749,2,190,1,81,1,109
"2001:14ba:a051:8c00:15a0:90ff:ab54:3867",58749,1,101,1,101,0,0
"192.168.1.31",58753,2,261,1,77,1,184
"192.168.1.31",58756,2,186,1,79,1,107
"2001:14ba:a051:8c00:15a0:90ff:ab54:3867",58756,1,99,1,99,0,0
"192.168.1.31",58757,20,11379,7,5259,13,6120
"192.168.1.1",58758,2,884,2,884,0,0
"192.168.1.31",58759,2,254,1,71,1,183
"192.168.1.31",58762,2,220,1,82,1,138
"2001:14ba:a051:8c00:15a0:90ff:ab54:3867",58762,1,102,1,102,0,0
"192.168.1.31",58764,2,198,1,85,1,113
"192.168.1.1",58765,2,884,2,884,0,0
"192.168.1.1",58768,12,4708,12,4708,0,0
"192.168.1.31",58773,2,178,1,81,1,97
"192.168.1.1",58774,12,4708,12,4708,0,0
"192.168.1.31",58775,4,848,4,848,0,0
"192.168.1.1",58776,2,884,2,884,0,0
"192.168.1.31",58776,4,613,2,168,2,445
"192.168.1.31",58779,2,268,1,86,1,182
"2001:14ba:a051:8c00:15a0:90ff:ab54:3867",58779,2,212,2,212,0,0
"192.168.1.1",58784,1,92,1,92,0,0
"192.168.1.31",58784,2,176,1,80,1,96
"2001:14ba:a051:8c00:15a0:90ff:ab54:3867",58784,1,100,1,100,0,0
"192.168.1.1",58788,6,2354,6,2354,0,0
"192.168.1.31",58790,2,289,1,83,1,206
"192.168.1.31",58791,2,225,1,82,1,143
"192.168.1.1",58792,2,884,2,884,0,0
"192.168.1.1",58795,1,92,1,92,0,0
"192.168.1.31",58800,2,176,1,88,1,88
"2001:14ba:a051:8c00:15a0:90ff:ab54:3867",58800,1,108,1,108,0,0
"192.168.1.31",58801,4,848,4,848,0,0
"192.168.1.1",58802,6,2354,6,2354,0,0
"192.168.1.31",58802,4,868,4,868,0,0
"192.168.1.1",58805,2,679,2,679,0,0
"192.168.1.31",58805,2,315,1,83,1,232
"192.168.1.1",58806,6,2354,6,2354,0,0
"192.168.1.1",58813,1,427,1,427,0,0
"192.168.1.31",58813,2,298,1,85,1,213
"192.168.1.1",58816,1,353,1,353,0,0
"192.168.1.31",58819,2,424,1,69,1,355
"192.168.1.1",58821,2,884,2,884,0,0
"192.168.1.31",58822,2,198,1,85,1,113
"192.168.1.1",58824,6,2354,6,2354,0,0
"192.168.1.31",58833,2,174,1,79,1,95
"192.168.1.1",58835,1,92,1,92,0,0
"192.168.1.1",58840,2,884,2,884,0,0
"192.168.1.1",58843,2,884,2,884,0,0
"192.168.1.1",58846,1,349,1,349,0,0
"192.168.1.1",58849,1,425,1,425,0,0
"192.168.1.1",58850,1,92,1,92,0,0
"192.168.1.31",58853,15,6819,8,4390,7,2429
"192.168.1.1",58854,1,425,1,425,0,0
"192.168.1.31",58854,4,848,4,848,0,0
"192.168.1.31",58855,6,1090,5,939,1,151
"192.168.1.31",58859,2,198,1,91,1,107
"2001:14ba:a051:8c00:15a0:90ff:ab54:3867",58859,1,111,1,111,0,0
"192.168.1.31",58865,4,382,2,177,2,205
"2001:14ba:a051:8c00:15a0:90ff:ab54:3867",58865,3,326,3,326,0,0
"192.168.1.31",58866,44,23715,19,5011,25,18704
"192.168.1.31",58867,4,376,2,160,2,216
"2001:14ba:a051:8c00:15a0:90ff:ab54:3867",58867,2,200,2,200,0,0
"192.168.1.31",58868,37,20913,16,6006,21,14907
"192.168.1.1",58869,1,353,1,353,0,0
"192.168.1.1",58870,6,2354,6,2354,0,0
"192.168.1.31",58870,2,315,1,83,1,232
"192.168.1.1",58874,2,884,2,884,0,0
"192.168.1.1",58876,6,2354,6,2354,0,0
"192.168.1.1",58884,6,2354,6,2354,0,0
"192.168.1.1",58891,1,92,1,92,0,0
"192.168.1.31",58892,18,6955,9,4259,9,2696
"2001:14ba:a051:8c00:15a0:90ff:ab54:3867",58892,2,206,2,206,0,0
"192.168.1.1",58893,6,2354,6,2354,0,0
"192.168.1.31",58893,13,7141,5,1830,8,5311
"192.168.1.31",58894,17,7578,7,2091,10,5487
"192.168.1.31",58900,2,227,1,83,1,144
"192.168.1.31",58902,20,6435,9,3106,11,3329
"192.168.1.31",58903,2,289,1,83,1,206
"192.168.1.31",58905,2,174,1,79,1,95
"192.168.1.1",58911,2,884,2,884,0,0
"192.168.1.31",58914,2,267,1,97,1,170
"2001:14ba:a051:8c00:15a0:90ff:ab54:3867",58914,1,117,1,117,0,0
"192.168.1.31",58915,4,848,4,848,0,0
"192.168.1.31",58916,6,1054,5,947,1,107
"192.168.1.31",58917,46,28608,17,6140,29,22468
"192.168.1.31",58921,2,238,1,83,1,155
"192.168.1.1",58927,1,92,1,92,0,0
"192.168.1.31",58939,2,176,1,88,1,88
"2001:14ba:a051:8c00:15a0:90ff:ab54:3867",58939,1,108,1,108,0,0
"192.168.1.31",58940,19,10191,8,2427,11,7764
"192.168.1.31",58941,21,10075,10,3181,11,6894
"192.168.1.1",58943,1,92,1,92,0,0
"192.168.1.31",58945,2,349,1,83,1,266
"192.168.1.31",58957,2,206,1,89,1,117
"192.168.1.31",58961,2,404,1,69,1,335
"192.168.1.31",58962,2,194,1,89,1,105
"192.168.1.31",58967,2,138,1,69,1,69
"2001:14ba:a051:8c00:15a0:90ff:ab54:3867",58967,1,89,1,89,0,0
"192.168.1.31",58968,2,209,1,79,1,130
"2001:14ba:a051:8c00:15a0:90ff:ab54:3867",58968,1,99,1,99,0,0
"192.168.1.1",58972,2,884,2,884,0,0
"192.168.1.1",58976,1,349,1,349,0,0
"192.168.1.31",58980,2,235,1,85,1,150
"192.168.1.31",58982,2,162,1,81,1,81
"2001:14ba:a051:8c00:15a0:90ff:ab54:3867",58982,1,101,1,101,0,0
"192.168.1.31",58984,2,154,1,69,1,85
"192.168.1.1",58992,2,884,2,884,0,0
"192.168.1.31",58998,2,174,1,79,1,95
"192.168.1.1",59001,2,884,2,884,0,0
"192.168.1.31",59002,17,8324,9,5831,8,2493
"192.168.1.31",59003,17,8884,9,6390,8,2494
"192.168.1.1",59008,2,884,2,884,0,0
"192.168.1.31",59015,2,263,1,83,1,180
"192.168.1.1",59017,2,884,2,884,0,0
"192.168.1.1",59020,2,884,2,884,0,0
"192.168.1.31",59020,2,346,1,80,1,266
"2001:14ba:a051:8c00:15a0:90ff:ab54:3867",59020,1,100,1,100,0,0
"192.168.1.31",59022,4,501,2,181,2,320
"192.168.1.31",59023,2,194,1,89,1,105
"192.168.1.31",59025,2,206,1,89,1,117
"2001:14ba:a051:8c00:15a0:90ff:ab54:3867",59025,1,109,1,109,0,0
"192.168.1.31",59026,52,21269,22,4734,30,16535
"192.168.1.31",59035,2,247,1,85,1,162
"192.168.1.31",59037,33,14036,17,10381,16,3655
"192.168.1.31",59038,6,1022,5,937,1,85
"2001:14ba:a051:8c00:15a0:90ff:ab54:3867",59038,1,89,1,89,0,0
"192.168.1.31",59041,2,298,1,85,1,213
"192.168.1.31",59044,2,156,1,64,1,92
"2001:14ba:a051:8c00:15a0:90ff:ab54:3867",59044,1,84,1,84,0,0
"192.168.1.31",59047,4,512,2,178,2,334
"192.168.1.31",59048,14,7661,7,2041,7,5620
"192.168.1.31",59049,142943,195970567,2580,289463,140363,195681104
"192.168.1.1",59051,2,884,2,884,0,0
"192.168.1.31",59054,2,178,1,75,1,103
"192.168.1.31",59055,591,169125,287,104649,304,64476
"2001:14ba:a051:8c00:15a0:90ff:ab54:3867",59055,1,89,1,89,0,0
"192.168.1.31",59056,2,289,1,83,1,206
"192.168.1.31",59058,2,268,1,78,1,190
"2001:14ba:a051:8c00:15a0:90ff:ab54:3867",59058,1,98,1,98,0,0
"192.168.1.31",59061,2,226,1,83,1,143
"192.168.1.1",59062,2,884,2,884,0,0
"192.168.1.31",59065,2,315,1,83,1,232
"192.168.1.1",59067,6,2354,6,2354,0,0
"192.168.1.31",59067,19,8502,10,5906,9,2596
"192.168.1.1",59068,2,884,2,884,0,0
"192.168.1.31",59068,118,91046,30,5054,88,85992
"192.168.1.31",59069,2,178,1,75,1,103
"2001:14ba:a051:8c00:15a0:90ff:ab54:3867",59069,1,95,1,95,0,0
"192.168.1.31",59072,2,238,1,83,1,155
"192.168.1.31",59075,2,224,1,85,1,139
"192.168.1.1",59076,6,2354,6,2354,0,0
"192.168.1.1",59083,1,433,1,433,0,0
"192.168.1.31",59083,2,298,1,85,1,213
"192.168.1.1",59085,7,2446,7,2446,0,0
"192.168.1.31",59088,2,360,1,89,1,271
"2001:14ba:a051:8c00:15a0:90ff:ab54:3867",59088,1,109,1,109,0,0
"192.168.1.31",59091,13,6569,7,4098,6,2471
"192.168.1.31",59093,2,424,1,69,1,355
"192.168.1.1",59097,6,2354,6,2354,0,0
"192.168.1.31",59098,2,262,1,75,1,187
"2001:14ba:a051:8c00:15a0:90ff:ab54:3867",59098,1,95,1,95,0,0
"192.168.1.31",59105,2,224,1,85,1,139
"192.168.1.31",59107,2,298,1,85,1,213
"192.168.1.31",59109,2,222,1,71,1,151
"2001:14ba:a051:8c00:15a0:90ff:ab54:3867",59109,1,91,1,91,0,0
"192.168.1.1",59110,6,2354,6,2354,0,0
"192.168.1.1",59112,6,2354,6,2354,0,0
"192.168.1.1",59113,1,92,1,92,0,0
"192.168.1.31",59113,2,216,1,68,1,148
"192.168.1.31",59114,2,236,1,85,1,151
"192.168.1.31",59115,2,227,1,83,1,144
"192.168.1.1",59116,1,92,1,92,0,0
"192.168.1.1",59125,1,427,1,427,0,0
"192.168.1.1",59128,1,417,1,417,0,0
"192.168.1.31",59129,2,195,1,72,1,123
"2001:14ba:a051:8c00:15a0:90ff:ab54:3867",59129,1,92,1,92,0,0
"192.168.1.31",59132,2,156,1,78,1,78
"192.168.1.31",59133,4,868,4,868,0,0
"192.168.1.31",59135,2,236,1,85,1,151
"192.168.1.1",59139,2,884,2,884,0,0
"192.168.1.31",59140,2,241,1,83,1,158
"192.168.1.1",59141,6,2354,6,2354,0,0
"192.168.1.31",59143,2,170,1,77,1,93
"2001:14ba:a051:8c00:15a0:90ff:ab54:3867",59143,1,97,1,97,0,0
"192.168.1.31",59147,2,190,1,87,1,103
"192.168.1.31",59157,2,236,1,85,1,151
"192.168.1.1",59162,1,92,1,92,0,0
"192.168.1.31",59163,2,404,1,113,1,291
"192.168.1.1",59167,2,884,2,884,0,0
"192.168.1.1",59170,6,2354,6,2354,0,0
"192.168.1.31",59173,14,5180,7,2770,7,2410
"192.168.1.31",59174,2,219,1,73,1,146
"2001:14ba:a051:8c00:15a0:90ff:ab54:3867",59174,1,93,1,93,0,0
"192.168.1.31",59175,55,36062,19,4513,36,31549
"192.168.1.1",59179,2,884,2,884,0,0
"192.168.1.31",59180,2,298,1,85,1,213
"192.168.1.31",59184,15,6799,7,4100,8,2699
"192.168.1.1",59187,6,2354,6,2354,0,0
"192.168.1.31",59188,2,255,1,90,1,165
"2001:14ba:a051:8c00:15a0:90ff:ab54:3867",59188,1,110,1,110,0,0
"192.168.1.31",59189,4,848,4,848,0,0
"192.168.1.31",59190,6,1022,5,937,1,85
"192.168.1.1",59195,6,2354,6,2354,0,0
"192.168.1.31",59197,2,168,1,84,1,84
"2001:14ba:a051:8c00:15a0:90ff:ab54:3867",59197,1,104,1,104,0,0
"192.168.1.31",59207,500,40426,246,20143,254,20283
"2001:14ba:a051:8c00:15a0:90ff:ab54:3867",59207,1,97,1,97,0,0
"192.168.1.1",59208,1,353,1,353,0,0
"192.168.1.1",59213,2,884,2,884,0,0
"192.168.1.1",59215,1,310,1,310,0,0
"192.168.1.1",59216,2,884,2,884,0,0
"192.168.1.31",59220,2,215,1,83,1,132
"192.168.1.1",59221,6,2354,6,2354,0,0
"192.168.1.1",59222,1,433,1,433,0,0
"192.168.1.31",59225,2,238,1,79,1,159
"192.168.1.31",59226,2,224,1,85,1,139
"192.168.1.31",59229,20,10677,9,2932,11,7745
"192.168.1.31",59231,2,197,1,73,1,124
"192.168.1.31",59233,2,244,1,93,1,151
"2001:14ba:a051:8c00:15a0:90ff:ab54:3867",59233,1,113,1,113,0,0
"192.168.1.31",59234,2,166,1,75,1,91
"192.168.1.1",59236,2,884,2,884,0,0
"192.168.1.31",59239,2,227,1,83,1,144
"192.168.1.1",59241,6,2354,6,2354,0,0
"192.168.1.31",59244,2,184,1,84,1,100
"192.168.1.31",59249,2,224,1,85,1,139
"192.168.1.1",59251,6,2354,6,2354,0,0
"192.168.1.31",59252,15,5825,7,3332,8,2493
"192.168.1.1",59253,1,92,1,92,0,0
"192.168.1.1",59254,6,2354,6,2354,0,0
"192.168.1.1",59256,1,349,1,349,0,0
"192.168.1.1",59262,2,884,2,884,0,0
"192.168.1.31",59266,2,289,1,83,1,206
"192.168.1.1",59270,6,2354,6,2354,0,0
"192.168.1.1",59274,2,884,2,884,0,0
"192.168.1.1",59280,6,2354,6,2354,0,0
"192.168.1.1",59285,1,92,1,92,0,0
"192.168.1.31",59291,2,359,1,89,1,270
"2001:14ba:a051:8c00:15a0:90ff:ab54:3867",59291,1,109,1,109,0,0
"192.168.1.1",59292,6,2354,6,2354,0,0
"192.168.1.31",59292,2,428,1,69,1,359
"192.168.1.1",59294,6,2354,6,2354,0,0
"192.168.1.31",59300,2,166,1,75,1,91
"192.168.1.1",59303,2,884,2,884,0,0
"192.168.1.31",59303,16,7110,8,4618,8,2492
"192.168.1.1",59306,1,433,1,433,0,0
"192.168.1.31",59312,30,15699,16,12770,14,2929
"192.168.1.31",59314,20,6538,10,4096,10,2442
"192.168.1.31",59322,31,10468,15,4132,16,6336
"192.168.1.31",59323,14,5680,7,2923,7,2757
"2001:14ba:a051:8c00:15a0:90ff:ab54:3867",59323,1,99,1,99,0,0
"192.168.1.31",59324,19,11048,7,5249,12,5799
"192.168.1.31",59325,30,11924,15,8196,15,3728
"192.168.1.1",59326,6,2354,6,2354,0,0
"192.168.1.1",59330,6,2354,6,2354,0,0
"192.168.1.1",59334,6,2354,6,2354,0,0
"192.168.1.31",59334,2,236,1,85,1,151
"192.168.1.31",59338,6,1746,3,537,3,1209
"192.168.1.31",59340,2,216,1,78,1,138
"192.168.1.1",59348,6,2354,6,2354,0,0
"192.168.1.31",59350,2,298,1,85,1,213
"192.168.1.1",59352,2,884,2,884,0,0
"192.168.1.31",59353,2,360,1,91,1,269
"192.168.1.31",59354,4,848,4,848,0,0
"192.168.1.1",59355,6,2354,6,2354,0,0
"192.168.1.31",59355,4,868,4,868,0,0
"192.168.1.1",59356,2,884,2,884,0,0
"192.168.1.31",59356,2,255,1,90,1,165
"192.168.1.31",59358,2,324,1,78,1,246
"2001:14ba:a051:8c00:15a0:90ff:ab54:3867",59358,1,98,1,98,0,0
"192.168.1.31",59359,4,848,4,848,0,0
"192.168.1.1",59360,8,3238,8,3238,0,0
"192.168.1.31",59360,4,868,4,868,0,0
"192.168.1.31",59363,2,298,1,85,1,213
"192.168.1.31",59364,2,219,1,73,1,146
"192.168.1.31",59365,52,36988,19,4406,33,32582
"192.168.1.1",59369,1,92,1,92,0,0
"192.168.1.1",59371,2,884,2,884,0,0
"192.168.1.1",59374,1,353,1,353,0,0
"192.168.1.31",59376,16,6833,8,4173,8,2660
"192.168.1.31",59378,2,182,1,83,1,99
"192.168.1.31",59385,2,220,1,82,1,138
"2001:14ba:a051:8c00:15a0:90ff:ab54:3867",59385,1,102,1,102,0,0
"192.168.1.31",59386,39,18103,11,2397,28,15706
"192.168.1.31",59389,4,473,2,167,2,306
"2001:14ba:a051:8c00:15a0:90ff:ab54:3867",59389,1,104,1,104,0,0
"192.168.1.31",59398,4,476,2,160,2,316
"192.168.1.31",59399,54,29386,26,10128,28,19258
"192.168.1.31",59401,2,428,1,69,1,359
"192.168.1.1",59404,1,415,1,415,0,0
"192.168.1.1",59406,6,2354,6,2354,0,0
"192.168.1.31",59408,27,8568,13,3500,14,5068
"192.168.1.31",59409,2,198,1,91,1,107
"2001:14ba:a051:8c00:15a0:90ff:ab54:3867",59409,1,111,1,111,0,0
"192.168.1.31",59412,4,423,2,159,2,264
"192.168.1.1",59414,3,976,3,976,0,0
"192.168.1.1",59415,2,884,2,884,0,0
"192.168.1.31",59415,2,236,1,85,1,151
"192.168.1.31",59420,2,178,1,75,1,103
"2001:14ba:a051:8c00:15a0:90ff:ab54:3867",59420,1,95,1,95,0,0
"192.168.1.31",59421,38,7763,16,3348,22,4415
"192.168.1.31",59424,2,272,1,97,1,175
"2001:14ba:a051:8c00:15a0:90ff:ab54:3867",59424,1,117,1,117,0,0
"192.168.1.31",59428,2,235,1,85,1,150
"192.168.1.1",59429,6,2354,6,2354,0,0
"192.168.1.31",59429,2,172,1,86,1,86
"192.168.1.1",59430,2,884,2,884,0,0
"192.168.1.31",59430,4,848,4,848,0,0
"192.168.1.31",59431,101,38405,53,19145,48,19260
"192.168.1.31",59435,19,8433,10,5876,9,2557
"192.168.1.31",59436,12,4782,5,1779,7,3003
"192.168.1.1",59441,2,884,2,884,0,0
"192.168.1.31",59446,2,215,1,83,1,132
"192.168.1.31",59454,2,224,1,85,1,139
"192.168.1.31",59458,2,197,1,73,1,124
"192.168.1.31",59461,2,222,1,81,1,141
"192.168.1.31",59466,2,236,1,85,1,151
"192.168.1.1",59468,6,2354,6,2354,0,0
"192.168.1.31",59472,2,168,1,76,1,92
"2001:14ba:a051:8c00:15a0:90ff:ab54:3867",59472,1,96,1,96,0,0
"192.168.1.31",59473,2,346,1,80,1,266
"192.168.1.1",59476,6,2354,6,2354,0,0
"192.168.1.1",59477,1,92,1,92,0,0
"192.168.1.31",59482,2,180,1,82,1,98
"2001:14ba:a051:8c00:15a0:90ff:ab54:3867",59482,1,102,1,102,0,0
"192.168.1.31",59483,2,158,1,71,1,87
"2001:14ba:a051:8c00:15a0:90ff:ab54:3867",59483,1,91,1,91,0,0
"192.168.1.31",59488,2,194,1,83,1,111
"192.168.1.31",59489,2,289,1,83,1,206
"192.168.1.31",59490,2,223,1,76,1,147
"192.168.1.31",59491,2,186,1,79,1,107
"2001:14ba:a051:8c00:15a0:90ff:ab54:3867",59491,1,99,1,99,0,0
"192.168.1.31",59492,20,12409,7,5253,13,7156
"192.168.1.1",59494,6,2354,6,2354,0,0
"192.168.1.31",59502,2,258,1,77,1,181
"192.168.1.31",59507,2,201,1,71,1,130
"192.168.1.31",59508,4,443,2,160,2,283
"192.168.1.1",59512,6,2354,6,2354,0,0
"192.168.1.31",59512,2,224,1,85,1,139
"192.168.1.31",59514,2,190,1,81,1,109
"2001:14ba:a051:8c00:15a0:90ff:ab54:3867",59514,1,101,1,101,0,0
"192.168.1.31",59515,2,227,1,83,1,144
"192.168.1.1",59516,6,2354,6,2354,0,0
"192.168.1.31",59517,2,395,1,69,1,326
"192.168.1.31",59522,2,315,1,89,1,226
"2001:14ba:a051:8c00:15a0:90ff:ab54:3867",59522,1,109,1,109,0,0
"192.168.1.1",59528,4,1768,4,1768,0,0
"192.168.1.1",59542,6,2354,6,2354,0,0
"192.168.1.1",59550,1,92,1,92,0,0
"192.168.1.1",59555,2,884,2,884,0,0
"192.168.1.31",59556,2,289,1,83,1,206
"192.168.1.1",59561,6,2354,6,2354,0,0
"192.168.1.1",59565,2,884,2,884,0,0
"192.168.1.31",59568,2,235,1,81,1,154
"192.168.1.1",59576,6,2354,6,2354,0,0
"192.168.1.1",59577,1,92,1,92,0,0
"192.168.1.1",59581,1,92,1,92,0,0
"192.168.1.31",59582,2,182,1,77,1,105
"192.168.1.1",59584,6,2354,6,2354,0,0
"192.168.1.31",59584,2,192,1,88,1,104
"2001:14ba:a051:8c00:15a0:90ff:ab54:3867",59584,1,108,1,108,0,0
"192.168.1.31",59585,4,348,2,160,2,188
"2001:14ba:a051:8c00:15a0:90ff:ab54:3867",59585,1,99,1,99,0,0
"192.168.1.31",59586,33,19072,15,5933,18,13139
"192.168.1.1",59588,6,2354,6,2354,0,0
"192.168.1.31",59590,2,222,1,80,1,142
"192.168.1.1",59598,2,884,2,884,0,0
"192.168.1.1",59606,1,92,1,92,0,0
"192.168.1.1",59613,1,310,1,310,0,0
"192.168.1.31",59614,2,204,1,74,1,130
"192.168.1.31",59615,2,215,1,83,1,132
"192.168.1.31",59616,2,176,1,74,1,102
"192.168.1.1",59618,2,884,2,884,0,0
"192.168.1.31",59622,2,192,1,88,1,104
"192.168.1.31",59623,2,318,1,89,1,229
"2001:14ba:a051:8c00:15a0:90ff:ab54:3867",59623,1,109,1,109,0,0
"192.168.1.31",59626,2,178,1,75,1,103
"2001:14ba:a051:8c00:15a0:90ff:ab54:3867",59626,1,95,1,95,0,0
"192.168.1.31",59632,2,198,1,85,1,113
"192.168.1.31",59633,218179,264728032,9219,990737,208960,263737295
"192.168.1.1",59636,6,2354,6,2354,0,0
"192.168.1.1",59637,2,884,2,884,0,0
"192.168.1.31",59641,2,154,1,69,1,85
"192.168.1.1",59645,2,884,2,884,0,0
"192.168.1.31",59650,2,235,1,85,1,150
"192.168.1.31",59651,2,166,1,75,1,91
"192.168.1.31",59658,2,260,1,78,1,182
"192.168.1.31",59659,4,868,4,868,0,0
"192.168.1.1",59660,2,884,2,884,0,0
"192.168.1.1",59665,1,92,1,92,0,0
"192.168.1.31",59665,2,186,1,85,1,101
"192.168.1.31",59669,14,6793,7,4098,7,2695
"192.168.1.31",59670,4,848,4,848,0,0
"192.168.1.1",59671,6,2354,6,2354,0,0
"192.168.1.31",59671,4,868,4,868,0,0
"192.168.1.31",59677,2,265,1,77,1,188
"2001:14ba:a051:8c00:15a0:90ff:ab54:3867",59677,1,97,1,97,0,0
"192.168.1.1",59679,1,310,1,310,0,0
"192.168.1.31",59680,2,192,1,88,1,104
"2001:14ba:a051:8c00:15a0:90ff:ab54:3867",59680,2,216,2,216,0,0
"192.168.1.1",59687,1,92,1,92,0,0
"192.168.1.31",59689,2,242,1,79,1,163
"2001:14ba:a051:8c00:15a0:90ff:ab54:3867",59689,1,99,1,99,0,0
"192.168.1.1",59690,2,884,2,884,0,0
"192.168.1.1",59696,2,884,2,884,0,0
"192.168.1.1",59708,1,369,1,369,0,0
"192.168.1.31",59713,2,235,1,85,1,150
"192.168.1.31",59715,2,360,1,116,1,244
"192.168.1.31",59718,2,424,1,69,1,355
"192.168.1.1",59720,12,4708,12,4708,0,0
"192.168.1.31",59721,2,236,1,85,1,151
"192.168.1.31",59722,2,182,1,83,1,99
"192.168.1.1",59733,2,884,2,884,0,0
"192.168.1.1",59738,2,884,2,884,0,0
"192.168.1.31",59741,2,227,1,83,1,144
"192.168.1.1",59747,6,2354,6,2354,0,0
"192.168.1.31",59749,2,235,1,85,1,150
"192.168.1.1",59753,1,417,1,417,0,0
"192.168.1.31",59754,27,12591,14,9325,13,3266
"192.168.1.1",59761,1,310,1,310,0,0
"192.168.1.31",59761,31,10334,15,4130,16,6204
"192.168.1.1",59763,2,884,2,884,0,0
"192.168.1.31",59767,2,273,1,85,1,188
"192.168.1.31",59769,4,848,4,848,0,0
"192.168.1.1",59770,1,425,1,425,0,0
"192.168.1.31",59770,6,1112,5,961,1,151
"192.168.1.1",59771,6,2354,6,2354,0,0
"192.168.1.31",59774,4,427,2,152,2,275
"192.168.1.31",59778,2,241,1,83,1,158
"192.168.1.31",59781,2,156,1,64,1,92
"2001:14ba:a051:8c00:15a0:90ff:ab54:3867",59781,1,84,1,84,0,0
"192.168.1.1",59792,2,884,2,884,0,0
"192.168.1.31",59793,2,222,1,71,1,151
"192.168.1.1",59796,2,884,2,884,0,0
"192.168.1.1",59797,2,884,2,884,0,0
"192.168.1.31",59797,2,170,1,77,1,93
"2001:14ba:a051:8c00:15a0:90ff:ab54:3867",59797,1,97,1,97,0,0
"192.168.1.31",59800,4,424,2,162,2,262
"192.168.1.31",59801,2,316,1,91,1,225
"192.168.1.1",59804,6,2354,6,2354,0,0
"192.168.1.31",59804,2,178,1,81,1,97
"2001:14ba:a051:8c00:15a0:90ff:ab54:3867",59804,1,101,1,101,0,0
"192.168.1.1",59807,1,92,1,92,0,0
"192.168.1.31",59807,6,799,3,255,3,544
"2001:14ba:a051:8c00:15a0:90ff:ab54:3867",59807,1,99,1,99,0,0
"192.168.1.1",59808,2,884,2,884,0,0
"192.168.1.1",59813,6,2354,6,2354,0,0
"192.168.1.31",59815,2,209,1,76,1,133
"192.168.1.31",59818,2,315,1,83,1,232
"192.168.1.1",59819,2,884,2,884,0,0
"192.168.1.31",59819,2,186,1,79,1,107
"192.168.1.31",59820,22,14138,8,5342,14,8796
"192.168.1.1",59821,1,92,1,92,0,0
"192.168.1.31",59826,2,257,1,88,1,169
"2001:14ba:a051:8c00:15a0:90ff:ab54:3867",59826,1,108,1,108,0,0
"192.168.1.1",59830,6,2354,6,2354,0,0
"192.168.1.31",59833,2,289,1,83,1,206
"192.168.1.1",59836,2,884,2,884,0,0
"192.168.1.31",59838,2,419,1,69,1,350
"192.168.1.31",59840,2,224,1,85,1,139
"192.168.1.1",59841,2,884,2,884,0,0
"192.168.1.31",59842,2,224,1,85,1,139
"2001:14ba:a051:8c00:15a0:90ff:ab54:3867",59842,1,105,1,105,0,0
"192.168.1.31",59848,34,16779,17,8625,17,8154
"192.168.1.31",59849,2,236,1,85,1,151
"192.168.1.1",59855,7,2716,7,2716,0,0
"192.168.1.31",59857,4,502,2,164,2,338
"2001:14ba:a051:8c00:15a0:90ff:ab54:3867",59857,1,101,1,101,0,0
"192.168.1.31",59858,49,28998,18,6140,31,22858
"192.168.1.1",59860,1,433,1,433,0,0
"192.168.1.31",59863,2,198,1,85,1,113
"192.168.1.31",59864,35,26873,12,3163,23,23710
"192.168.1.31",59865,2,201,1,71,1,130
"192.168.1.1",59867,1,310,1,310,0,0
"192.168.1.31",59873,2,197,1,73,1,124
"2001:14ba:a051:8c00:15a0:90ff:ab54:3867",59873,1,93,1,93,0,0
"192.168.1.31",59875,2,289,1,83,1,206
"192.168.1.1",59876,2,884,2,884,0,0
"192.168.1.31",59876,2,211,1,76,1,135
"192.168.1.1",59881,1,92,1,92,0,0
"192.168.1.31",59883,2,236,1,85,1,151
"192.168.1.31",59887,2,224,1,85,1,139
"192.168.1.31",59889,2,241,1,83,1,158
"192.168.1.31",59894,2,235,1,85,1,150
"192.168.1.1",59896,6,2354,6,2354,0,0
"192.168.1.31",59900,2,235,1,85,1,150
"192.168.1.31",59901,14,6596,7,4092,7,2504
"192.168.1.1",59902,6,2354,6,2354,0,0
"192.168.1.31",59904,2,192,1,88,1,104
"192.168.1.31",59907,2,236,1,85,1,151
"192.168.1.1",59911,6,2354,6,2354,0,0
"192.168.1.1",59917,1,92,1,92,0,0
"192.168.1.31",59920,2,224,1,85,1,139
"192.168.1.1",59921,2,884,2,884,0,0
"192.168.1.31",59922,2,298,1,85,1,213
"192.168.1.31",59923,2,395,1,69,1,326
"192.168.1.31",59928,4,848,4,848,0,0
"192.168.1.31",59929,4,868,4,868,0,0
"192.168.1.31",59931,2,222,1,71,1,151
"2001:14ba:a051:8c00:15a0:90ff:ab54:3867",59931,2,182,2,182,0,0
"192.168.1.1",59932,6,2354,6,2354,0,0
"192.168.1.1",59933,6,2354,6,2354,0,0
"192.168.1.31",59935,2,294,1,91,1,203
"2001:14ba:a051:8c00:15a0:90ff:ab54:3867",59935,1,111,1,111,0,0
"192.168.1.1",59936,6,2354,6,2354,0,0
"192.168.1.1",59939,1,92,1,92,0,0
"192.168.1.1",59941,6,2354,6,2354,0,0
"192.168.1.1",59945,2,884,2,884,0,0
"192.168.1.31",59949,2,281,1,77,1,204
"2001:14ba:a051:8c00:15a0:90ff:ab54:3867",59949,1,97,1,97,0,0
"192.168.1.31",59953,2,424,1,69,1,355
"192.168.1.31",59954,42,19711,22,11006,20,8705
"2001:14ba:a051:8c00:15a0:90ff:ab54:3867",59954,2,208,2,208,0,0
"192.168.1.31",59956,2,419,1,69,1,350
"192.168.1.31",59966,2,178,1,81,1,97
"192.168.1.31",59971,2,359,1,89,1,270
"2001:14ba:a051:8c00:15a0:90ff:ab54:3867",59971,1,109,1,109,0,0
"192.168.1.31",59972,4,868,4,868,0,0
"192.168.1.31",59978,2,257,1,88,1,169
"2001:14ba:a051:8c00:15a0:90ff:ab54:3867",59978,1,108,1,108,0,0
"192.168.1.31",59979,12,5493,6,2843,6,2650
"192.168.1.31",59981,2,294,1,91,1,203
"192.168.1.31",59982,4,848,4,848,0,0
"192.168.1.1",59983,6,2354,6,2354,0,0
"192.168.1.31",59983,4,868,4,868,0,0
"192.168.1.31",59984,4,573,2,160,2,413
"2001:14ba:a051:8c00:15a0:90ff:ab54:3867",59984,1,97,1,97,0,0
"192.168.1.31",59987,4,435,2,166,2,269
"2001:14ba:a051:8c00:15a0:90ff:ab54:3867",59987,1,103,1,103,0,0
"192.168.1.31",59988,2,267,1,97,1,170
"192.168.1.31",59989,2,174,1,79,1,95
"2001:14ba:a051:8c00:15a0:90ff:ab54:3867",59989,1,99,1,99,0,0
"192.168.1.31",59991,2,194,1,83,1,111
"192.168.1.31",59994,2,162,1,81,1,81
"192.168.1.31",59997,2,215,1,83,1,132
"192.168.1.1",59998,6,2354,6,2354,0,0
"192.168.1.1",60001,1,92,1,92,0,0
"192.168.1.1",60009,2,884,2,884,0,0
"192.168.1.31",60009,2,289,1,83,1,206
"192.168.1.31",60010,2,419,1,69,1,350
"192.168.1.31",60012,17,9357,9,6863,8,2494
"192.168.1.31",60017,2,210,1,91,1,119
"192.168.1.1",60026,1,425,1,425,0,0
"192.168.1.31",60026,2,182,1,83,1,99
"192.168.1.31",60031,2,298,1,72,1,226
"192.168.1.31",60038,2,198,1,91,1,107
"2001:14ba:a051:8c00:15a0:90ff:ab54:3867",60038,1,111,1,111,0,0
"192.168.1.1",60040,8,3238,8,3238,0,0
"192.168.1.1",60043,1,92,1,92,0,0
"192.168.1.31",60043,2,223,1,76,1,147
"192.168.1.31",60047,2,174,1,79,1,95
"192.168.1.1",60055,1,92,1,92,0,0
"192.168.1.1",60060,2,884,2,884,0,0
"192.168.1.31",60060,2,154,1,69,1,85
"192.168.1.1",60061,6,2354,6,2354,0,0
"192.168.1.31",60062,2,215,1,83,1,132
"192.168.1.31",60063,2,359,1,89,1,270
"192.168.1.31",60064,23,9395,12,6663,11,2732
"192.168.1.1",60065,6,2354,6,2354,0,0
"192.168.1.1",60066,6,2354,6,2354,0,0
"192.168.1.1",60067,8,3238,8,3238,0,0
"192.168.1.31",60068,14,6711,7,4098,7,2613
"192.168.1.1",60075,1,92,1,92,0,0
"192.168.1.1",60076,6,2354,6,2354,0,0
"192.168.1.31",60076,2,154,1,69,1,85
"192.168.1.1",60079,6,2354,6,2354,0,0
"2001:14ba:a051:8c00:15a0:90ff:ab54:3867",60080,1,89,1,89,0,0
"192.168.1.31",60081,12,4783,5,1779,7,3004
"192.168.1.31",60083,2,315,1,83,1,232
"192.168.1.1",60084,2,884,2,884,0,0
"192.168.1.31",60085,2,225,1,82,1,143
"2001:14ba:a051:8c00:15a0:90ff:ab54:3867",60085,1,102,1,102,0,0
"192.168.1.31",60092,2,199,1,74,1,125
"192.168.1.31",60098,2,174,1,79,1,95
"2001:14ba:a051:8c00:15a0:90ff:ab54:3867",60098,1,99,1,99,0,0
"192.168.1.31",60099,2,198,1,91,1,107
"192.168.1.1",60103,6,2354,6,2354,0,0
"192.168.1.1",60108,2,884,2,884,0,0
"192.168.1.31",60108,34,16588,18,13529,16,3059
"192.168.1.1",60111,2,884,2,884,0,0
"192.168.1.31",60115,2,178,1,75,1,103
"192.168.1.1",60119,1,92,1,92,0,0
"192.168.1.31",60121,2,207,1,78,1,129
"192.168.1.1",60124,1,427,1,427,0,0
"192.168.1.31",60124,2,156,1,78,1,78
"192.168.1.1",60125,6,2354,6,2354,0,0
"192.168.1.31",60126,28,9457,14,4054,14,5403
"192.168.1.1",60129,2,884,2,884,0,0
"192.168.1.31",60131,2,166,1,75,1,91
"2001:14ba:a051:8c00:15a0:90ff:ab54:3867",60131,1,95,1,95,0,0
"192.168.1.31",60132,2,224,1,85,1,139
"192.168.1.31",60137,2,215,1,83,1,132
"192.168.1.31",60138,2,247,1,93,1,154
"192.168.1.31",60139,23,11061,11,2329,12,8732
"192.168.1.1",60147,6,2354,6,2354,0,0
"192.168.1.31",60149,4,485,2,176,2,309
"192.168.1.31",60151,2,164,1,74,1,90
"192.168.1.1",60155,6,2354,6,2354,0,0
"192.168.1.31",60155,17,8323,9,5830,8,2493
"192.168.1.31",60156,4,848,4,848,0,0
"192.168.1.31",60157,4,868,4,868,0,0
"192.168.1.1",60159,6,2354,6,2354,0,0
"192.168.1.1",60164,6,2354,6,2354,0,0
"192.168.1.1",60168,2,884,2,884,0,0
"192.168.1.31",60174,2,198,1,85,1,113
"2001:14ba:a051:8c00:15a0:90ff:ab54:3867",60174,1,105,1,105,0,0
"192.168.1.31",60175,207179,251461569,8670,969509,198509,250492060
"192.168.1.31",60176,2,166,1,75,1,91
"2001:14ba:a051:8c00:15a0:90ff:ab54:3867",60176,1,95,1,95,0,0
"192.168.1.1",60188,2,884,2,884,0,0
"192.168.1.31",60194,17,8319,9,5825,8,2494
"192.168.1.1",60195,1,427,1,427,0,0
"192.168.1.31",60195,4,848,4,848,0,0
"192.168.1.31",60196,4,868,4,868,0,0
"192.168.1.1",60198,1,417,1,417,0,0
"192.168.1.31",60198,2,298,1,85,1,213
"192.168.1.31",60199,2,206,1,89,1,117
"192.168.1.31",60205,4,557,2,138,2,419
"192.168.1.1",60208,6,2354,6,2354,0,0
"192.168.1.1",60209,2,884,2,884,0,0
"192.168.1.1",60214,6,2354,6,2354,0,0
"192.168.1.31",60215,2,198,1,91,1,107
"192.168.1.1",60217,6,2354,6,2354,0,0
"192.168.1.31",60217,17,8328,9,5834,8,2494
"192.168.1.31",60218,4,525,2,168,2,357
"192.168.1.1",60223,1,310,1,310,0,0
"192.168.1.1",60226,6,2354,6,2354,0,0
"192.168.1.31",60229,2,176,1,88,1,88
"2001:14ba:a051:8c00:15a0:90ff:ab54:3867",60229,1,108,1,108,0,0
"192.168.1.31",60240,2,256,1,76,1,180
"192.168.1.31",60249,2,247,1,85,1,162
"192.168.1.1",60250,2,884,2,884,0,0
"192.168.1.31",60253,4,513,2,174,2,339
"192.168.1.31",60255,22,10748,9,3704,13,7044
"192.168.1.31",60256,2,144,1,64,1,80
"2001:14ba:a051:8c00:15a0:90ff:ab54:3867",60256,1,84,1,84,0,0
"192.168.1.31",60257,2,229,1,84,1,145
"2001:14ba:a051:8c00:15a0:90ff:ab54:3867",60257,1,104,1,104,0,0
"192.168.1.1",60262,2,884,2,884,0,0
"192.168.1.31",60265,97,37350,47,17735,50,19615
"192.168.1.31",60266,2,201,1,71,1,130
"192.168.1.1",60269,1,417,1,417,0,0
"192.168.1.31",60271,2,178,1,81,1,97
"192.168.1.31",60272,2,395,1,69,1,326
"192.168.1.1",60274,2,884,2,884,0,0
"192.168.1.1",60276,2,884,2,884,0,0
"192.168.1.1",60283,1,92,1,92,0,0
"192.168.1.1",60284,2,884,2,884,0,0
"192.168.1.1",60288,6,2354,6,2354,0,0
"192.168.1.31",60288,2,227,1,77,1,150
"192.168.1.31",60290,2,298,1,85,1,213
"192.168.1.1",60291,1,310,1,310,0,0
"192.168.1.31",60295,2,241,1,74,1,167
"192.168.1.31",60301,4,468,2,177,2,291
"2001:14ba:a051:8c00:15a0:90ff:ab54:3867",60301,1,117,1,117,0,0
"192.168.1.31",60302,2,224,1,85,1,139
"192.168.1.31",60307,2,232,1,108,1,124
"2001:14ba:a051:8c00:15a0:90ff:ab54:3867",60307,1,128,1,128,0,0
"2001:14ba:a051:8c00:15a0:90ff:ab54:3867",60310,1,105,1,105,0,0
"192.168.1.31",60314,2,316,1,89,1,227
"2001:14ba:a051:8c00:15a0:90ff:ab54:3867",60314,1,109,1,109,0,0
"192.168.1.31",60317,2,282,1,91,1,191
"2001:14ba:a051:8c00:15a0:90ff:ab54:3867",60317,1,111,1,111,0,0
"192.168.1.31",60318,2,227,1,83,1,144
"192.168.1.1",60322,12,4708,12,4708,0,0
"192.168.1.31",60322,2,188,1,80,1,108
"2001:14ba:a051:8c00:15a0:90ff:ab54:3867",60322,1,100,1,100,0,0
"192.168.1.31",60325,2,302,1,89,1,213
"2001:14ba:a051:8c00:15a0:90ff:ab54:3867",60325,1,109,1,109,0,0
"192.168.1.31",60328,42,15720,21,11628,21,4092
"192.168.1.31",60330,2,215,1,83,1,132
"192.168.1.31",60333,4,480,2,171,2,309
"2001:14ba:a051:8c00:15a0:90ff:ab54:3867",60333,2,212,2,212,0,0
"192.168.1.31",60343,2,229,1,84,1,145
"192.168.1.1",60347,1,415,1,415,0,0
"192.168.1.31",60347,2,174,1,79,1,95
"2001:14ba:a051:8c00:15a0:90ff:ab54:3867",60347,1,99,1,99,0,0
"192.168.1.31",60354,19,6561,10,4182,9,2379
"192.168.1.1",60364,6,2354,6,2354,0,0
"192.168.1.31",60366,2,196,1,90,1,106
"2001:14ba:a051:8c00:15a0:90ff:ab54:3867",60366,1,110,1,110,0,0
"192.168.1.1",60369,6,2354,6,2354,0,0
"192.168.1.31",60375,2,289,1,83,1,206
"192.168.1.31",60379,2,315,1,83,1,232
"192.168.1.31",60382,2,232,1,108,1,124
"192.168.1.31",60386,2,190,1,81,1,109
"2001:14ba:a051:8c00:15a0:90ff:ab54:3867",60386,1,101,1,101,0,0
"192.168.1.31",60387,13,4895,5,1785,8,3110
"2001:14ba:a051:8c00:15a0:90ff:ab54:3867",60387,1,99,1,99,0,0
"192.168.1.31",60388,18,9722,8,5322,10,4400
"192.168.1.1",60389,1,92,1,92,0,0
"192.168.1.1",60390,1,92,1,92,0,0
"192.168.1.31",60393,2,192,1,88,1,104
"192.168.1.31",60394,2,282,1,86,1,196
"2001:14ba:a051:8c00:15a0:90ff:ab54:3867",60394,1,106,1,106,0,0
"192.168.1.31",60395,2,315,1,71,1,244
"2001:14ba:a051:8c00:15a0:90ff:ab54:3867",60395,1,91,1,91,0,0
"192.168.1.31",60396,2,198,1,85,1,113
"192.168.1.1",60399,2,884,2,884,0,0
"192.168.1.31",60405,2,310,1,77,1,233
"192.168.1.1",60411,2,884,2,884,0,0
"192.168.1.1",60412,2,884,2,884,0,0
"192.168.1.1",60427,6,2354,6,2354,0,0
"192.168.1.1",60430,1,92,1,92,0,0
"192.168.1.1",60431,2,884,2,884,0,0
"192.168.1.1",60433,6,2354,6,2354,0,0
"192.168.1.1",60434,1,92,1,92,0,0
"192.168.1.31",60434,2,224,1,85,1,139
"192.168.1.31",60449,2,226,1,83,1,143
"192.168.1.31",60451,2,227,1,83,1,144
"192.168.1.1",60455,3,1253,3,1253,0,0
"192.168.1.31",60459,2,253,1,83,1,170
"192.168.1.31",60467,2,249,1,78,1,171
"192.168.1.1",60468,2,884,2,884,0,0
"192.168.1.31",60470,2,289,1,83,1,206
"192.168.1.31",60473,2,190,1,87,1,103
"2001:14ba:a051:8c00:15a0:90ff:ab54:3867",60473,1,107,1,107,0,0
"192.168.1.31",60474,37,7684,14,3207,23,4477
"192.168.1.31",60475,2,194,1,83,1,111
"2001:14ba:a051:8c00:15a0:90ff:ab54:3867",60475,1,103,1,103,0,0
"192.168.1.1",60479,1,353,1,353,0,0
"192.168.1.1",60481,1,349,1,349,0,0
"192.168.1.1",60487,2,884,2,884,0,0
"192.168.1.1",60489,2,884,2,884,0,0
"192.168.1.31",60490,2,395,1,69,1,326
"192.168.1.1",60492,1,310,1,310,0,0
"192.168.1.31",60493,2,206,1,89,1,117
"192.168.1.31",60494,71,61168,18,3261,53,57907
"192.168.1.31",60495,4,582,2,180,2,402
"192.168.1.31",60497,2,201,1,71,1,130
"2001:14ba:a051:8c00:15a0:90ff:ab54:3867",60497,1,91,1,91,0,0
"192.168.1.1",60498,2,884,2,884,0,0
"192.168.1.31",60504,4,448,2,178,2,270
"2001:14ba:a051:8c00:15a0:90ff:ab54:3867",60504,1,107,1,107,0,0
"192.168.1.31",60505,4,848,4,848,0,0
"192.168.1.31",60506,6,1121,5,942,1,179
"192.168.1.31",60508,4,419,2,171,2,248
"192.168.1.31",60509,4,848,4,848,0,0
"192.168.1.31",60510,4,868,4,868,0,0
"192.168.1.1",60512,1,425,1,425,0,0
"192.168.1.31",60514,2,168,1,76,1,92
"192.168.1.31",60522,2,236,1,85,1,151
"192.168.1.31",60523,2,174,1,79,1,95
"2001:14ba:a051:8c00:15a0:90ff:ab54:3867",60523,1,99,1,99,0,0
"192.168.1.31",60525,4,444,2,158,2,286
"2001:14ba:a051:8c00:15a0:90ff:ab54:3867",60525,1,93,1,93,0,0
"192.168.1.1",60526,6,2354,6,2354,0,0
"192.168.1.31",60526,17,6329,9,4011,8,2318
"192.168.1.31",60537,2,267,1,97,1,170
"2001:14ba:a051:8c00:15a0:90ff:ab54:3867",60537,1,117,1,117,0,0
"192.168.1.31",60539,4,466,2,161,2,305
"192.168.1.31",60540,2,211,1,69,1,142
"2001:14ba:a051:8c00:15a0:90ff:ab54:3867",60540,1,89,1,89,0,0
"192.168.1.1",60547,1,427,1,427,0,0
"192.168.1.1",60549,2,884,2,884,0,0
"192.168.1.31",60551,2,395,1,69,1,326
"192.168.1.31",60555,2,315,1,83,1,232
"192.168.1.1",60556,6,2354,6,2354,0,0
"192.168.1.1",60568,1,92,1,92,0,0
"192.168.1.31",60568,31,9350,15,4124,16,5226
"192.168.1.1",60569,7,2769,7,2769,0,0
"192.168.1.31",60569,2,273,1,85,1,188
"192.168.1.1",60570,1,92,1,92,0,0
"192.168.1.1",60573,6,2354,6,2354,0,0
"192.168.1.1",60575,6,2354,6,2354,0,0
"192.168.1.31",60578,2,192,1,88,1,104
"2001:14ba:a051:8c00:15a0:90ff:ab54:3867",60578,2,216,2,216,0,0
"192.168.1.1",60582,6,2354,6,2354,0,0
"192.168.1.1",60587,2,884,2,884,0,0
"192.168.1.31",60587,111,38543,57,19001,54,19542
"192.168.1.1",60588,1,349,1,349,0,0
"192.168.1.1",60590,6,2354,6,2354,0,0
"192.168.1.1",60591,6,2354,6,2354,0,0
"192.168.1.31",60591,2,190,1,87,1,103
"2001:14ba:a051:8c00:15a0:90ff:ab54:3867",60591,1,107,1,107,0,0
"192.168.1.31",60594,2,194,1,83,1,111
"2001:14ba:a051:8c00:15a0:90ff:ab54:3867",60594,1,103,1,103,0,0
"192.168.1.31",60595,2,224,1,85,1,139
"192.168.1.31",60599,2,223,1,76,1,147
"192.168.1.1",60602,6,2354,6,2354,0,0
"192.168.1.1",60604,1,92,1,92,0,0
"192.168.1.31",60605,2,289,1,83,1,206
"192.168.1.1",60610,2,884,2,884,0,0
"192.168.1.31",60611,2,253,1,83,1,170
"192.168.1.31",60618,4,393,2,158,2,235
"192.168.1.31",60620,14,6595,7,4100,7,2495
"192.168.1.31",60621,4,848,4,848,0,0
"192.168.1.31",60622,4,868,4,868,0,0
"192.168.1.31",60623,4,848,4,848,0,0
"192.168.1.31",60624,4,868,4,868,0,0
"192.168.1.31",60625,2,182,1,83,1,99
"2001:14ba:a051:8c00:15a0:90ff:ab54:3867",60625,1,103,1,103,0,0
"192.168.1.1",60626,7,2446,7,2446,0,0
"192.168.1.1",60627,3,1246,3,1246,0,0
"192.168.1.1",60630,2,884,2,884,0,0
"192.168.1.31",60636,4,503,2,161,2,342
"192.168.1.31",60637,4,868,4,868,0,0
"192.168.1.31",60638,2,176,1,88,1,88
"2001:14ba:a051:8c00:15a0:90ff:ab54:3867",60638,1,108,1,108,0,0
"192.168.1.1",60639,2,884,2,884,0,0
"192.168.1.31",60639,2,278,1,83,1,195
"192.168.1.1",60640,1,433,1,433,0,0
"192.168.1.31",60640,2,182,1,83,1,99
"192.168.1.31",60641,4,348,2,166,2,182
"2001:14ba:a051:8c00:15a0:90ff:ab54:3867",60641,1,98,1,98,0,0
"192.168.1.31",60642,4,848,4,848,0,0
"192.168.1.31",60643,4,868,4,868,0,0
"192.168.1.31",60644,2,198,1,85,1,113
"192.168.1.1",60645,1,427,1,427,0,0
"192.168.1.31",60645,60242,72872213,2564,306064,57678,72566149
"192.168.1.31",60646,2,294,1,91,1,203
"192.168.1.31",60648,2,215,1,83,1,132
"192.168.1.1",60651,2,884,2,884,0,0
"192.168.1.31",60651,2,224,1,85,1,139
"192.168.1.31",60652,2,283,1,78,1,205
"192.168.1.31",60653,35,13217,16,4202,19,9015
"192.168.1.1",60657,1,92,1,92,0,0
"192.168.1.31",60661,2,190,1,81,1,109
"192.168.1.31",60663,2,235,1,85,1,150
"192.168.1.31",60669,2,235,1,85,1,150
"192.168.1.1",60673,1,362,1,362,0,0
"192.168.1.1",60678,6,2354,6,2354,0,0
"192.168.1.31",60682,2,207,1,72,1,135
"192.168.1.1",60684,1,427,1,427,0,0
"192.168.1.31",60688,2,256,1,76,1,180
"192.168.1.1",60690,6,2354,6,2354,0,0
"192.168.1.31",60691,2,210,1,91,1,119
"2001:14ba:a051:8c00:15a0:90ff:ab54:3867",60691,1,111,1,111,0,0
"192.168.1.31",60693,2,238,1,83,1,155
"192.168.1.31",60697,2,244,1,93,1,151
"192.168.1.1",60703,1,92,1,92,0,0
"192.168.1.31",60710,2,227,1,83,1,144
"192.168.1.31",60711,127,40798,63,19279,64,21519
"192.168.1.1",60712,3,1194,3,1194,0,0
"192.168.1.1",60713,1,417,1,417,0,0
"192.168.1.31",60716,2,405,1,72,1,333
"192.168.1.1",60719,2,507,2,507,0,0
"192.168.1.31",60721,28,13758,15,10602,13,3156
"192.168.1.1",60723,6,2354,6,2354,0,0
"192.168.1.1",60725,1,92,1,92,0,0
"192.168.1.1",60728,1,92,1,92,0,0
"192.168.1.31",60732,2,253,1,83,1,170
"192.168.1.1",60733,6,2354,6,2354,0,0
"192.168.1.31",60740,2,364,1,83,1,281
"192.168.1.31",60751,2,289,1,83,1,206
"192.168.1.31",60752,2,230,1,83,1,147
"192.168.1.31",60753,2,170,1,71,1,99
"2001:14ba:a051:8c00:15a0:90ff:ab54:3867",60753,1,91,1,91,0,0
"192.168.1.31",60754,2,395,1,69,1,326
"192.168.1.31",60764,2,166,1,75,1,91
"192.168.1.31",60773,2,184,1,92,1,92
"192.168.1.31",60774,4,868,4,868,0,0
"192.168.1.1",60775,6,2354,6,2354,0,0
"192.168.1.1",60776,6,2354,6,2354,0,0
"192.168.1.1",60779,2,884,2,884,0,0
"192.168.1.1",60785,6,2354,6,2354,0,0
"192.168.1.31",60785,2,190,1,81,1,109
"2001:14ba:a051:8c00:15a0:90ff:ab54:3867",60785,1,101,1,101,0,0
"192.168.1.1",60787,6,2354,6,2354,0,0
"192.168.1.31",60787,2,289,1,83,1,206
"192.168.1.31",60789,2,192,1,72,1,120
"2001:14ba:a051:8c00:15a0:90ff:ab54:3867",60789,1,92,1,92,0,0
"192.168.1.31",60790,2,138,1,69,1,69
"192.168.1.1",60803,6,2354,6,2354,0,0
"192.168.1.1",60817,1,92,1,92,0,0
"192.168.1.31",60819,15,7732,8,5252,7,2480
"192.168.1.1",60828,2,884,2,884,0,0
"192.168.1.1",60836,8,3238,8,3238,0,0
"192.168.1.31",60837,2,182,1,83,1,99
"2001:14ba:a051:8c00:15a0:90ff:ab54:3867",60837,1,103,1,103,0,0
"192.168.1.1",60841,6,2354,6,2354,0,0
"192.168.1.31",60841,60,20890,28,5771,32,15119
"192.168.1.1",60844,6,2354,6,2354,0,0
"192.168.1.31",60847,2,238,1,83,1,155
"192.168.1.1",60849,6,2354,6,2354,0,0
"192.168.1.1",60852,2,884,2,884,0,0
"192.168.1.31",60854,2,156,1,78,1,78
"192.168.1.31",60856,2,168,1,76,1,92
"2001:14ba:a051:8c00:15a0:90ff:ab54:3867",60856,1,96,1,96,0,0
"192.168.1.1",60857,6,2354,6,2354,0,0
"192.168.1.1",60868,6,2354,6,2354,0,0
"192.168.1.1",60871,6,2354,6,2354,0,0
"192.168.1.1",60882,2,884,2,884,0,0
"192.168.1.31",60887,41,17961,22,13935,19,4026
"192.168.1.31",60893,213,22019,99,10416,114,11603
"192.168.1.31",60894,2,184,1,84,1,100
"2001:14ba:a051:8c00:15a0:90ff:ab54:3867",60894,1,104,1,104,0,0
"192.168.1.31",60895,2,232,1,108,1,124
"2001:14ba:a051:8c00:15a0:90ff:ab54:3867",60895,1,128,1,128,0,0
"192.168.1.1",60902,2,884,2,884,0,0
"192.168.1.1",60913,6,2354,6,2354,0,0
"192.168.1.31",60918,16,7992,9,5427,7,2565
"192.168.1.31",60921,2,168,1,76,1,92
"192.168.1.1",60922,6,2354,6,2354,0,0
"192.168.1.1",60925,2,884,2,884,0,0
"192.168.1.31",60927,2,222,1,71,1,151
"192.168.1.31",60928,30,9772,15,4114,15,5658
"192.168.1.1",60933,1,425,1,425,0,0
"192.168.1.31",60933,2,176,1,88,1,88
"2001:14ba:a051:8c00:15a0:90ff:ab54:3867",60933,1,108,1,108,0,0
"192.168.1.1",60936,2,884,2,884,0,0
"192.168.1.1",60941,6,2354,6,2354,0,0
"192.168.1.31",60942,2,170,1,77,1,93
"192.168.1.1",60944,1,353,1,353,0,0
"192.168.1.31",60948,2,227,1,77,1,150
"192.168.1.31",60949,2,247,1,85,1,162
"192.168.1.31",60950,2,138,1,69,1,69
"192.168.1.31",60952,2,198,1,85,1,113
"2001:14ba:a051:8c00:15a0:90ff:ab54:3867",60952,1,105,1,105,0,0
"192.168.1.31",60959,4,848,4,848,0,0
"192.168.1.1",60963,6,2354,6,2354,0,0
"192.168.1.31",60963,2,240,1,78,1,162
"2001:14ba:a051:8c00:15a0:90ff:ab54:3867",60963,1,98,1,98,0,0
"192.168.1.1",60967,6,2354,6,2354,0,0
"192.168.1.31",60967,2,226,1,83,1,143
"192.168.1.31",60973,4,421,2,158,2,263
"2001:14ba:a051:8c00:15a0:90ff:ab54:3867",60973,1,93,1,93,0,0
"192.168.1.1",60974,1,415,1,415,0,0
"192.168.1.31",60983,2,186,1,79,1,107
"2001:14ba:a051:8c00:15a0:90ff:ab54:3867",60983,1,99,1,99,0,0
"192.168.1.31",60984,2,289,1,83,1,206
"192.168.1.1",60985,2,884,2,884,0,0
"192.168.1.31",60985,2,208,1,85,1,123
"2001:14ba:a051:8c00:15a0:90ff:ab54:3867",60985,1,105,1,105,0,0
"192.168.1.1",60987,2,779,2,779,0,0
"192.168.1.1",60992,2,884,2,884,0,0
"192.168.1.31",60993,16,6354,9,4099,7,2255
"192.168.1.1",60995,2,884,2,884,0,0
"192.168.1.31",60996,2,186,1,85,1,101
"192.168.1.31",61016,4,868,4,868,0,0
"192.168.1.31",61018,2,236,1,85,1,151
"192.168.1.31",61020,2,186,1,85,1,101
"2001:14ba:a051:8c00:15a0:90ff:ab54:3867",61020,1,105,1,105,0,0
"192.168.1.31",61022,2,182,1,83,1,99
"192.168.1.31",61025,4,497,2,173,2,324
"2001:14ba:a051:8c00:15a0:90ff:ab54:3867",61025,1,110,1,110,0,0
"192.168.1.31",61026,47,41048,12,2282,35,38766
"192.168.1.31",61032,4,513,2,180,2,333
"2001:14ba:a051:8c00:15a0:90ff:ab54:3867",61032,1,117,1,117,0,0
"192.168.1.31",61034,2,275,1,83,1,192
"192.168.1.31",61037,2,239,1,77,1,162
"192.168.1.31",61048,2,216,1,80,1,136
"2001:14ba:a051:8c00:15a0:90ff:ab54:3867",61048,1,100,1,100,0,0
"192.168.1.31",61049,40,19393,18,6171,22,13222
"192.168.1.31",61050,2,236,1,85,1,151
"192.168.1.31",61052,2,138,1,69,1,69
"192.168.1.31",61056,2,283,1,72,1,211
"192.168.1.31",61058,2,236,1,94,1,142
"192.168.1.31",61065,2,194,1,83,1,111
"192.168.1.31",61070,4,525,2,168,2,357
"192.168.1.31",61074,55,30074,30,21309,25,8765
"192.168.1.31",61076,4,848,4,848,0,0
"192.168.1.31",61085,2,176,1,88,1,88
"192.168.1.31",61093,2,419,1,69,1,350
"192.168.1.31",61097,4,377,2,152,2,225
"192.168.1.31",61104,4,563,2,162,2,401
"2001:14ba:a051:8c00:15a0:90ff:ab54:3867",61104,1,97,1,97,0,0
"192.168.1.31",61120,2,206,1,71,1,135
"192.168.1.31",61132,2,235,1,85,1,150
"192.168.1.31",61149,2,227,1,83,1,144
"192.168.1.31",61156,2,211,1,76,1,135
"192.168.1.31",61166,2,229,1,84,1,145
"2001:14ba:a051:8c00:15a0:90ff:ab54:3867",61166,1,104,1,104,0,0
"192.168.1.31",61171,2,236,1,85,1,151
"192.168.1.31",61175,2,215,1,83,1,132
"192.168.1.31",61181,2,199,1,74,1,125
"2001:14ba:a051:8c00:15a0:90ff:ab54:3867",61181,1,94,1,94,0,0
"192.168.1.31",61189,56,29341,31,24792,25,4549
"192.168.1.31",61192,2,186,1,79,1,107
"2001:14ba:a051:8c00:15a0:90ff:ab54:3867",61192,1,99,1,99,0,0
"192.168.1.31",61193,113,114777,53,58838,60,55939
"192.168.1.31",61203,2,202,1,87,1,115
"192.168.1.31",61208,2,204,1,94,1,110
"2001:14ba:a051:8c00:15a0:90ff:ab54:3867",61208,1,114,1,114,0,0
"192.168.1.31",61210,38,18155,20,14917,18,3238
"192.168.1.31",61211,3,354,2,220,1,134
"2001:14ba:a051:8c00:15a0:90ff:ab54:3867",61211,1,93,1,93,0,0
"192.168.1.31",61213,2,190,1,87,1,103
"192.168.1.31",61214,2,186,1,85,1,101
"2001:14ba:a051:8c00:15a0:90ff:ab54:3867",61214,1,105,1,105,0,0
"192.168.1.31",61231,4,404,2,167,2,237
"2001:14ba:a051:8c00:15a0:90ff:ab54:3867",61231,1,102,1,102,0,0
"192.168.1.31",61239,2,200,1,92,1,108
"192.168.1.31",61242,2,361,1,83,1,278
"192.168.1.31",61244,2,253,1,83,1,170
"192.168.1.31",61252,2,289,1,83,1,206
"192.168.1.31",61254,16,6757,8,4174,8,2583
"192.168.1.31",61270,2,186,1,77,1,109
"192.168.1.31",61271,12,4783,5,1779,7,3004
"192.168.1.31",61272,2,156,1,78,1,78
"192.168.1.31",61274,2,192,1,88,1,104
"192.168.1.31",61275,2,236,1,85,1,151
"192.168.1.31",61281,41,11307,20,4154,21,7153
"192.168.1.31",61296,4,630,2,154,2,476
"192.168.1.31",61300,2,212,1,78,1,134
"192.168.1.31",61312,2,212,1,74,1,138
"192.168.1.31",61315,2,254,1,75,1,179
"192.168.1.31",61316,22,14453,9,6333,13,8120
"192.168.1.31",61317,14,6658,7,4094,7,2564
"192.168.1.31",61318,6,1058,5,945,1,113
"192.168.1.31",61319,4,868,4,868,0,0
"192.168.1.31",61328,23,10383,12,4677,11,5706
"192.168.1.31",61330,110,39916,55,19346,55,20570
"192.168.1.31",61332,20,7777,11,5392,9,2385
"192.168.1.31",61345,2,211,1,76,1,135
"192.168.1.31",61347,23,11080,11,4244,12,6836
"192.168.1.31",61354,2,174,1,79,1,95
"2001:14ba:a051:8c00:15a0:90ff:ab54:3867",61354,1,99,1,99,0,0
"192.168.1.31",61356,2,214,1,91,1,123
"2001:14ba:a051:8c00:15a0:90ff:ab54:3867",61356,1,111,1,111,0,0
"192.168.1.31",61359,2,178,1,75,1,103
"192.168.1.31",61360,12,4788,5,1785,7,3003
"192.168.1.31",61369,2,236,1,85,1,151
"192.168.1.31",61377,2,224,1,85,1,139
"192.168.1.31",61380,2,168,1,76,1,92
"192.168.1.31",61389,2,238,1,83,1,155
"192.168.1.31",61390,2,182,1,83,1,99
"192.168.1.31",61393,2,227,1,83,1,144
"192.168.1.31",61397,2,240,1,89,1,151
"192.168.1.31",61399,2,164,1,74,1,90
"2001:14ba:a051:8c00:15a0:90ff:ab54:3867",61399,1,94,1,94,0,0
"192.168.1.31",61409,2,162,1,81,1,81
"192.168.1.31",61412,6,1024,5,936,1,88
"2001:14ba:a051:8c00:15a0:90ff:ab54:3867",61412,1,108,1,108,0,0
"192.168.1.31",61413,16,6361,10,3711,6,2650
"192.168.1.31",61420,2,176,1,80,1,96
"192.168.1.31",61438,2,186,1,79,1,107
"192.168.1.31",61446,29,13715,15,10816,14,2899
"192.168.1.31",61461,2,174,1,87,1,87
"2001:14ba:a051:8c00:15a0:90ff:ab54:3867",61461,1,107,1,107,0,0
"192.168.1.31",61462,18,8391,9,5833,9,2558
"192.168.1.31",61465,2,192,1,88,1,104
"192.168.1.31",61470,2,241,1,83,1,158
"192.168.1.31",61472,2,154,1,69,1,85
"2001:14ba:a051:8c00:15a0:90ff:ab54:3867",61472,1,89,1,89,0,0
"192.168.1.31",61477,2,198,1,91,1,107
"2001:14ba:a051:8c00:15a0:90ff:ab54:3867",61477,1,111,1,111,0,0
"192.168.1.31",61478,17,8325,9,5832,8,2493
"192.168.1.31",61479,12,4782,5,1779,7,3003
"192.168.1.31",61480,4,848,4,848,0,0
"192.168.1.31",61481,6,1292,5,937,1,355
"192.168.1.31",61483,2,192,1,88,1,104
"192.168.1.31",61489,2,424,1,69,1,355
"192.168.1.31",61491,4,505,2,170,2,335
"192.168.1.31",61492,2,176,1,88,1,88
"192.168.1.31",61493,4,848,4,848,0,0
"192.168.1.31",61498,35,13993,18,10455,17,3538
"192.168.1.31",61500,2,428,1,69,1,359
"192.168.1.31",61511,2,190,1,87,1,103
"2001:14ba:a051:8c00:15a0:90ff:ab54:3867",61511,1,107,1,107,0,0
"192.168.1.31",61513,2,217,1,79,1,138
"192.168.1.31",61522,2,224,1,85,1,139
"192.168.1.31",61530,2,227,1,83,1,144
"192.168.1.31",61532,2,206,1,89,1,117
"192.168.1.31",61533,34,17968,16,3060,18,14908
"2001:14ba:a051:8c00:15a0:90ff:ab54:3867",61533,1,110,1,110,0,0
"192.168.1.31",61536,2,176,1,88,1,88
"192.168.1.31",61537,12,5493,6,2843,6,2650
"192.168.1.31",61544,2,218,1,78,1,140
"192.168.1.31",61546,2,326,1,72,1,254
"192.168.1.31",61553,2,256,1,76,1,180
"192.168.1.31",61555,2,178,1,81,1,97
"192.168.1.31",61558,14,6816,7,4093,7,2723
"192.168.1.31",61561,16,6802,8,4173,8,2629
"192.168.1.31",61564,4,443,2,152,2,291
"192.168.1.31",61581,2,247,1,85,1,162
"192.168.1.31",61598,2,209,1,73,1,136
"2001:14ba:a051:8c00:15a0:90ff:ab54:3867",61598,1,93,1,93,0,0
"192.168.1.31",61599,13,4019,5,1865,8,2154
"192.168.1.31",61614,2,259,1,77,1,182
"192.168.1.31",61615,76227,90731016,4253,526626,71974,90204390
"192.168.1.31",61617,27,12470,14,9329,13,3141
"192.168.1.31",61619,41,20680,23,17441,18,3239
"192.168.1.31",61623,4,417,2,168,2,249
"192.168.1.31",61628,4,548,2,168,2,380
"2001:14ba:a051:8c00:15a0:90ff:ab54:3867",61628,1,103,1,103,0,0
"192.168.1.31",61630,2,176,1,88,1,88
"192.168.1.31",61631,4,848,4,848,0,0
"192.168.1.31",61632,8,1510,6,1018,2,492
"192.168.1.31",61633,2,289,1,83,1,206
"192.168.1.31",61645,21,8010,11,3241,10,4769
"192.168.1.31",61648,2,238,1,83,1,155
"192.168.1.31",61669,2,253,1,77,1,176
"2001:14ba:a051:8c00:15a0:90ff:ab54:3867",61669,1,97,1,97,0,0
"192.168.1.31",61670,4,848,4,848,0,0
"192.168.1.31",61671,4,868,4,868,0,0
"192.168.1.31",61674,2,192,1,88,1,104
"192.168.1.31",61677,2,224,1,85,1,139
"192.168.1.31",61693,2,289,1,83,1,206
"192.168.1.31",61699,2,224,1,85,1,139
"192.168.1.31",61700,2,178,1,75,1,103
"2001:14ba:a051:8c00:15a0:90ff:ab54:3867",61700,1,95,1,95,0,0
"192.168.1.31",61703,15,5712,7,2869,8,2843
"192.168.1.31",61708,2,176,1,80,1,96
"2001:14ba:a051:8c00:15a0:90ff:ab54:3867",61708,1,100,1,100,0,0
"192.168.1.31",61711,31,14003,16,10304,15,3699
"192.168.1.31",61713,2,178,1,81,1,97
"2001:14ba:a051:8c00:15a0:90ff:ab54:3867",61713,1,101,1,101,0,0
"192.168.1.31",61715,4,475,2,168,2,307
"192.168.1.31",61716,2,238,1,83,1,155
"192.168.1.31",61724,2,138,1,69,1,69
"192.168.1.31",61733,35,17376,17,7107,18,10269
"192.168.1.31",61737,2,298,1,85,1,213
"192.168.1.31",61742,2,232,1,74,1,158
"2001:14ba:a051:8c00:15a0:90ff:ab54:3867",61742,1,94,1,94,0,0
"192.168.1.31",61743,2,205,1,78,1,127
"192.168.1.31",61749,2,253,1,83,1,170
"192.168.1.31",61752,2,262,1,91,1,171
"192.168.1.31",61754,2,168,1,76,1,92
"2001:14ba:a051:8c00:15a0:90ff:ab54:3867",61754,2,192,2,192,0,0
"192.168.1.31",61755,4,848,4,848,0,0
"192.168.1.31",61756,4,868,4,868,0,0
"192.168.1.31",61758,2,201,1,71,1,130
"2001:14ba:a051:8c00:15a0:90ff:ab54:3867",61758,2,182,2,182,0,0
"192.168.1.31",61765,15,5689,8,3263,7,2426
"192.168.1.31",61768,2,236,1,85,1,151
"192.168.1.31",61769,2,226,1,83,1,143
"192.168.1.31",61772,2,222,1,83,1,139
"192.168.1.31",61778,67,22758,32,12603,35,10155
"192.168.1.31",61789,16,6979,8,4181,8,2798
"192.168.1.31",61796,2,232,1,93,1,139
"2001:14ba:a051:8c00:15a0:90ff:ab54:3867",61796,1,113,1,113,0,0
"192.168.1.31",61798,2,222,1,71,1,151
"2001:14ba:a051:8c00:15a0:90ff:ab54:3867",61798,1,91,1,91,0,0
"192.168.1.31",61802,2,424,1,69,1,355
"192.168.1.31",61811,2,315,1,83,1,232
"192.168.1.31",61818,2,238,1,83,1,155
"192.168.1.31",61851,2,419,1,69,1,350
"192.168.1.31",61852,17,8321,9,5828,8,2493
"192.168.1.31",61860,2,176,1,80,1,96
"2001:14ba:a051:8c00:15a0:90ff:ab54:3867",61860,1,100,1,100,0,0
"192.168.1.31",61862,2,182,1,83,1,99
"192.168.1.31",61866,2,259,1,78,1,181
"192.168.1.31",61874,2,201,1,71,1,130
"192.168.1.31",61882,4,848,4,848,0,0
"192.168.1.31",61883,4,868,4,868,0,0
"192.168.1.31",61885,2,186,1,79,1,107
"2001:14ba:a051:8c00:15a0:90ff:ab54:3867",61885,1,99,1,99,0,0
"192.168.1.31",61886,2,206,1,79,1,127
"2001:14ba:a051:8c00:15a0:90ff:ab54:3867",61886,1,99,1,99,0,0
"192.168.1.31",61902,17,8325,9,5831,8,2494
"192.168.1.31",61909,2,138,1,69,1,69
"192.168.1.31",61911,2,236,1,85,1,151
"192.168.1.31",61917,15,6886,7,4102,8,2784
"192.168.1.31",61925,2,154,1,69,1,85
"2001:14ba:a051:8c00:15a0:90ff:ab54:3867",61925,1,89,1,89,0,0
"192.168.1.31",61936,2,268,1,86,1,182
"192.168.1.31",61959,2,138,1,69,1,69
"2001:14ba:a051:8c00:15a0:90ff:ab54:3867",61959,1,89,1,89,0,0
"192.168.1.31",61961,4,484,2,163,2,321
"192.168.1.31",61969,2,170,1,71,1,99
"2001:14ba:a051:8c00:15a0:90ff:ab54:3867",61969,1,91,1,91,0,0
"192.168.1.31",61970,2,222,1,103,1,119
"192.168.1.31",61972,2,259,1,77,1,182
"2001:14ba:a051:8c00:15a0:90ff:ab54:3867",61972,1,97,1,97,0,0
"192.168.1.31",61980,17,6345,9,4033,8,2312
"192.168.1.31",61982,2,235,1,85,1,150
"192.168.1.31",61993,63,13051,32,6708,31,6343
"192.168.1.31",61999,4,376,2,152,2,224
"192.168.1.31",62004,14,5686,7,2606,7,3080
"192.168.1.31",62007,2,256,1,76,1,180
"192.168.1.31",62010,2,154,1,69,1,85
"192.168.1.31",62016,2,241,1,83,1,158
"192.168.1.31",62019,2,236,1,85,1,151
"192.168.1.31",62024,2,244,1,94,1,150
"192.168.1.31",62026,4,452,2,156,2,296
"2001:14ba:a051:8c00:15a0:90ff:ab54:3867",62026,1,95,1,95,0,0
"192.168.1.31",62029,2,222,1,71,1,151
"192.168.1.31",62032,2,317,1,86,1,231
"2001:14ba:a051:8c00:15a0:90ff:ab54:3867",62032,1,106,1,106,0,0
"192.168.1.31",62033,12,5494,6,2844,6,2650
"192.168.1.31",62038,2,186,1,76,1,110
"192.168.1.31",62042,28,8813,13,3983,15,4830
"192.168.1.31",62054,2,176,1,88,1,88
"2001:14ba:a051:8c00:15a0:90ff:ab54:3867",62054,1,108,1,108,0,0
"192.168.1.31",62061,2,227,1,83,1,144
"192.168.1.31",62065,61,30771,32,21568,29,9203
"192.168.1.31",62068,2,138,1,69,1,69
"192.168.1.31",62069,4,868,4,868,0,0
"192.168.1.31",62098,2,253,1,74,1,179
"2001:14ba:a051:8c00:15a0:90ff:ab54:3867",62098,2,188,2,188,0,0
"192.168.1.31",62103,18,7390,9,3081,9,4309
"192.168.1.31",62106,2,192,1,82,1,110
"2001:14ba:a051:8c00:15a0:90ff:ab54:3867",62106,1,102,1,102,0,0
"192.168.1.31",62108,27,15814,14,9503,13,6311
"192.168.1.31",62117,4,408,2,167,2,241
"2001:14ba:a051:8c00:15a0:90ff:ab54:3867",62117,1,96,1,96,0,0
"192.168.1.31",62119,2,178,1,81,1,97
"2001:14ba:a051:8c00:15a0:90ff:ab54:3867",62119,1,101,1,101,0,0
"192.168.1.31",62143,2,232,1,108,1,124
"2001:14ba:a051:8c00:15a0:90ff:ab54:3867",62143,1,128,1,128,0,0
"192.168.1.31",62150,2,224,1,85,1,139
"192.168.1.31",62153,2,176,1,88,1,88
"2001:14ba:a051:8c00:15a0:90ff:ab54:3867",62153,1,108,1,108,0,0
"192.168.1.31",62168,2,194,1,89,1,105
"2001:14ba:a051:8c00:15a0:90ff:ab54:3867",62168,1,109,1,109,0,0
"192.168.1.31",62176,2,223,1,83,1,140
"2001:14ba:a051:8c00:15a0:90ff:ab54:3867",62176,1,103,1,103,0,0
"192.168.1.31",62179,14,6585,7,4099,7,2486
"192.168.1.31",62187,17,8327,9,5833,8,2494
"192.168.1.31",62189,2,196,1,90,1,106
"2001:14ba:a051:8c00:15a0:90ff:ab54:3867",62189,1,110,1,110,0,0
"192.168.1.31",62199,2,138,1,69,1,69
"192.168.1.31",62200,8,1327,6,1005,2,322
"2001:14ba:a051:8c00:15a0:90ff:ab54:3867",62200,1,94,1,94,0,0
"192.168.1.31",62201,4,868,4,868,0,0
"192.168.1.31",62209,2,178,1,75,1,103
"2001:14ba:a051:8c00:15a0:90ff:ab54:3867",62209,1,95,1,95,0,0
"192.168.1.31",62216,2,298,1,85,1,213
"192.168.1.31",62218,2,154,1,69,1,85
"192.168.1.31",62220,4,460,2,170,2,290
"2001:14ba:a051:8c00:15a0:90ff:ab54:3867",62220,1,105,1,105,0,0
"192.168.1.31",62221,2,215,1,83,1,132
"192.168.1.31",62225,2,298,1,85,1,213
"192.168.1.31",62232,2,190,1,81,1,109
"2001:14ba:a051:8c00:15a0:90ff:ab54:3867",62232,1,101,1,101,0,0
"192.168.1.31",62234,2,227,1,83,1,144
"192.168.1.31",62241,2,176,1,88,1,88
"2001:14ba:a051:8c00:15a0:90ff:ab54:3867",62241,1,108,1,108,0,0
"192.168.1.31",62255,2,215,1,83,1,132
"192.168.1.31",62264,2,298,1,85,1,213
"192.168.1.31",62265,2,227,1,83,1,144
"192.168.1.31",62268,2,217,1,78,1,139
"192.168.1.31",62279,49,21455,24,10556,25,10899
"192.168.1.31",62282,2,215,1,83,1,132
"192.168.1.31",62284,2,298,1,85,1,213
"192.168.1.31",62289,2,224,1,85,1,139
"192.168.1.31",62291,197,152208,67,17411,130,134797
"192.168.1.31",62298,2,174,1,79,1,95
"192.168.1.31",62304,2,281,1,85,1,196
"192.168.1.31",62305,12,4782,5,1779,7,3003
"192.168.1.31",62307,2,138,1,69,1,69
"192.168.1.31",62311,2,419,1,69,1,350
"192.168.1.31",62312,2,395,1,69,1,326
"192.168.1.31",62314,2,196,1,90,1,106
"2001:14ba:a051:8c00:15a0:90ff:ab54:3867",62314,1,110,1,110,0,0
"192.168.1.31",62318,2,227,1,83,1,144
"192.168.1.31",62320,48,17931,25,11068,23,6863
"192.168.1.31",62325,2,154,1,69,1,85
"2001:14ba:a051:8c00:15a0:90ff:ab54:3867",62325,1,89,1,89,0,0
"192.168.1.31",62327,4,466,2,169,2,297
"192.168.1.31",62328,97,63238,34,8047,63,55191
"192.168.1.31",62347,2,258,1,76,1,182
"2001:14ba:a051:8c00:15a0:90ff:ab54:3867",62347,1,96,1,96,0,0
"192.168.1.31",62355,2,255,1,90,1,165
"2001:14ba:a051:8c00:15a0:90ff:ab54:3867",62355,1,110,1,110,0,0
"192.168.1.31",62357,35,12557,17,5495,18,7062
"192.168.1.31",62358,2,254,1,71,1,183
"2001:14ba:a051:8c00:15a0:90ff:ab54:3867",62358,1,91,1,91,0,0
"192.168.1.31",62361,2,206,1,89,1,117
"192.168.1.31",62362,36,20379,16,4798,20,15581
"192.168.1.31",62363,2,198,1,85,1,113
"2001:14ba:a051:8c00:15a0:90ff:ab54:3867",62363,1,105,1,105,0,0
"192.168.1.31",62364,38,31403,12,3382,26,28021
"192.168.1.31",62368,17,8325,9,5831,8,2494
"192.168.1.31",62369,4,848,4,848,0,0
"192.168.1.31",62370,4,868,4,868,0,0
"192.168.1.31",62371,2,202,1,87,1,115
"192.168.1.31",62377,2,316,1,91,1,225
"192.168.1.31",62383,2,208,1,85,1,123
"2001:14ba:a051:8c00:15a0:90ff:ab54:3867",62383,1,105,1,105,0,0
"192.168.1.31",62391,2,419,1,69,1,350
"192.168.1.31",62404,2,138,1,69,1,69
"192.168.1.31",62419,14,6795,7,4094,7,2701
"192.168.1.31",62422,17,7071,8,4174,9,2897
"2001:14ba:a051:8c00:15a0:90ff:ab54:3867",62422,1,94,1,94,0,0
"192.168.1.31",62426,2,205,1,76,1,129
"192.168.1.31",62436,4,557,2,164,2,393
"192.168.1.31",62437,2,247,1,85,1,162
"192.168.1.31",62441,15,7947,8,5300,7,2647
"192.168.1.31",62453,2,289,1,83,1,206
"192.168.1.31",62466,4,508,2,161,2,347
"2001:14ba:a051:8c00:15a0:90ff:ab54:3867",62466,1,96,1,96,0,0
"192.168.1.31",62467,166,174039,31,6097,135,167942
"192.168.1.31",62468,2,154,1,69,1,85
"192.168.1.31",62469,2,166,1,75,1,91
"2001:14ba:a051:8c00:15a0:90ff:ab54:3867",62469,1,95,1,95,0,0
"192.168.1.31",62472,2,395,1,69,1,326
"192.168.1.31",62477,2,258,1,77,1,181
"192.168.1.31",62482,2,201,1,71,1,130
"2001:14ba:a051:8c00:15a0:90ff:ab54:3867",62482,1,91,1,91,0,0
"192.168.1.31",62485,2,224,1,85,1,139
"192.168.1.31",62486,2,178,1,75,1,103
"192.168.1.31",62495,4,509,2,163,2,346
"192.168.1.31",62500,33,10909,17,5448,16,5461
"192.168.1.31",62502,2,212,1,74,1,138
"2001:14ba:a051:8c00:15a0:90ff:ab54:3867",62502,1,94,1,94,0,0
"192.168.1.31",62504,2,289,1,83,1,206
"192.168.1.31",62513,2,204,1,94,1,110
"192.168.1.31",62522,19,6473,10,4089,9,2384
"192.168.1.31",62524,2,256,1,76,1,180
"192.168.1.31",62526,2,194,1,83,1,111
"192.168.1.31",62527,4,868,4,868,0,0
"192.168.1.31",62528,2,206,1,89,1,117
"192.168.1.31",62529,35,20400,14,4604,21,15796
"192.168.1.31",62536,19,8464,10,5907,9,2557
"192.168.1.31",62540,2,247,1,79,1,168
"192.168.1.31",62542,2,176,1,88,1,88
"192.168.1.31",62545,2,201,1,71,1,130
"2001:14ba:a051:8c00:15a0:90ff:ab54:3867",62545,1,91,1,91,0,0
"192.168.1.31",62549,2,271,1,79,1,192
"192.168.1.31",62551,2,256,1,86,1,170
"2001:14ba:a051:8c00:15a0:90ff:ab54:3867",62551,1,106,1,106,0,0
"192.168.1.31",62557,2,164,1,74,1,90
"192.168.1.31",62562,2,289,1,83,1,206
"192.168.1.31",62563,2,293,1,74,1,219
"2001:14ba:a051:8c00:15a0:90ff:ab54:3867",62563,2,188,2,188,0,0
"192.168.1.31",62569,2,348,1,110,1,238
"192.168.1.31",62576,2,186,1,79,1,107
"192.168.1.31",62577,17,11005,6,5178,11,5827
"192.168.1.31",62585,2,166,1,75,1,91
"192.168.1.31",62600,2,208,1,78,1,130
"192.168.1.31",62602,2,428,1,69,1,359
"192.168.1.31",62607,2,298,1,85,1,213
"192.168.1.31",62619,2,236,1,85,1,151
"192.168.1.31",62623,2,164,1,74,1,90
"2001:14ba:a051:8c00:15a0:90ff:ab54:3867",62623,1,94,1,94,0,0
"192.168.1.31",62627,2,224,1,85,1,139
"192.168.1.31",62637,2,192,1,88,1,104
"2001:14ba:a051:8c00:15a0:90ff:ab54:3867",62637,1,108,1,108,0,0
"192.168.1.31",62640,2,224,1,85,1,139
"192.168.1.31",62649,2,205,1,78,1,127
"192.168.1.31",62664,2,236,1,85,1,151
"192.168.1.31",62669,2,298,1,85,1,213
"192.168.1.31",62675,2,236,1,85,1,151
"192.168.1.31",62676,2,198,1,85,1,113
"2001:14ba:a051:8c00:15a0:90ff:ab54:3867",62676,1,105,1,105,0,0
"192.168.1.31",62677,234391,284647482,9778,983106,224613,283664376
"192.168.1.31",62678,992,86074,482,42355,510,43719
"192.168.1.31",62684,2,329,1,75,1,254
"192.168.1.31",62686,2,224,1,85,1,139
"192.168.1.31",62689,2,186,1,79,1,107
"2001:14ba:a051:8c00:15a0:90ff:ab54:3867",62689,1,99,1,99,0,0
"192.168.1.31",62690,4,848,4,848,0,0
"192.168.1.31",62691,4,868,4,868,0,0
"192.168.1.31",62703,2,298,1,85,1,213
"192.168.1.31",62704,2,206,1,89,1,117
"192.168.1.31",62705,39,21974,18,4922,21,17052
"192.168.1.31",62714,2,186,1,69,1,117
"192.168.1.31",62719,17,8322,9,5828,8,2494
"192.168.1.31",62728,2,215,1,83,1,132
"192.168.1.31",62734,2,194,1,83,1,111
"192.168.1.31",62736,4,428,2,159,2,269
"2001:14ba:a051:8c00:15a0:90ff:ab54:3867",62736,1,94,1,94,0,0
"192.168.1.31",62742,2,215,1,83,1,132
"192.168.1.31",62744,2,138,1,69,1,69
"192.168.1.31",62749,2,298,1,85,1,213
"192.168.1.31",62750,2,247,1,85,1,162
"192.168.1.31",62753,2,154,1,69,1,85
"192.168.1.31",62756,2,154,1,69,1,85
"192.168.1.31",62759,2,424,1,69,1,355
"192.168.1.31",62768,2,201,1,71,1,130
"192.168.1.31",62774,4,848,4,848,0,0
"192.168.1.31",62775,4,868,4,868,0,0
"192.168.1.31",62777,2,283,1,78,1,205
"192.168.1.31",62779,2,226,1,73,1,153
"192.168.1.31",62783,2,235,1,85,1,150
"192.168.1.31",62805,2,244,1,93,1,151
"2001:14ba:a051:8c00:15a0:90ff:ab54:3867",62805,1,113,1,113,0,0
"192.168.1.31",62810,2,236,1,85,1,151
"192.168.1.31",62811,2,190,1,87,1,103
"192.168.1.31",62828,2,202,1,101,1,101
"2001:14ba:a051:8c00:15a0:90ff:ab54:3867",62828,1,121,1,121,0,0
"192.168.1.31",62835,2,227,1,83,1,144
"192.168.1.31",62843,2,206,1,89,1,117
"192.168.1.31",62845,2,138,1,69,1,69
"192.168.1.31",62846,22,6649,11,3279,11,3370
"2001:14ba:a051:8c00:15a0:90ff:ab54:3867",62846,1,121,1,121,0,0
"192.168.1.31",62847,18,9954,9,3128,9,6826
"192.168.1.31",62849,2,214,1,93,1,121
"192.168.1.31",62851,2,197,1,73,1,124
"2001:14ba:a051:8c00:15a0:90ff:ab54:3867",62851,1,93,1,93,0,0
"192.168.1.31",62878,2,192,1,88,1,104
"2001:14ba:a051:8c00:15a0:90ff:ab54:3867",62878,1,108,1,108,0,0
"192.168.1.31",62879,12,5499,6,2850,6,2649
"192.168.1.31",62885,2,243,1,86,1,157
"2001:14ba:a051:8c00:15a0:90ff:ab54:3867",62885,1,106,1,106,0,0
"192.168.1.31",62894,2,227,1,83,1,144
"192.168.1.31",62895,2,227,1,83,1,144
"192.168.1.31",62904,2,156,1,78,1,78
"192.168.1.31",62919,2,298,1,85,1,213
"192.168.1.31",62926,38,15781,20,12281,18,3500
"192.168.1.31",62927,4,512,2,160,2,352
"192.168.1.31",62928,21,8749,12,4486,9,4263
"192.168.1.31",62929,2,298,1,85,1,213
"192.168.1.31",62937,4,458,2,179,2,279
"192.168.1.31",62944,2,166,1,75,1,91
"192.168.1.31",62949,4,390,2,173,2,217
"2001:14ba:a051:8c00:15a0:90ff:ab54:3867",62949,2,213,2,213,0,0
"192.168.1.31",62950,20,7889,10,2402,10,5487
"192.168.1.31",62957,34,15170,16,4188,18,10982
"192.168.1.31",62959,4,364,2,160,2,204
"2001:14ba:a051:8c00:15a0:90ff:ab54:3867",62959,1,105,1,105,0,0
"192.168.1.31",62969,2,206,1,89,1,117
"2001:14ba:a051:8c00:15a0:90ff:ab54:3867",62969,1,109,1,109,0,0
"192.168.1.31",62970,35,19602,17,4826,18,14776
"192.168.1.31",62981,15,6845,7,4099,8,2746
"192.168.1.31",62985,2,178,1,75,1,103
"192.168.1.31",62986,4,848,4,848,0,0
"192.168.1.31",62987,4,868,4,868,0,0
"192.168.1.31",62991,2,227,1,83,1,144
"192.168.1.31",62995,2,292,1,86,1,206
"2001:14ba:a051:8c00:15a0:90ff:ab54:3867",62995,1,106,1,106,0,0
"192.168.1.31",63005,2,289,1,83,1,206
"192.168.1.31",63008,2,253,1,83,1,170
"192.168.1.31",63009,2,235,1,85,1,150
"192.168.1.31",63010,2,424,1,69,1,355
"192.168.1.31",63019,2,298,1,85,1,213
"192.168.1.31",63021,2,184,1,92,1,92
"2001:14ba:a051:8c00:15a0:90ff:ab54:3867",63021,1,112,1,112,0,0
"192.168.1.31",63022,166,115790,52,22445,114,93345
"192.168.1.31",63042,2,184,1,92,1,92
"2001:14ba:a051:8c00:15a0:90ff:ab54:3867",63042,1,112,1,112,0,0
"192.168.1.31",63059,2,198,1,91,1,107
"192.168.1.31",63060,2,419,1,69,1,350
"192.168.1.31",63068,2,241,1,83,1,158
"192.168.1.31",63072,2,176,1,88,1,88
"192.168.1.31",63078,2,419,1,69,1,350
"192.168.1.31",63082,2,224,1,85,1,139
"192.168.1.31",63083,2,235,1,85,1,150
"192.168.1.31",63088,2,199,1,69,1,130
"2001:14ba:a051:8c00:15a0:90ff:ab54:3867",63088,1,89,1,89,0,0
"192.168.1.31",63098,2,222,1,71,1,151
"2001:14ba:a051:8c00:15a0:90ff:ab54:3867",63098,1,91,1,91,0,0
"192.168.1.31",63099,14,6642,7,4092,7,2550
"192.168.1.31",63100,4,868,4,868,0,0
"192.168.1.31",63102,45,17104,23,12560,22,4544
"192.168.1.31",63103,8,1696,8,1696,0,0
"192.168.1.31",63104,4,868,4,868,0,0
"192.168.1.31",63105,2,227,1,83,1,144
"192.168.1.31",63111,23,7875,12,3317,11,4558
"192.168.1.31",63125,2,289,1,83,1,206
"192.168.1.31",63127,4,868,4,868,0,0
"192.168.1.31",63139,2,241,1,83,1,158
"192.168.1.31",63157,2,198,1,85,1,113
"2001:14ba:a051:8c00:15a0:90ff:ab54:3867",63157,1,105,1,105,0,0
"192.168.1.31",63160,17,8325,9,5831,8,2494
"192.168.1.31",63161,4,848,4,848,0,0
"192.168.1.31",63162,4,868,4,868,0,0
"192.168.1.31",63167,4,513,2,164,2,349
"2001:14ba:a051:8c00:15a0:90ff:ab54:3867",63167,2,216,2,216,0,0
"192.168.1.31",63169,2,240,1,88,1,152
"192.168.1.31",63173,2,192,1,88,1,104
"192.168.1.31",63176,2,170,1,77,1,93
"192.168.1.31",63177,2,424,1,69,1,355
"192.168.1.31",63182,2,289,1,83,1,206
"192.168.1.31",63186,2,289,1,83,1,206
"192.168.1.31",63200,2,304,1,88,1,216
"192.168.1.31",63203,2,138,1,69,1,69
"192.168.1.31",63204,4,868,4,868,0,0
"192.168.1.31",63207,2,419,1,69,1,350
"192.168.1.31",63212,2,419,1,69,1,350
"192.168.1.31",63214,2,298,1,85,1,213
"192.168.1.31",63221,2,233,1,80,1,153
"192.168.1.31",63229,4,509,2,150,2,359
"192.168.1.31",63231,2,235,1,85,1,150
"192.168.1.31",63232,2,247,1,85,1,162
"192.168.1.31",63233,2,205,1,76,1,129
"192.168.1.31",63252,2,232,1,116,1,116
"192.168.1.31",63261,2,166,1,75,1,91
"2001:14ba:a051:8c00:15a0:90ff:ab54:3867",63261,1,95,1,95,0,0
"192.168.1.31",63263,2,424,1,69,1,355
"192.168.1.31",63266,17,8328,9,5834,8,2494
"192.168.1.31",63267,4,848,4,848,0,0
"192.168.1.31",63268,4,868,4,868,0,0
"192.168.1.31",63269,4,848,4,848,0,0
"192.168.1.31",63270,4,868,4,868,0,0
"192.168.1.31",63274,2,223,1,75,1,148
"192.168.1.31",63277,2,210,1,91,1,119
"192.168.1.31",63296,2,419,1,69,1,350
"192.168.1.31",63297,2,241,1,83,1,158
"192.168.1.31",63299,2,166,1,75,1,91
"192.168.1.31",63311,125,50906,63,25092,62,25814
"192.168.1.31",63313,2,236,1,85,1,151
"192.168.1.31",63315,2,154,1,69,1,85
"2001:14ba:a051:8c00:15a0:90ff:ab54:3867",63315,1,89,1,89,0,0
"192.168.1.31",63326,2,192,1,88,1,104
"192.168.1.31",63328,2,315,1,83,1,232
"192.168.1.31",63330,2,227,1,83,1,144
"192.168.1.31",63338,37,14711,19,10694,18,4017
"192.168.1.31",63343,2,210,1,91,1,119
"192.168.1.31",63344,592,229776,201,29205,391,200571
"192.168.1.31",63346,13,5627,6,2781,7,2846
"192.168.1.31",63350,2,182,1,83,1,99
"192.168.1.31",63351,2,215,1,83,1,132
"192.168.1.31",63353,2,154,1,69,1,85
"192.168.1.31",63362,2,215,1,83,1,132
"192.168.1.31",63364,2,222,1,81,1,141
"2001:14ba:a051:8c00:15a0:90ff:ab54:3867",63364,1,101,1,101,0,0
"192.168.1.31",63385,2,424,1,69,1,355
"192.168.1.31",63386,2,222,1,71,1,151
"192.168.1.31",63392,2,289,1,83,1,206
"192.168.1.31",63395,81,14794,41,6913,40,7881
"192.168.1.31",63396,2,264,1,77,1,187
"2001:14ba:a051:8c00:15a0:90ff:ab54:3867",63396,1,97,1,97,0,0
"192.168.1.31",63397,16,7701,6,1972,10,5729
"192.168.1.31",63424,45,20469,24,16339,21,4130
"192.168.1.31",63433,2,227,1,83,1,144
"192.168.1.31",63438,38,16027,20,12546,18,3481
"192.168.1.31",63453,2,154,1,69,1,85
"192.168.1.31",63454,2,235,1,85,1,150
"192.168.1.31",63460,2,176,1,88,1,88
"192.168.1.31",63461,12,5496,6,2846,6,2650
"192.168.1.31",63463,2,192,1,88,1,104
"192.168.1.31",63464,2,253,1,83,1,170
"192.168.1.31",63466,2,222,1,83,1,139
"2001:14ba:a051:8c00:15a0:90ff:ab54:3867",63466,1,103,1,103,0,0
"192.168.1.31",63474,2,224,1,85,1,139
"192.168.1.31",63479,2,238,1,83,1,155
"192.168.1.31",63483,104,39908,52,19120,52,20788
"192.168.1.31",63486,2,208,1,90,1,118
"192.168.1.31",63495,2,241,1,83,1,158
"192.168.1.31",63501,2,178,1,81,1,97
"192.168.1.31",63509,2,226,1,105,1,121
"2001:14ba:a051:8c00:15a0:90ff:ab54:3867",63509,1,125,1,125,0,0
"192.168.1.31",63510,21,8812,11,3289,10,5523
"192.168.1.31",63512,2,424,1,69,1,355
"192.168.1.31",63517,18,7101,9,4249,9,2852
"192.168.1.31",63522,4,328,2,150,2,178
"192.168.1.31",63535,4,468,2,178,2,290
"192.168.1.31",63537,67,31509,36,27334,31,4175
"192.168.1.31",63541,4,492,2,182,2,310
"2001:14ba:a051:8c00:15a0:90ff:ab54:3867",63541,1,114,1,114,0,0
"192.168.1.31",63552,2,183,1,74,1,109
"2001:14ba:a051:8c00:15a0:90ff:ab54:3867",63552,1,94,1,94,0,0
"192.168.1.31",63561,2,424,1,69,1,355
"192.168.1.31",63567,17,6348,10,4093,7,2255
"192.168.1.31",63577,2,238,1,79,1,159
"192.168.1.31",63578,4,623,2,141,2,482
"192.168.1.31",63580,2,287,1,72,1,215
"2001:14ba:a051:8c00:15a0:90ff:ab54:3867",63580,1,92,1,92,0,0
"192.168.1.31",63581,2,215,1,83,1,132
"192.168.1.31",63586,2,315,1,83,1,232
"192.168.1.31",63593,2,298,1,85,1,213
"192.168.1.31",63598,2,289,1,83,1,206
"192.168.1.31",63616,2,210,1,97,1,113
"2001:14ba:a051:8c00:15a0:90ff:ab54:3867",63616,1,117,1,117,0,0
"192.168.1.31",63640,4,491,2,161,2,330
"192.168.1.31",63644,2,226,1,83,1,143
"192.168.1.31",63648,2,298,1,85,1,213
"2001:14ba:a051:8c00:15a0:90ff:ab54:3867",63662,1,103,1,103,0,0
"192.168.1.31",63663,2,247,1,85,1,162
"192.168.1.31",63667,2,224,1,85,1,139
"192.168.1.31",63680,2,289,1,83,1,206
"192.168.1.31",63693,2,247,1,85,1,162
"192.168.1.31",63695,2,168,1,84,1,84
"2001:14ba:a051:8c00:15a0:90ff:ab54:3867",63695,1,104,1,104,0,0
"192.168.1.31",63701,4,379,2,152,2,227
"192.168.1.31",63707,80,38599,43,32876,37,5723
"192.168.1.31",63711,17,8319,9,5825,8,2494
"192.168.1.31",63712,13,4996,4,1717,9,3279
"2001:14ba:a051:8c00:15a0:90ff:ab54:3867",63712,1,101,1,101,0,0
"192.168.1.31",63729,2,192,1,88,1,104
"192.168.1.31",63736,2,192,1,88,1,104
"192.168.1.31",63737,2,206,1,71,1,135
"192.168.1.31",63738,2,298,1,85,1,213
"192.168.1.31",63739,2,172,1,78,1,94
"192.168.1.31",63741,4,848,4,848,0,0
"192.168.1.31",63742,4,868,4,868,0,0
"192.168.1.31",63744,2,247,1,85,1,162
"192.168.1.31",63752,2,209,1,73,1,136
"2001:14ba:a051:8c00:15a0:90ff:ab54:3867",63752,2,186,2,186,0,0
"192.168.1.31",63753,32,26630,8,5840,24,20790
"192.168.1.31",63756,2,190,1,87,1,103
"2001:14ba:a051:8c00:15a0:90ff:ab54:3867",63756,1,107,1,107,0,0
"192.168.1.31",63757,2,419,1,69,1,350
"192.168.1.31",63763,2,424,1,69,1,355
"192.168.1.31",63767,2,138,1,69,1,69
"192.168.1.31",63770,2,190,1,79,1,111
"192.168.1.31",63771,2,174,1,79,1,95
"192.168.1.31",63773,4,427,2,152,2,275
"192.168.1.31",63776,2,190,1,87,1,103
"192.168.1.31",63782,4,524,2,168,2,356
"192.168.1.31",63787,2,353,1,74,1,279
"192.168.1.31",63812,2,236,1,85,1,151
"192.168.1.31",63814,2,236,1,85,1,151
"192.168.1.31",63815,2,204,1,74,1,130
"2001:14ba:a051:8c00:15a0:90ff:ab54:3867",63815,1,94,1,94,0,0
"192.168.1.31",63818,14,6685,7,4098,7,2587
"192.168.1.31",63830,2,319,1,89,1,230
"192.168.1.31",63836,2,174,1,79,1,95
"2001:14ba:a051:8c00:15a0:90ff:ab54:3867",63836,1,99,1,99,0,0
"192.168.1.31",63840,2,222,1,71,1,151
"192.168.1.31",63845,2,391,1,69,1,322
"192.168.1.31",63857,26,8968,13,3979,13,4989
"192.168.1.31",63865,2,224,1,85,1,139
"192.168.1.31",63886,2,298,1,85,1,213
"192.168.1.31",63894,2,220,1,78,1,142
"192.168.1.31",63895,4,458,2,166,2,292
"192.168.1.31",63901,2,154,1,69,1,85
"192.168.1.31",63908,2,256,1,76,1,180
"192.168.1.31",63912,2,298,1,85,1,213
"192.168.1.31",63916,2,221,1,83,1,138
"192.168.1.31",63917,228,245833,26,4609,202,241224
"192.168.1.31",63920,18,10342,10,7118,8,3224
"192.168.1.31",63921,2,214,1,83,1,131
"2001:14ba:a051:8c00:15a0:90ff:ab54:3867",63921,1,103,1,103,0,0
"192.168.1.31",63924,47,18595,24,14080,23,4515
"192.168.1.31",63928,2,298,1,85,1,213
"192.168.1.31",63930,2,206,1,79,1,127
"192.168.1.31",63931,4,670,2,161,2,509
"2001:14ba:a051:8c00:15a0:90ff:ab54:3867",63931,1,112,1,112,0,0
"192.168.1.31",63932,201,162910,55,8976,146,153934
"192.168.1.31",63934,2,152,1,76,1,76
"192.168.1.31",63937,2,166,1,75,1,91
"2001:14ba:a051:8c00:15a0:90ff:ab54:3867",63937,1,95,1,95,0,0
"192.168.1.31",63938,2,222,1,71,1,151
"2001:14ba:a051:8c00:15a0:90ff:ab54:3867",63938,1,91,1,91,0,0
"192.168.1.31",63940,2,289,1,83,1,206
"192.168.1.31",63948,4,436,2,154,2,282
"2001:14ba:a051:8c00:15a0:90ff:ab54:3867",63948,1,89,1,89,0,0
"192.168.1.31",63951,2,212,1,92,1,120
"2001:14ba:a051:8c00:15a0:90ff:ab54:3867",63951,1,112,1,112,0,0
"192.168.1.31",63952,13,7139,5,1824,8,5315
"192.168.1.31",63964,4,373,2,154,2,219
"192.168.1.31",63965,4,848,4,848,0,0
"192.168.1.31",63966,4,868,4,868,0,0
"192.168.1.31",63978,15,7788,8,5253,7,2535
"192.168.1.31",63981,2,222,1,71,1,151
"192.168.1.31",63983,2,188,1,80,1,108
"192.168.1.31",63985,92,36231,46,17928,46,18303
"192.168.1.31",63991,2,222,1,103,1,119
"2001:14ba:a051:8c00:15a0:90ff:ab54:3867",63991,1,123,1,123,0,0
"192.168.1.31",63992,12,5497,6,2847,6,2650
"192.168.1.31",63995,2,266,1,91,1,175
"2001:14ba:a051:8c00:15a0:90ff:ab54:3867",63995,1,111,1,111,0,0
"192.168.1.31",63996,2,419,1,69,1,350
"192.168.1.31",64002,2,298,1,85,1,213
"192.168.1.31",64015,2,221,1,80,1,141
"192.168.1.31",64019,2,190,1,87,1,103
"192.168.1.31",64022,118,50157,61,25195,57,24962
"192.168.1.31",64029,4,395,2,152,2,243
"192.168.1.31",64031,115,41101,58,19821,57,21280
"192.168.1.31",64044,4,407,2,167,2,240
"2001:14ba:a051:8c00:15a0:90ff:ab54:3867",64044,2,207,2,207,0,0
"192.168.1.31",64058,2,178,1,81,1,97
"192.168.1.31",64067,2,289,1,83,1,206
"192.168.1.31",64070,2,200,1,92,1,108
"2001:14ba:a051:8c00:15a0:90ff:ab54:3867",64070,1,112,1,112,0,0
"192.168.1.31",64081,2,196,1,90,1,106
"2001:14ba:a051:8c00:15a0:90ff:ab54:3867",64081,1,110,1,110,0,0
"192.168.1.31",64086,2,174,1,79,1,95
"192.168.1.31",64088,2,247,1,85,1,162
"192.168.1.31",64090,2,166,1,75,1,91
"2001:14ba:a051:8c00:15a0:90ff:ab54:3867",64090,1,95,1,95,0,0
"192.168.1.31",64098,2,178,1,75,1,103
"192.168.1.31",64099,201,246741,18,3579,183,243162
"192.168.1.31",64100,203,242748,23,3912,180,238836
"192.168.1.31",64104,2,176,1,80,1,96
"192.168.1.31",64106,2,235,1,85,1,150
"192.168.1.31",64108,2,320,1,89,1,231
"192.168.1.31",64110,2,182,1,83,1,99
"2001:14ba:a051:8c00:15a0:90ff:ab54:3867",64110,1,103,1,103,0,0
"192.168.1.31",64111,2,257,1,88,1,169
"192.168.1.31",64112,12,5494,6,2845,6,2649
"192.168.1.31",64118,4,496,2,176,2,320
"192.168.1.31",64124,2,186,1,85,1,101
"2001:14ba:a051:8c00:15a0:90ff:ab54:3867",64124,1,105,1,105,0,0
"192.168.1.31",64126,2,227,1,83,1,144
"192.168.1.31",64138,25,13450,14,10715,11,2735
"192.168.1.31",64139,2,154,1,69,1,85
"2001:14ba:a051:8c00:15a0:90ff:ab54:3867",64139,1,89,1,89,0,0
"192.168.1.31",64140,2,308,1,80,1,228
"192.168.1.31",64145,2,221,1,77,1,144
"192.168.1.31",64155,2,224,1,85,1,139
"2001:14ba:a051:8c00:15a0:90ff:ab54:3867",64155,1,105,1,105,0,0
"192.168.1.31",64173,4,848,4,848,0,0
"192.168.1.31",64174,4,868,4,868,0,0
"192.168.1.31",64178,2,194,1,83,1,111
"192.168.1.31",64182,2,174,1,79,1,95
"2001:14ba:a051:8c00:15a0:90ff:ab54:3867",64182,2,198,2,198,0,0
"192.168.1.31",64184,2,242,1,81,1,161
"192.168.1.31",64189,2,222,1,71,1,151
"2001:14ba:a051:8c00:15a0:90ff:ab54:3867",64189,1,91,1,91,0,0
"192.168.1.31",64206,2,223,1,76,1,147
"192.168.1.31",64211,2,190,1,87,1,103
"2001:14ba:a051:8c00:15a0:90ff:ab54:3867",64211,1,107,1,107,0,0
"192.168.1.31",64214,2,154,1,69,1,85
"2001:14ba:a051:8c00:15a0:90ff:ab54:3867",64214,1,89,1,89,0,0
"192.168.1.31",64218,2,315,1,83,1,232
"192.168.1.31",64223,2,224,1,85,1,139
"192.168.1.31",64227,2,255,1,90,1,165
"192.168.1.31",64228,2,325,1,83,1,242
"2001:14ba:a051:8c00:15a0:90ff:ab54:3867",64228,1,103,1,103,0,0
"192.168.1.31",64230,30,9772,14,4047,16,5725
"192.168.1.31",64235,35,19303,18,9677,17,9626
"192.168.1.31",64236,40,15917,20,11629,20,4288
"192.168.1.31",64237,4,483,2,166,2,317
"2001:14ba:a051:8c00:15a0:90ff:ab54:3867",64237,1,103,1,103,0,0
"192.168.1.31",64242,2,194,1,81,1,113
"2001:14ba:a051:8c00:15a0:90ff:ab54:3867",64242,1,101,1,101,0,0
"192.168.1.31",64244,2,215,1,83,1,132
"192.168.1.31",64248,2,194,1,89,1,105
"2001:14ba:a051:8c00:15a0:90ff:ab54:3867",64248,2,218,2,218,0,0
"192.168.1.31",64250,2,182,1,83,1,99
"2001:14ba:a051:8c00:15a0:90ff:ab54:3867",64250,1,103,1,103,0,0
"192.168.1.31",64259,4,848,4,848,0,0
"192.168.1.31",64260,6,1060,5,956,1,104
"2001:14ba:a051:8c00:15a0:90ff:ab54:3867",64260,1,108,1,108,0,0
"192.168.1.31",64263,116,48975,57,24137,59,24838
"192.168.1.31",64277,4,374,2,165,2,209
"2001:14ba:a051:8c00:15a0:90ff:ab54:3867",64277,3,313,3,313,0,0
"192.168.1.31",64284,2,247,1,85,1,162
"192.168.1.31",64297,2,194,1,83,1,111
"192.168.1.31",64302,2,247,1,85,1,162
"192.168.1.31",64304,2,289,1,83,1,206
"192.168.1.31",64305,2,217,1,79,1,138
"192.168.1.31",64307,2,138,1,69,1,69
"2001:14ba:a051:8c00:15a0:90ff:ab54:3867",64307,1,89,1,89,0,0
"192.168.1.31",64311,2,289,1,83,1,206
"192.168.1.31",64314,2,186,1,79,1,107
"2001:14ba:a051:8c00:15a0:90ff:ab54:3867",64314,1,99,1,99,0,0
"192.168.1.31",64315,4,848,4,848,0,0
"192.168.1.31",64316,4,868,4,868,0,0
"192.168.1.31",64321,2,224,1,85,1,139
"192.168.1.31",64329,2,271,1,74,1,197
"192.168.1.31",64333,2,238,1,83,1,155
"192.168.1.31",64334,2,217,1,79,1,138
"192.168.1.31",64337,2,210,1,91,1,119
"192.168.1.31",64338,13,7079,5,1829,8,5250
"192.168.1.31",64339,89,63191,25,7052,64,56139
"192.168.1.31",64340,2,223,1,76,1,147
"192.168.1.31",64341,4,848,4,848,0,0
"192.168.1.31",64344,2,138,1,69,1,69
"192.168.1.31",64345,4,848,4,848,0,0
"192.168.1.31",64346,4,442,2,166,2,276
"192.168.1.31",64354,2,211,1,75,1,136
"2001:14ba:a051:8c00:15a0:90ff:ab54:3867",64354,1,95,1,95,0,0
"192.168.1.31",64355,2,227,1,83,1,144
"192.168.1.31",64363,2,217,1,76,1,141
"192.168.1.31",64364,20,9582,7,2231,13,7351
"192.168.1.31",64368,2,247,1,85,1,162
"192.168.1.31",64380,2,236,1,85,1,151
"192.168.1.31",64383,4,364,2,163,2,201
"2001:14ba:a051:8c00:15a0:90ff:ab54:3867",64383,2,203,2,203,0,0
"192.168.1.31",64385,2,392,1,113,1,279
"192.168.1.31",64405,2,164,1,82,1,82
"192.168.1.31",64406,34,14697,18,11294,16,3403
"192.168.1.31",64412,2,289,1,83,1,206
"192.168.1.31",64413,2,249,1,77,1,172
"2001:14ba:a051:8c00:15a0:90ff:ab54:3867",64413,1,97,1,97,0,0
"192.168.1.31",64416,28,8860,14,3589,14,5271
"2001:14ba:a051:8c00:15a0:90ff:ab54:3867",64416,1,97,1,97,0,0
"192.168.1.31",64423,2,186,1,79,1,107
"2001:14ba:a051:8c00:15a0:90ff:ab54:3867",64423,1,99,1,99,0,0
"192.168.1.31",64424,2,208,1,90,1,118
"2001:14ba:a051:8c00:15a0:90ff:ab54:3867",64424,1,110,1,110,0,0
"192.168.1.31",64425,102,104336,18,3214,84,101122
"192.168.1.31",64435,2,224,1,85,1,139
"192.168.1.31",64436,14,6701,7,4097,7,2604
"192.168.1.31",64437,2,419,1,69,1,350
"192.168.1.31",64449,2,290,1,85,1,205
"2001:14ba:a051:8c00:15a0:90ff:ab54:3867",64449,1,105,1,105,0,0
"192.168.1.31",64454,2,154,1,69,1,85
"192.168.1.31",64455,2,190,1,81,1,109
"2001:14ba:a051:8c00:15a0:90ff:ab54:3867",64455,1,101,1,101,0,0
"192.168.1.31",64464,2,215,1,83,1,132
"192.168.1.31",64472,2,174,1,79,1,95
"192.168.1.31",64483,2,190,1,81,1,109
"192.168.1.31",64484,15,6440,4,1721,11,4719
"192.168.1.31",64485,43,23209,12,3433,31,19776
"192.168.1.31",64490,2,194,1,89,1,105
"192.168.1.31",64495,2,289,1,83,1,206
"192.168.1.31",64514,2,166,1,75,1,91
"2001:14ba:a051:8c00:15a0:90ff:ab54:3867",64514,1,95,1,95,0,0
"192.168.1.31",64516,2,194,1,89,1,105
"2001:14ba:a051:8c00:15a0:90ff:ab54:3867",64516,1,109,1,109,0,0
"192.168.1.31",64519,2,154,1,69,1,85
"192.168.1.31",64520,2,404,1,69,1,335
"192.168.1.31",64523,2,178,1,81,1,97
"2001:14ba:a051:8c00:15a0:90ff:ab54:3867",64523,1,101,1,101,0,0
"192.168.1.31",64525,2,226,1,83,1,143
"192.168.1.31",64528,2,298,1,85,1,213
"192.168.1.31",64529,2,215,1,83,1,132
"192.168.1.31",64536,2,259,1,89,1,170
"192.168.1.31",64537,2,257,1,88,1,169
"2001:14ba:a051:8c00:15a0:90ff:ab54:3867",64537,1,108,1,108,0,0
"192.168.1.31",64538,12,5496,6,2847,6,2649
"192.168.1.31",64540,2,298,1,85,1,213
"192.168.1.31",64547,2,290,1,85,1,205
"2001:14ba:a051:8c00:15a0:90ff:ab54:3867",64547,1,105,1,105,0,0
"192.168.1.31",64548,2,154,1,69,1,85
"192.168.1.31",64559,2,298,1,85,1,213
"192.168.1.31",64564,2,206,1,89,1,117
"2001:14ba:a051:8c00:15a0:90ff:ab54:3867",64564,1,109,1,109,0,0
"192.168.1.31",64565,33,16659,15,2946,18,13713
"192.168.1.31",64568,2,260,1,89,1,171
"192.168.1.31",64576,2,224,1,85,1,139
"192.168.1.31",64581,2,241,1,83,1,158
"192.168.1.31",64583,19,9703,10,6990,9,2713
"192.168.1.31",64596,2,205,1,76,1,129
"2001:14ba:a051:8c00:15a0:90ff:ab54:3867",64596,1,96,1,96,0,0
"192.168.1.31",64599,2,186,1,85,1,101
"192.168.1.31",64601,2,236,1,85,1,151
"192.168.1.31",64607,34,15614,18,11930,16,3684
"192.168.1.31",64609,2,204,1,94,1,110
"192.168.1.31",64610,2,186,1,79,1,107
"2001:14ba:a051:8c00:15a0:90ff:ab54:3867",64610,1,99,1,99,0,0
"192.168.1.31",64611,2,210,1,91,1,119
"2001:14ba:a051:8c00:15a0:90ff:ab54:3867",64611,1,111,1,111,0,0
"192.168.1.31",64623,2,186,1,79,1,107
"192.168.1.31",64624,18,11166,7,5252,11,5914
"192.168.1.31",64627,2,254,1,87,1,167
"2001:14ba:a051:8c00:15a0:90ff:ab54:3867",64627,1,107,1,107,0,0
"192.168.1.31",64629,4,644,2,153,2,491
"2001:14ba:a051:8c00:15a0:90ff:ab54:3867",64629,1,104,1,104,0,0
"192.168.1.31",64633,4,848,4,848,0,0
"192.168.1.31",64634,4,868,4,868,0,0
"192.168.1.31",64637,2,176,1,88,1,88
"192.168.1.31",64640,2,298,1,85,1,213
"192.168.1.31",64651,2,194,1,89,1,105
"2001:14ba:a051:8c00:15a0:90ff:ab54:3867",64651,1,109,1,109,0,0
"192.168.1.31",64654,2,200,1,68,1,132
"192.168.1.31",64655,2,253,1,83,1,170
"192.168.1.31",64662,2,259,1,78,1,181
"192.168.1.31",64667,2,154,1,69,1,85
"192.168.1.31",64670,2,340,1,94,1,246
"2001:14ba:a051:8c00:15a0:90ff:ab54:3867",64670,1,114,1,114,0,0
"192.168.1.31",64673,2,168,1,76,1,92
"192.168.1.31",64674,4,848,4,848,0,0
"192.168.1.31",64675,4,868,4,868,0,0
"192.168.1.31",64676,2,208,1,90,1,118
"2001:14ba:a051:8c00:15a0:90ff:ab54:3867",64676,1,110,1,110,0,0
"192.168.1.31",64677,13,7348,5,1825,8,5523
"192.168.1.31",64689,2,211,1,76,1,135
"192.168.1.31",64695,2,192,1,88,1,104
"192.168.1.31",64697,4,390,2,173,2,217
"2001:14ba:a051:8c00:15a0:90ff:ab54:3867",64697,1,111,1,111,0,0
"192.168.1.31",64698,2,204,1,94,1,110
"192.168.1.31",64715,2,176,1,88,1,88
"2001:14ba:a051:8c00:15a0:90ff:ab54:3867",64715,1,108,1,108,0,0
"192.168.1.31",64720,2,194,1,89,1,105
"192.168.1.31",64739,2,428,1,69,1,359
"192.168.1.31",64741,2,237,1,87,1,150
"192.168.1.31",64743,2,289,1,83,1,206
"192.168.1.31",64744,2,424,1,69,1,355
"192.168.1.31",64761,2,236,1,85,1,151
"192.168.1.31",64771,2,227,1,83,1,144
"192.168.1.31",64776,2,217,1,79,1,138
"192.168.1.31",64778,18,10540,8,2856,10,7684
"192.168.1.31",64794,17,6353,9,4031,8,2322
"192.168.1.31",64796,2,253,1,83,1,170
"192.168.1.31",64797,2,298,1,85,1,213
"192.168.1.31",64827,2,241,1,83,1,158
"192.168.1.31",64828,2,235,1,85,1,150
"192.168.1.31",64846,40,16231,21,12342,19,3889
"192.168.1.31",64851,2,256,1,76,1,180
"192.168.1.31",64865,2,178,1,75,1,103
"2001:14ba:a051:8c00:15a0:90ff:ab54:3867",64865,1,95,1,95,0,0
"192.168.1.31",64866,13,6284,4,1715,9,4569
"192.168.1.31",64867,2,238,1,83,1,155
"192.168.1.31",64873,2,178,1,75,1,103
"2001:14ba:a051:8c00:15a0:90ff:ab54:3867",64873,1,95,1,95,0,0
"192.168.1.31",64874,30,6900,11,2791,19,4109
"192.168.1.31",64880,2,428,1,69,1,359
"192.168.1.31",64891,2,315,1,83,1,232
"192.168.1.31",64894,2,222,1,71,1,151
"192.168.1.31",64901,2,176,1,88,1,88
"2001:14ba:a051:8c00:15a0:90ff:ab54:3867",64901,1,108,1,108,0,0
"192.168.1.31",64915,4,848,4,848,0,0
"192.168.1.31",64916,6,1165,5,954,1,211
"192.168.1.31",64932,20,7962,10,4779,10,3183
"192.168.1.31",64933,2,154,1,69,1,85
"192.168.1.31",64935,2,361,1,83,1,278
"192.168.1.31",64937,2,236,1,85,1,151
"192.168.1.31",64948,2,180,1,74,1,106
"2001:14ba:a051:8c00:15a0:90ff:ab54:3867",64948,1,94,1,94,0,0
"192.168.1.31",64949,4,435,2,166,2,269
"2001:14ba:a051:8c00:15a0:90ff:ab54:3867",64949,1,103,1,103,0,0
"192.168.1.31",64954,2,206,1,89,1,117
"2001:14ba:a051:8c00:15a0:90ff:ab54:3867",64954,1,109,1,109,0,0
"192.168.1.31",64955,11,4714,4,1711,7,3003
"192.168.1.31",64956,2,289,1,83,1,206
"192.168.1.31",64958,2,215,1,83,1,132
"192.168.1.31",64972,2,174,1,79,1,95
"2001:14ba:a051:8c00:15a0:90ff:ab54:3867",64972,1,99,1,99,0,0
"192.168.1.31",64974,21,7627,11,3232,10,4395
"192.168.1.31",64982,2,244,1,108,1,136
"2001:14ba:a051:8c00:15a0:90ff:ab54:3867",64982,1,128,1,128,0,0
"192.168.1.31",64983,69,33250,26,8068,43,25182
"192.168.1.31",64985,2,201,1,71,1,130
"2001:14ba:a051:8c00:15a0:90ff:ab54:3867",64985,1,91,1,91,0,0
"192.168.1.31",64995,15,5543,7,2794,8,2749
"192.168.1.31",64998,2,192,1,72,1,120
"192.168.1.31",64999,2,224,1,85,1,139
"192.168.1.31",65007,2,192,1,88,1,104
"2001:14ba:a051:8c00:15a0:90ff:ab54:3867",65007,1,108,1,108,0,0
"192.168.1.31",65008,2,253,1,86,1,167
"192.168.1.31",65010,2,198,1,85,1,113
"2001:14ba:a051:8c00:15a0:90ff:ab54:3867",65010,1,105,1,105,0,0
"192.168.1.31",65011,17,7576,7,2092,10,5484
"192.168.1.31",65024,2,195,1,72,1,123
"2001:14ba:a051:8c00:15a0:90ff:ab54:3867",65024,1,92,1,92,0,0
"192.168.1.31",65029,2,218,1,101,1,117
"2001:14ba:a051:8c00:15a0:90ff:ab54:3867",65029,1,121,1,121,0,0
"192.168.1.31",65030,13,5507,6,2788,7,2719
"192.168.1.31",65042,2,242,1,80,1,162
"2001:14ba:a051:8c00:15a0:90ff:ab54:3867",65042,1,100,1,100,0,0
"192.168.1.31",65050,2,168,1,84,1,84
"2001:14ba:a051:8c00:15a0:90ff:ab54:3867",65050,1,104,1,104,0,0
"192.168.1.31",65052,14,6591,7,4091,7,2500
"192.168.1.31",65053,4,848,4,848,0,0
"192.168.1.31",65054,4,868,4,868,0,0
"192.168.1.31",65056,2,428,1,69,1,359
"192.168.1.31",65064,2,215,1,83,1,132
"192.168.1.31",65068,2,247,1,85,1,162
"192.168.1.31",65076,2,168,1,76,1,92
"192.168.1.31",65085,2,190,1,87,1,103
"2001:14ba:a051:8c00:15a0:90ff:ab54:3867",65085,1,107,1,107,0,0
"192.168.1.31",65087,2,176,1,88,1,88
"2001:14ba:a051:8c00:15a0:90ff:ab54:3867",65087,1,108,1,108,0,0
"192.168.1.31",65088,4,848,4,848,0,0
"192.168.1.31",65089,4,868,4,868,0,0
"192.168.1.31",65097,14,6407,7,3978,7,2429
"192.168.1.31",65098,4,848,4,848,0,0
"192.168.1.31",65099,4,868,4,868,0,0
"192.168.1.31",65104,20,7351,10,4389,10,2962
"192.168.1.31",65112,2,289,1,83,1,206
"192.168.1.31",65115,2,302,1,81,1,221
"192.168.1.31",65116,50,2750,25,1250,25,1500
"192.168.1.31",65119,2,247,1,85,1,162
"192.168.1.31",65135,2,156,1,78,1,78
"192.168.1.31",65138,2,298,1,85,1,213
"192.168.1.31",65140,2,215,1,83,1,132
"192.168.1.31",65141,2,190,1,87,1,103
"192.168.1.31",65144,2,298,1,85,1,213
"192.168.1.31",65145,2,174,1,79,1,95
"2001:14ba:a051:8c00:15a0:90ff:ab54:3867",65145,1,99,1,99,0,0
"192.168.1.31",65151,2,236,1,85,1,151
"192.168.1.31",65154,2,200,1,92,1,108
"2001:14ba:a051:8c00:15a0:90ff:ab54:3867",65154,1,112,1,112,0,0
"192.168.1.31",65156,2,222,1,71,1,151
"192.168.1.31",65157,2,190,1,87,1,103
"2001:14ba:a051:8c00:15a0:90ff:ab54:3867",65157,1,107,1,107,0,0
"192.168.1.31",65173,2,176,1,88,1,88
"2001:14ba:a051:8c00:15a0:90ff:ab54:3867",65173,1,108,1,108,0,0
"192.168.1.31",65176,2,315,1,95,1,220
"192.168.1.31",65181,2,166,1,75,1,91
"2001:14ba:a051:8c00:15a0:90ff:ab54:3867",65181,1,95,1,95,0,0
"192.168.1.31",65183,23,7953,12,3326,11,4627
"2001:14ba:a051:8c00:15a0:90ff:ab54:3867",65183,1,112,1,112,0,0
"192.168.1.31",65184,4,848,4,848,0,0
"192.168.1.31",65185,4,868,4,868,0,0
"192.168.1.31",65224,2,222,1,103,1,119
"192.168.1.31",65225,16,8316,8,2992,8,5324
"192.168.1.31",65227,2,166,1,75,1,91
"2001:14ba:a051:8c00:15a0:90ff:ab54:3867",65227,1,95,1,95,0,0
"192.168.1.31",65231,2,236,1,85,1,151
"192.168.1.31",65232,2,428,1,69,1,359
"192.168.1.31",65246,2,213,1,81,1,132
"192.168.1.31",65251,4,402,2,160,2,242
"2001:14ba:a051:8c00:15a0:90ff:ab54:3867",65251,1,95,1,95,0,0
"192.168.1.31",65257,2,253,1,83,1,170
"192.168.1.31",65264,2,235,1,85,1,150
"192.168.1.31",65303,2,236,1,85,1,151
"192.168.1.31",65306,2,215,1,83,1,132
"192.168.1.31",65307,2,209,1,73,1,136
"192.168.1.31",65308,32,19048,7,2652,25,16396
"192.168.1.31",65313,2,210,1,91,1,119
"192.168.1.31",65314,2,154,1,69,1,85
"192.168.1.31",65320,114,38665,58,18945,56,19720
"2001:14ba:a051:8c00:15a0:90ff:ab54:3867",65327,1,89,1,89,0,0
"192.168.1.31",65329,2,241,1,84,1,157
"2001:14ba:a051:8c00:15a0:90ff:ab54:3867",65329,1,104,1,104,0,0
"192.168.1.31",65331,19,7610,9,3082,10,4528
"192.168.1.31",65340,30,13179,16,5377,14,7802
"192.168.1.31",65342,2,318,1,89,1,229
"192.168.1.31",65355,2,192,1,88,1,104
"192.168.1.31",65363,15,6863,8,4434,7,2429
"192.168.1.31",65364,21,9170,13,6677,8,2493
"192.168.1.31",65367,2,298,1,85,1,213
"192.168.1.31",65370,2,289,1,83,1,206
"192.168.1.31",65380,2,395,1,69,1,326
"192.168.1.31",65382,2,176,1,80,1,96
"192.168.1.31",65387,2,242,1,92,1,150
"192.168.1.31",65388,248,202253,61,9438,187,192815
"192.168.1.31",65401,2,428,1,69,1,359
"192.168.1.31",65414,27,9069,13,3973,14,5096
"192.168.1.31",65417,2,206,1,79,1,127
"2001:14ba:a051:8c00:15a0:90ff:ab54:3867",65417,1,99,1,99,0,0
"192.168.1.31",65420,2,168,1,76,1,92
"2001:14ba:a051:8c00:15a0:90ff:ab54:3867",65420,2,192,2,192,0,0
"192.168.1.31",65431,16,6921,8,4172,8,2749
"192.168.1.31",65433,2,186,1,85,1,101
"2001:14ba:a051:8c00:15a0:90ff:ab54:3867",65433,1,105,1,105,0,0
"192.168.1.31",65440,2,200,1,92,1,108
"2001:14ba:a051:8c00:15a0:90ff:ab54:3867",65440,1,112,1,112,0,0
"192.168.1.31",65448,2,224,1,85,1,139
"192.168.1.31",65452,2,154,1,69,1,85
"192.168.1.31",65453,2,240,1,80,1,160
"192.168.1.31",65454,2,255,1,90,1,165
"2001:14ba:a051:8c00:15a0:90ff:ab54:3867",65454,1,110,1,110,0,0
"192.168.1.31",65457,2,194,1,89,1,105
"192.168.1.31",65461,4,378,2,154,2,224
"192.168.1.31",65471,2,178,1,75,1,103
"192.168.1.31",65473,2,222,1,71,1,151
"192.168.1.31",65477,4,391,2,171,2,220
"2001:14ba:a051:8c00:15a0:90ff:ab54:3867",65477,2,216,2,216,0,0
"192.168.1.31",65478,14,5671,7,2934,7,2737
"192.168.1.31",65481,15,5786,7,2974,8,2812
"192.168.1.31",65482,4,503,2,190,2,313
"2001:14ba:a051:8c00:15a0:90ff:ab54:3867",65482,2,230,2,230,0,0
"192.168.1.31",65489,2,223,1,76,1,147
"192.168.1.31",65499,2,267,1,97,1,170
"192.168.1.31",65507,2,186,1,79,1,107
"192.168.1.31",65508,19,9874,8,5337,11,4537
"2001:14ba:a051:8c00:15a0:90ff:ab54:3867",65508,1,110,1,110,0,0
"192.168.1.31",65511,2,186,1,79,1,107
"192.168.1.31",65513,2,212,1,92,1,120
"2001:14ba:a051:8c00:15a0:90ff:ab54:3867",65513,1,112,1,112,0,0
"192.168.1.31",65518,4,440,2,179,2,261
"2001:14ba:a051:8c00:15a0:90ff:ab54:3867",65518,1,114,1,114,0,0
"192.168.1.31",65525,2,236,1,85,1,151
"192.168.1.31",65527,2,298,1,85,1,213
"192.168.1.31",65535,2,138,1,69,1,69
