Address,Port,Packets,Bytes,Tx Packets,Tx Bytes,Rx Packets,Rx Bytes
"62.165.155.56",80,43,5401,18,2536,25,2865
"62.183.170.50",80,14,3064,6,2132,8,932
"52.58.254.253",80,273,21490,84,9590,189,11900
"62.183.170.9",80,13,5782,7,5173,6,609
"216.58.210.131",80,84,8097,38,4255,46,3842
"62.183.170.33",80,67,29226,33,25944,34,3282
"108.156.16.76",80,160,16396,75,9471,85,6925
"172.64.149.23",80,32,3308,15,1932,17,1376
"192.229.221.95",80,312,41372,140,23408,172,17964
"18.165.121.158",80,20,4164,6,3152,14,1012
"13.33.241.167",80,35,6670,10,4781,25,1889
"18.192.94.96",80,60,4686,18,2055,42,2631
"2.21.200.181",80,60,9603,24,6225,36,3378
"62.183.170.26",80,13,5782,7,5173,6,609
"192.124.249.22",80,41,11525,20,9070,21,2455
"62.165.155.48",80,286,335933,230,331570,56,4363
"8.238.112.120",80,1520,393752,843,347720,677,46032
"35.156.224.161",80,60,4686,18,2055,42,2631
"87.248.205.0",80,25,3044,11,1414,14,1630
"216.58.209.195",80,10,1006,4,463,6,543
"13.107.138.254",443,34,10578,19,8521,15,2057
"204.79.197.254",443,30,10046,18,8463,12,1583
"52.247.12.246",443,25,9111,13,7476,12,1635
"204.79.197.222",443,56,20487,32,15596,24,4891
"34.36.232.77",443,3881,299026,1944,156951,1937,142075
"204.79.197.200",443,246,102483,141,70794,105,31689
"157.240.205.60",443,3416,382729,1715,200952,1701,181777
"34.120.52.64",443,3387,525112,2165,369911,1222,155201
"62.165.159.8",443,2327,1903232,1681,1837193,646,66039
"155.133.252.26",443,193,187469,143,183115,50,4354
"23.52.29.119",443,27,10227,16,8204,11,2023
"35.186.224.25",443,938,117782,432,63358,506,54424
"162.254.198.15",443,180,152947,122,146737,58,6210
"155.133.252.20",443,81,43897,48,40161,33,3736
"151.101.246.248",443,90349,117173589,77697,116275470,12652,898119
"20.199.120.85",443,133,10319,62,5523,71,4796
"52.184.213.187",443,348,85481,153,55158,195,30323
"52.98.179.178",443,1,60,1,60,0,0
"2.22.244.217",443,11,631,2,145,9,486
"52.182.143.210",443,1,60,1,60,0,0
"2001:14b8:1800:303::3ea5:9f38",443,2,172,0,0,2,172
"2600:1901:1:c36::",443,41,3526,0,0,41,3526
"62.165.159.56",443,269,227077,203,219876,66,7201
"2001:14b8:1800:303::3ea5:9f29",443,46,3956,0,0,46,3956
"62.165.159.41",443,2230,1963906,1674,1906286,556,57620
"34.107.243.93",443,377,67181,211,43312,166,23869
"35.186.227.140",443,6849,3276167,3695,414551,3154,2861616
"2600:1901:1:81::",443,36,3096,0,0,36,3096
"35.186.224.17",443,796,97844,365,50667,431,47177
"52.58.254.253",443,341,70870,153,52192,188,18678
"216.58.210.174",443,336,107787,171,74241,165,33546
"216.58.210.173",443,30,7791,14,5842,16,1949
"34.117.237.239",443,270,49758,128,28894,142,20864
"216.58.209.163",443,465,61217,267,39407,198,21810
"20.189.173.12",443,31,10029,15,5928,16,4101
"2001:14b8:1800:303::3ea5:9f08",443,55,4730,0,0,55,4730
"2a04:4e42:3a::760",443,30,2580,0,0,30,2580
"40.114.178.124",443,278,69504,159,51198,119,18306
"34.149.100.209",443,338,100734,181,83057,157,17677
"34.160.144.191",443,46,14254,25,12120,21,2134
"216.58.211.234",443,1070,257373,572,158140,498,99233
"34.120.208.123",443,685,152866,359,70700,326,82166
"62.165.155.56",443,216,66892,112,46360,104,20532
"62.165.155.75",443,77,23212,43,17082,34,6130
"34.110.207.168",443,185,39644,87,27276,98,12368
"40.114.177.156",443,105,28749,62,22050,43,6699
"18.165.122.69",443,1766,1790369,1405,1750931,361,39438
"151.101.130.137",443,65,41865,45,39403,20,2462
"104.18.131.236",443,120,68632,73,62480,47,6152
"151.101.246.208",443,296,133199,187,117034,109,16165
"23.32.24.220",443,36,10619,21,8511,15,2108
"52.85.113.207",443,2682,3045871,2097,2991200,585,54671
"172.67.74.220",443,33,7291,15,4945,18,2346
"93.184.220.66",443,149,136885,112,132381,37,4504
"172.67.75.153",443,75,20552,36,15152,39,5400
"104.244.42.8",443,32,8203,15,5856,17,2347
"162.55.83.113",443,774,195762,415,85356,359,110406
"13.68.233.9",443,29,15718,14,9788,15,5930
"108.156.24.82",443,619,545337,458,527381,161,17956
"18.165.142.76",443,73,25625,38,21176,35,4449
"18.165.142.162",443,2738,3246554,2367,3218056,371,28498
"104.244.42.72",443,34,5909,16,2907,18,3002
"104.26.10.19",443,3,198,2,132,1,66
"173.194.28.72",443,156,69908,83,51258,73,18650
"89.166.85.208",443,13,6511,7,5494,6,1017
"104.26.3.30",443,682,616716,528,601051,154,15665
"23.210.172.8",443,54,10655,28,7580,26,3075
"52.85.49.79",443,127,108424,89,104317,38,4107
"52.22.253.179",443,455,271826,281,234984,174,36842
"13.33.244.127",443,10480,13280986,9045,13161561,1435,119425
"151.101.246.110",443,381,397098,281,388449,100,8649
"20.105.95.163",443,20,11171,10,8522,10,2649
"20.141.12.34",443,38,9008,15,6863,23,2145
"13.107.213.254",443,34,10272,19,8527,15,1745
"13.33.244.4",443,45,11160,19,8865,26,2295
"18.165.140.79",443,167,178891,126,175245,41,3646
"216.58.209.195",443,706,77621,411,50058,295,27563
"162.159.137.232",443,52,18651,28,15941,24,2710
"151.101.245.91",443,37,13186,22,10553,15,2633
"162.159.135.232",443,39,11646,20,9450,19,2196
"162.159.134.234",443,9407,1144305,4811,873924,4596,270381
"13.33.244.35",443,60,36571,37,33937,23,2634
"162.159.136.232",443,110,24021,56,15453,54,8568
"2600:1901:1:304::",443,1,86,0,0,1,86
"34.111.115.192",443,2035,390622,1074,319020,961,71602
"162.159.135.233",443,64,10262,32,7330,32,2932
"2606:4700:7::a29f:89ea",443,2,172,0,0,2,172
"162.159.128.235",443,71,10065,36,6433,35,3632
"162.159.129.232",443,196,201873,160,198163,36,3710
"18.192.94.96",443,68,11244,30,7404,38,3840
"185.136.68.153",443,23,6487,13,4852,10,1635
"62.165.155.58",443,202,63693,107,44823,95,18870
"104.244.42.193",443,415,380901,306,348960,109,31941
"152.199.21.141",443,2691,3470647,2334,3440403,357,30244
"104.244.42.194",443,180,32709,90,16636,90,16073
"104.244.43.131",443,222,73365,131,62249,91,11116
"151.101.244.159",443,1762,1893308,1441,1862244,321,31064
"68.232.34.217",443,5815,7799547,5187,7758178,628,41369
"2620:1ec:c11::239",443,12,1032,0,0,12,1032
"13.107.21.239",443,325,125528,193,92374,132,33154
"20.190.177.85",443,39,32609,22,23967,17,8642
"2620:1ec:c11::200",443,8,688,0,0,8,688
"130.233.229.20",443,397,271814,245,233726,152,38088
"157.240.205.174",443,4359,2634395,2747,2147007,1612,487388
"157.240.205.63",443,3608,2756648,2517,2650154,1091,106494
"213.141.122.225",443,231,95558,134,78939,97,16619
"157.240.205.35",443,28,7704,14,5547,14,2157
"157.240.205.21",443,1960,581023,1034,81272,926,499751
"157.240.205.11",443,228,83686,126,69774,102,13912
"13.69.116.107",443,28,9608,14,5770,14,3838
"157.240.205.55",443,381,54437,194,29052,187,25385
"213.141.122.211",443,29,8297,15,6028,14,2269
"157.240.247.63",443,64,37665,37,34568,27,3097
"20.190.181.23",443,37,32023,22,23647,15,8376
"199.232.41.140",443,3167,2378091,1903,1559817,1264,818274
"151.101.9.140",443,55932,71682070,48605,71182203,7327,499867
"52.85.49.112",443,34,9899,14,7371,20,2528
"40.126.53.21",443,100,75783,55,54697,45,21086
"34.120.195.249",443,22,5933,11,4743,11,1190
"20.223.36.55",443,29,11396,13,7631,16,3765
"20.54.110.119",443,25,8879,12,6074,13,2805
"20.42.65.90",443,26,8993,13,5711,13,3282
"216.58.210.141",443,224,41589,109,25325,115,16264
"62.165.155.50",443,1349,1188020,990,1154817,359,33203
"162.159.138.232",443,13,2071,7,1122,6,949
"216.58.209.202",443,36,14994,20,13023,16,1971
"62.165.155.18",443,757,689234,560,670472,197,18762
"20.42.65.84",443,32,11052,16,5956,16,5096
"216.58.211.227",443,1052,106560,611,66247,441,40313
"2620:1ec:12::239",443,4,344,0,0,4,344
"204.79.197.239",443,112,43911,68,33036,44,10875
"13.107.21.200",443,87,38260,49,29246,38,9014
"2a00:1450:4026:804::200a",443,1,86,0,0,1,86
"216.58.210.170",443,26,4085,13,2264,13,1821
"51.132.193.104",443,61,20681,29,11767,32,8914
"94.130.182.214",443,307,113881,141,46397,166,67484
"149.154.167.99",443,63208,57676810,49847,56183747,13361,1493063
"149.154.174.200",443,624,628018,516,615696,108,12322
"149.154.170.200",443,2066,2207048,1760,2176754,306,30294
"173.194.18.9",443,121,61662,62,39654,59,22008
"216.58.210.138",443,164,38910,86,23787,78,15123
"89.166.85.211",443,143,124421,101,115581,42,8840
"140.82.121.5",443,24,6902,10,5627,14,1275
"51.105.236.244",443,45,24181,18,9352,27,14829
"216.58.209.173",443,52,14263,28,11091,24,3172
"20.42.65.91",443,31,9934,14,5834,17,4100
"40.83.50.91",443,197,161200,125,118639,72,42561
"52.182.143.211",443,110,39165,55,22986,55,16179
"20.242.39.171",443,45,23116,18,5215,27,17901
"20.54.24.69",443,21,5023,9,3683,12,1340
"23.43.110.55",443,69,26992,39,22849,30,4143
"20.189.173.15",443,31,10891,14,5734,17,5157
"51.124.78.146",443,23,6959,12,4955,11,2004
"162.159.135.234",443,8590,979349,4377,738853,4213,240496
"20.223.35.26",443,37,14322,18,9061,19,5261
"213.141.122.228",443,34,6563,17,4537,17,2026
"162.159.128.233",443,71,13612,34,5226,37,8386
"13.89.178.27",443,28,9488,14,5770,14,3718
"2001:14b8:1800:303::3ea5:9f12",443,6,516,0,0,6,516
"62.165.159.18",443,300,238068,221,229971,79,8097
"35.156.224.161",443,80,19795,36,15547,44,4248
"51.104.136.2",443,50,15720,24,10220,26,5500
"20.50.80.213",443,26,8546,12,5614,14,2932
"34.117.14.220",443,64,14310,32,10402,32,3908
"151.101.245.229",443,440,544525,375,539722,65,4803
"172.66.47.32",443,276,286828,213,282157,63,4671
"62.183.170.19",443,104,32644,57,22903,47,9741
"34.226.32.221",443,167,39498,82,24054,85,15444
"52.217.138.17",443,157,93188,104,86156,53,7032
"34.234.183.45",443,314,77570,136,35387,178,42183
"52.21.186.117",443,57,18324,28,7725,29,10599
"34.158.0.131",4070,749,74827,294,22156,455,52671
"162.254.198.44",27037,5741,584905,2873,386711,2868,198194
"192.168.1.1",38400,13,4707,7,4171,6,536
"2001:14ba:a051:8c00:15a0:90ff:ab54:3867",49152,1,86,1,86,0,0
"2001:14ba:a051:8c00:15a0:90ff:ab54:3867",49153,1,86,1,86,0,0
"192.168.1.31",49154,30,10057,12,2075,18,7982
"192.168.1.31",49155,22,8616,9,1504,13,7112
"2001:14ba:a051:8c00:15a0:90ff:ab54:3867",49157,1,86,1,86,0,0
"2001:14ba:a051:8c00:15a0:90ff:ab54:3867",49158,1,86,1,86,0,0
"192.168.1.31",49159,38,16706,17,6050,21,10656
"2001:14ba:a051:8c00:15a0:90ff:ab54:3867",49160,1,86,1,86,0,0
"192.168.1.31",49161,22,8648,9,1536,13,7112
"2001:14ba:a051:8c00:15a0:90ff:ab54:3867",49162,1,86,1,86,0,0
"192.168.1.31",49163,35,14431,14,3903,21,10528
"192.168.1.31",49164,22,9956,9,1530,13,8426
"192.168.1.31",49169,20,1562,14,877,6,685
"192.168.1.31",49170,27,6615,15,1434,12,5181
"192.168.1.31",49180,40,10861,19,3029,21,7832
"192.168.1.31",49185,31,10389,16,4457,15,5932
"192.168.1.31",49211,38,10741,19,3029,19,7712
"192.168.1.31",49219,36,8796,15,2295,21,6501
"192.168.1.31",49241,37,10687,18,2975,19,7712
"192.168.1.31",49242,30,10433,14,2395,16,8038
"192.168.1.31",49247,20,1562,14,877,6,685
"192.168.1.31",49248,26,6562,14,1380,12,5182
"192.168.1.31",49266,45,14939,21,4722,24,10217
"192.168.1.31",49274,37,10703,18,2975,19,7728
"192.168.1.31",49276,32,13995,16,3657,16,10338
"192.168.1.31",49277,8,1439,5,522,3,917
"192.168.1.31",49283,11,1172,6,618,5,554
"192.168.1.31",49285,24,5743,14,2076,10,3667
"192.168.1.31",49295,215,61148,90,41409,125,19739
"192.168.1.31",49296,103,20867,46,10642,57,10225
"192.168.1.31",49297,38,8818,19,2354,19,6464
"192.168.1.31",49298,31,7099,16,1958,15,5141
"192.168.1.31",49299,32,7155,16,1954,16,5201
"192.168.1.31",49300,37,9435,19,2428,18,7007
"192.168.1.31",49302,744,734669,166,22475,578,712194
"192.168.1.31",49303,4725,5786355,708,54854,4017,5731501
"192.168.1.31",49304,617,663460,132,10728,485,652732
"192.168.1.31",49305,23835,31541420,2677,166367,21158,31375053
"192.168.1.31",49306,21,6412,9,1445,12,4967
"192.168.1.31",49307,716,705395,176,14994,540,690401
"192.168.1.31",49308,1575,1051470,750,592000,825,459470
"192.168.1.31",49309,21,6505,9,1445,12,5060
"192.168.1.31",49310,29,5140,13,2774,16,2366
"192.168.1.31",49312,21,6397,9,1430,12,4967
"192.168.1.31",49318,23,5691,12,1967,11,3724
"192.168.1.31",49321,33,7774,17,2111,16,5663
"192.168.1.31",49322,134,31724,68,13333,66,18391
"192.168.1.31",49323,27,5027,12,2720,15,2307
"192.168.1.31",49324,55,34126,18,2358,37,31768
"192.168.1.31",49325,41,20148,15,2208,26,17940
"192.168.1.31",49326,61,38914,20,2466,41,36448
"192.168.1.31",49327,32,3295,17,1385,15,1910
"192.168.1.31",49328,32,3295,17,1385,15,1910
"192.168.1.31",49329,32,3295,17,1385,15,1910
"192.168.1.31",49333,314,77570,178,42183,136,35387
"192.168.1.31",49352,428,331024,138,13802,290,317222
"192.168.1.31",49353,217,233800,55,4467,162,229333
"192.168.1.31",49354,19,6838,9,1615,10,5223
"192.168.1.31",49355,38,11486,20,8984,18,2502
"192.168.1.31",49356,20,7302,9,1773,11,5529
"192.168.1.31",49357,111,71806,39,9153,72,62653
"192.168.1.31",49359,13,1184,7,499,6,685
"192.168.1.31",49360,23,6399,11,1218,12,5181
"192.168.1.31",61747,133,10319,71,4796,62,5523
"192.168.1.31",62411,749,74827,455,52671,294,22156
"192.168.1.31",62416,1906,146635,950,67750,956,78885
"192.168.1.31",62419,1975,152391,987,74325,988,78066
"192.168.1.31",62468,15,1026,6,432,9,594
"192.168.1.31",62538,3341,365083,1659,171594,1682,193489
"192.168.1.31",62570,2166,190264,758,76697,1408,113567
"192.168.1.31",62815,5741,584905,2868,198194,2873,386711
"192.168.1.31",63243,7,427,3,163,4,264
"192.168.1.31",63247,14443,18928487,1954,124137,12489,18804350
"192.168.1.31",63248,11,676,5,273,6,403
"192.168.1.31",63251,17,7477,8,6759,9,718
"192.168.1.31",63252,11,631,9,486,2,145
"192.168.1.31",63253,1,60,0,0,1,60
"192.168.1.31",63254,1,60,0,0,1,60
"192.168.1.31",63260,9,531,5,273,4,258
"192.168.1.31",63264,34,10578,15,2057,19,8521
"192.168.1.31",63265,30,10046,12,1583,18,8463
"192.168.1.31",63266,25,9111,12,1635,13,7476
"192.168.1.31",63267,28,10311,12,2513,16,7798
"192.168.1.31",63269,10,1126,6,618,4,508
"192.168.1.31",63270,193,187469,50,4354,143,183115
"192.168.1.31",63271,27,10227,11,2023,16,8204
"192.168.1.31",63272,14,3064,8,932,6,2132
"192.168.1.31",63273,180,152947,58,6210,122,146737
"192.168.1.31",63274,81,43897,33,3736,48,40161
"192.168.1.31",63276,38,6759,20,3861,18,2898
"192.168.1.31",63278,22,5634,12,1968,10,3666
"2001:14ba:a051:8c00:15a0:90ff:ab54:3867",63288,1,86,1,86,0,0
"2001:14ba:a051:8c00:15a0:90ff:ab54:3867",63289,1,86,1,86,0,0
"2001:14ba:a051:8c00:15a0:90ff:ab54:3867",63290,1,86,1,86,0,0
"192.168.1.31",63291,166,179994,30,2705,136,177289
"2001:14ba:a051:8c00:15a0:90ff:ab54:3867",63292,1,86,1,86,0,0
"192.168.1.31",63293,20,2579,11,1255,9,1324
"192.168.1.31",63294,18,2300,8,1120,10,1180
"2001:14ba:a051:8c00:15a0:90ff:ab54:3867",63295,1,86,1,86,0,0
"192.168.1.31",63296,128,124915,29,2904,99,122011
"192.168.1.31",63297,19,2354,9,1174,10,1180
"192.168.1.31",63306,37,5942,19,3083,18,2859
"192.168.1.31",63308,140,30387,59,18810,81,11577
"2001:14ba:a051:8c00:15a0:90ff:ab54:3867",63320,1,86,1,86,0,0
"2001:14ba:a051:8c00:15a0:90ff:ab54:3867",63321,1,86,1,86,0,0
"2001:14ba:a051:8c00:15a0:90ff:ab54:3867",63322,1,86,1,86,0,0
"192.168.1.31",63323,22,2700,12,1310,10,1390
"192.168.1.31",63324,22,2702,12,1312,10,1390
"192.168.1.31",63325,20,2579,11,1255,9,1324
"192.168.1.31",63331,20,1562,14,877,6,685
"192.168.1.31",63332,26,6562,14,1380,12,5182
"192.168.1.31",63336,13,5782,6,609,7,5173
"192.168.1.31",63339,36,11704,18,2065,18,9639
"192.168.1.31",63342,30,7791,16,1949,14,5842
"192.168.1.31",63344,32,3045,17,1378,15,1667
"192.168.1.31",63349,31,4667,19,2878,12,1789
"2001:14ba:a051:8c00:15a0:90ff:ab54:3867",63355,1,86,1,86,0,0
"192.168.1.31",63356,32,3305,17,1585,15,1720
"2001:14ba:a051:8c00:15a0:90ff:ab54:3867",63357,1,86,1,86,0,0
"2001:14ba:a051:8c00:15a0:90ff:ab54:3867",63358,1,86,1,86,0,0
"192.168.1.31",63359,33,7206,14,1760,19,5446
"192.168.1.31",63360,18,2300,8,1120,10,1180
"192.168.1.31",63363,33,7961,17,1999,16,5962
"192.168.1.31",63374,31,10029,16,4101,15,5928
"2001:14ba:a051:8c00:15a0:90ff:ab54:3867",63376,1,86,1,86,0,0
"2001:14ba:a051:8c00:15a0:90ff:ab54:3867",63377,1,86,1,86,0,0
"2001:14ba:a051:8c00:15a0:90ff:ab54:3867",63378,1,86,1,86,0,0
"2001:14ba:a051:8c00:15a0:90ff:ab54:3867",63379,1,86,1,86,0,0
"192.168.1.31",63380,26,2942,14,1420,12,1522
"192.168.1.31",63381,222,253971,36,3108,186,250863
"192.168.1.31",63382,26,2944,14,1422,12,1522
"192.168.1.31",63383,18,2300,8,1120,10,1180
"192.168.1.31",63403,67,14040,30,8058,37,5982
"2001:14ba:a051:8c00:15a0:90ff:ab54:3867",63414,1,86,1,86,0,0
"2001:14ba:a051:8c00:15a0:90ff:ab54:3867",63415,1,86,1,86,0,0
"2001:14ba:a051:8c00:15a0:90ff:ab54:3867",63416,1,86,1,86,0,0
"192.168.1.31",63417,28,3063,15,1475,13,1588
"2001:14ba:a051:8c00:15a0:90ff:ab54:3867",63418,1,86,1,86,0,0
"2001:14ba:a051:8c00:15a0:90ff:ab54:3867",63419,1,86,1,86,0,0
"2001:14ba:a051:8c00:15a0:90ff:ab54:3867",63420,1,86,1,86,0,0
"2001:14ba:a051:8c00:15a0:90ff:ab54:3867",63421,1,86,1,86,0,0
"192.168.1.31",63422,60,33373,19,2190,41,31183
"192.168.1.31",63423,75,63541,17,2148,58,61393
"192.168.1.31",63424,18,2300,8,1120,10,1180
"192.168.1.31",63425,19,2354,9,1174,10,1180
"2001:14ba:a051:8c00:15a0:90ff:ab54:3867",63427,1,86,1,86,0,0
"2001:14ba:a051:8c00:15a0:90ff:ab54:3867",63428,1,86,1,86,0,0
"192.168.1.31",63429,3541,4612363,482,35031,3059,4577332
"192.168.1.31",63430,29,2479,14,1344,15,1135
"192.168.1.31",63431,34,8634,15,2295,19,6339
"192.168.1.31",63432,33,8046,17,2009,16,6037
"192.168.1.31",63433,57,7102,23,3680,34,3422
"192.168.1.31",63434,68,37857,26,2633,42,35224
"192.168.1.31",63435,46,14254,21,2134,25,12120
"192.168.1.31",63437,27,11983,14,2396,13,9587
"192.168.1.31",63439,62,19165,31,12324,31,6841
"192.168.1.31",63450,20,1562,14,877,6,685
"192.168.1.31",63451,21,2341,12,1230,9,1111
"192.168.1.31",63470,14,6731,7,667,7,6064
"192.168.1.31",63471,11,3387,6,613,5,2774
"192.168.1.31",63472,11,3184,6,613,5,2571
"192.168.1.31",63473,21,14007,9,775,12,13232
"192.168.1.31",63474,10,1917,6,614,4,1303
"192.168.1.31",63476,36,10941,17,3248,19,7693
"192.168.1.31",63477,38,11658,19,3713,19,7945
"192.168.1.31",63478,38,11661,19,3719,19,7942
"192.168.1.31",63479,26,9078,11,2016,15,7062
"192.168.1.31",63480,25,7019,11,2016,14,5003
"2001:14ba:a051:8c00:15a0:90ff:ab54:3867",63487,1,86,1,86,0,0
"2001:14ba:a051:8c00:15a0:90ff:ab54:3867",63488,1,86,1,86,0,0
"2001:14ba:a051:8c00:15a0:90ff:ab54:3867",63489,1,86,1,86,0,0
"2001:14ba:a051:8c00:15a0:90ff:ab54:3867",63490,1,86,1,86,0,0
"192.168.1.31",63491,158,150967,40,3396,118,147571
"192.168.1.31",63492,20,2581,11,1257,9,1324
"192.168.1.31",63493,42,4020,21,1805,21,2215
"192.168.1.31",63494,18,2300,8,1120,10,1180
"2001:14ba:a051:8c00:15a0:90ff:ab54:3867",63495,1,86,1,86,0,0
"2001:14ba:a051:8c00:15a0:90ff:ab54:3867",63496,1,86,1,86,0,0
"192.168.1.31",63497,2547,3288478,356,25035,2191,3263443
"192.168.1.31",63498,13,797,6,328,7,469
"192.168.1.31",63502,155,37996,66,25899,89,12097
"192.168.1.31",63503,31,4641,17,2758,14,1883
"192.168.1.31",63504,84,18017,37,8781,47,9236
"192.168.1.31",63505,31,7099,16,1958,15,5141
"192.168.1.31",63506,37,9440,18,2374,19,7066
"192.168.1.31",63507,34,8010,14,2088,20,5922
"192.168.1.31",63508,14,5549,8,1142,6,4407
"192.168.1.31",63509,24,8504,12,1609,12,6895
"192.168.1.31",63510,22,7905,11,1543,11,6362
"192.168.1.31",63512,19,7715,10,1489,9,6226
"192.168.1.31",63513,24,8528,14,1769,10,6759
"192.168.1.31",63514,923,960886,174,18036,749,942850
"192.168.1.31",63515,22,8384,10,1489,12,6895
"192.168.1.31",63516,65,41865,20,2462,45,39403
"192.168.1.31",63517,64,39322,24,2917,40,36405
"192.168.1.31",63518,32,3295,17,1385,15,1910
"192.168.1.31",63519,32,3216,17,1385,15,1831
"192.168.1.31",63520,32,3308,17,1376,15,1932
"192.168.1.31",63521,27,5018,13,2772,14,2246
"192.168.1.31",63522,28,8232,12,1667,16,6565
"192.168.1.31",63523,167,94487,55,8214,112,86273
"192.168.1.31",63524,28,7962,12,1667,16,6295
"192.168.1.31",63525,25,7722,10,1547,15,6175
"192.168.1.31",63526,24,7398,10,1535,14,5863
"192.168.1.31",63527,24,7398,10,1535,14,5863
"192.168.1.31",63528,355,52444,137,16355,218,36089
"192.168.1.31",63529,36,10619,15,2108,21,8511
"192.168.1.31",63530,1670,2147817,217,16554,1453,2131263
"192.168.1.31",63531,23,8490,11,1549,12,6941
"192.168.1.31",63532,23,8490,11,1549,12,6941
"192.168.1.31",63533,23,8490,11,1549,12,6941
"192.168.1.31",63534,25,8610,11,1549,14,7061
"192.168.1.31",63535,23,8490,11,1549,12,6941
"192.168.1.31",63536,33,7291,18,2346,15,4945
"192.168.1.31",63537,145,136621,36,4438,109,132183
"192.168.1.31",63538,35,9654,18,2331,17,7323
"192.168.1.31",63539,32,8203,17,2347,15,5856
"192.168.1.31",63540,32,3079,17,1376,15,1703
"192.168.1.31",63542,774,195762,359,110406,415,85356
"192.168.1.31",63545,29,15718,15,5930,14,9788
"192.168.1.31",63551,22,5632,12,1967,10,3665
"2001:14ba:a051:8c00:15a0:90ff:ab54:3867",63557,1,86,1,86,0,0
"2001:14ba:a051:8c00:15a0:90ff:ab54:3867",63558,1,86,1,86,0,0
"2001:14ba:a051:8c00:15a0:90ff:ab54:3867",63559,1,86,1,86,0,0
"192.168.1.31",63560,67,42483,20,2256,47,40227
"192.168.1.31",63561,42,4022,21,1807,21,2215
"192.168.1.31",63562,18,2300,8,1120,10,1180
"192.168.1.31",63573,4398,2604727,2110,2376852,2288,227875
"192.168.1.31",63575,718,782898,122,12361,596,770537
"192.168.1.31",63576,504,503017,106,10171,398,492846
"192.168.1.31",63577,23,8464,11,1557,12,6907
"192.168.1.31",63578,23,8464,11,1557,12,6907
"192.168.1.31",63579,23,8464,11,1557,12,6907
"192.168.1.31",63580,23,8464,11,1557,12,6907
"192.168.1.31",63581,23,8464,11,1557,12,6907
"192.168.1.31",63582,50,17160,24,2891,26,14269
"192.168.1.31",63583,23,8465,11,1558,12,6907
"192.168.1.31",63584,2669,3221151,336,23680,2333,3197471
"192.168.1.31",63585,23,8465,11,1558,12,6907
"192.168.1.31",63586,23,8465,11,1558,12,6907
"192.168.1.31",63587,23,8473,13,1702,10,6771
"192.168.1.31",63588,895,855484,313,30372,582,825112
"192.168.1.31",63589,40,10898,21,3069,19,7829
"192.168.1.31",63590,56,29310,23,3235,33,26075
"192.168.1.31",63591,34,5909,18,3002,16,2907
"192.168.1.31",63593,3,198,1,66,2,132
"192.168.1.31",63594,4,264,1,66,3,198
"192.168.1.31",63596,19,9260,10,2735,9,6525
"192.168.1.31",63597,18,9204,8,2619,10,6585
"192.168.1.31",63599,22,9440,10,2735,12,6705
"192.168.1.31",63600,20,9318,9,2673,11,6645
"192.168.1.31",63601,20,9320,10,2735,10,6585
"192.168.1.31",63602,19,9258,9,2673,10,6585
"192.168.1.31",63603,19,7057,8,1213,11,5844
"192.168.1.31",63604,19,7051,9,1267,10,5784
"192.168.1.31",63606,27,5019,13,2773,14,2246
"192.168.1.31",63609,26,4966,12,2719,14,2247
"192.168.1.31",63611,27,5021,13,2774,14,2247
"192.168.1.31",63612,13,6511,6,1017,7,5494
"192.168.1.31",63613,32,3045,17,1378,15,1667
"192.168.1.31",63615,682,616716,154,15665,528,601051
"192.168.1.31",63616,54,10655,26,3075,28,7580
"192.168.1.31",63617,15,7472,7,1051,8,6421
"192.168.1.31",63618,455,271826,174,36842,281,234984
"192.168.1.31",63619,29,5139,13,2773,16,2366
"192.168.1.31",63622,15,7512,7,1066,8,6446
"192.168.1.31",63623,10465,13273474,1428,118359,9037,13155115
"192.168.1.31",63624,381,397098,100,8649,281,388449
"192.168.1.31",63625,13,4707,6,536,7,4171
"192.168.1.31",63626,20,11171,10,2649,10,8522
"192.168.1.31",63628,38,9008,23,2145,15,6863
"192.168.1.31",63630,34,10272,15,1745,19,8527
"192.168.1.31",63631,45,11160,26,2295,19,8865
"192.168.1.31",63632,20,4164,14,1012,6,3152
"192.168.1.31",63633,84,74042,21,1802,63,72240
"192.168.1.31",63634,17,3361,12,910,5,2451
"192.168.1.31",63635,18,3309,13,979,5,2330
"192.168.1.31",63636,28,10176,12,2378,16,7798
"192.168.1.31",63637,34,13855,15,4742,19,9113
"192.168.1.31",63639,112,100952,31,3056,81,97896
"192.168.1.31",63640,167,178891,41,3646,126,175245
"192.168.1.31",63641,35,11182,15,2147,20,9035
"192.168.1.31",63647,30,11126,13,1539,17,9587
"192.168.1.31",63648,37,13186,15,2633,22,10553
"192.168.1.31",63649,15,4052,7,971,8,3081
"192.168.1.31",63650,9407,1144305,4596,270381,4811,873924
"192.168.1.31",63656,60,36571,23,2634,37,33937
"2001:14ba:a051:8c00:15a0:90ff:ab54:3867",63658,1,86,1,86,0,0
"192.168.1.31",63659,36,7418,17,2175,19,5243
"192.168.1.31",63660,47,8800,23,1861,24,6939
"2001:14ba:a051:8c00:15a0:90ff:ab54:3867",63662,1,86,1,86,0,0
"192.168.1.31",63663,2035,390622,961,71602,1074,319020
"192.168.1.31",63664,32,5131,16,1466,16,3665
"192.168.1.31",63665,32,5131,16,1466,16,3665
"192.168.1.31",63666,36,6783,19,4198,17,2585
"2001:14ba:a051:8c00:15a0:90ff:ab54:3867",63667,1,86,1,86,0,0
"2001:14ba:a051:8c00:15a0:90ff:ab54:3867",63668,1,86,1,86,0,0
"192.168.1.31",63669,41,7459,20,2233,21,5226
"192.168.1.31",63670,30,2606,15,1399,15,1207
"192.168.1.31",63674,196,201873,36,3710,160,198163
"192.168.1.31",63677,20,1562,14,877,6,685
"192.168.1.31",63678,25,6508,13,1326,12,5182
"192.168.1.31",63684,23,6487,10,1635,13,4852
"192.168.1.31",63704,35,10902,17,3329,18,7573
"192.168.1.31",63705,35,10877,17,3303,18,7574
"192.168.1.31",63706,35,10885,17,3311,18,7574
"192.168.1.31",63707,26,7115,12,2098,14,5017
"192.168.1.31",63720,415,380901,109,31941,306,348960
"192.168.1.31",63721,55,10237,30,4257,25,5980
"192.168.1.31",63722,2512,3312490,306,24542,2206,3287948
"192.168.1.31",63724,180,32709,90,16073,90,16636
"192.168.1.31",63725,157,151225,41,4198,116,147027
"192.168.1.31",63726,22,6932,10,1504,12,5428
"192.168.1.31",63727,12,5293,5,945,7,4348
"192.168.1.31",63728,26,4960,13,2773,13,2187
"192.168.1.31",63731,82,27356,36,4797,46,22559
"192.168.1.31",63732,17,5951,7,1146,10,4805
"192.168.1.31",63733,193,62121,79,9025,114,53096
"192.168.1.31",63734,1680,1865952,285,26267,1395,1839685
"192.168.1.31",63735,5815,7799547,628,41369,5187,7758178
"2001:14ba:a051:8c00:15a0:90ff:ab54:3867",63736,1,86,1,86,0,0
"2001:14ba:a051:8c00:15a0:90ff:ab54:3867",63738,1,86,1,86,0,0
"192.168.1.31",63740,24,3815,11,2243,13,1572
"192.168.1.31",63741,21,8562,8,1450,13,7112
"192.168.1.31",63743,39,32609,17,8642,22,23967
"2001:14ba:a051:8c00:15a0:90ff:ab54:3867",63744,1,86,1,86,0,0
"2001:14ba:a051:8c00:15a0:90ff:ab54:3867",63745,1,86,1,86,0,0
"192.168.1.31",63746,38,16703,15,5941,23,10762
"2001:14ba:a051:8c00:15a0:90ff:ab54:3867",63747,1,86,1,86,0,0
"192.168.1.31",63748,19,8409,7,1363,12,7046
"2001:14ba:a051:8c00:15a0:90ff:ab54:3867",63749,1,86,1,86,0,0
"192.168.1.31",63750,34,14660,14,4198,20,10462
"192.168.1.31",63751,13,1835,6,1196,7,639
"192.168.1.31",63753,24,8691,12,3082,12,5609
"192.168.1.31",63756,213,200385,46,4313,167,196072
"192.168.1.31",63757,1556,1930340,186,15085,1370,1915255
"192.168.1.31",63758,20,5558,9,1444,11,4114
"192.168.1.31",63759,22,5670,10,1498,12,4172
"192.168.1.31",63760,21,5611,10,1498,11,4113
"192.168.1.31",63761,22,6082,10,1510,12,4572
"192.168.1.31",63762,21,5611,10,1498,11,4113
"192.168.1.31",63763,35,4412,19,1919,16,2493
"192.168.1.31",63764,38,5747,21,2462,17,3285
"192.168.1.31",63765,36,4472,19,1919,17,2553
"192.168.1.31",63766,6,354,4,228,2,126
"192.168.1.31",63767,235,248717,47,4594,188,244123
"192.168.1.31",63768,20,5558,9,1444,11,4114
"192.168.1.31",63769,21,5620,9,1446,12,4174
"192.168.1.31",63770,20,5512,9,1452,11,4060
"192.168.1.31",63771,118,63448,45,8290,73,55158
"192.168.1.31",63772,21,5566,10,1506,11,4060
"192.168.1.31",63773,20,5513,9,1452,11,4061
"192.168.1.31",63774,11,4439,5,961,6,3478
"192.168.1.31",63775,20,5513,9,1452,11,4061
"192.168.1.31",63776,21,5567,10,1506,11,4061
"192.168.1.31",63777,28,7704,14,2157,14,5547
"192.168.1.31",63778,43,7731,18,2188,25,5543
"192.168.1.31",63779,806,234532,386,205116,420,29416
"192.168.1.31",63780,36,7472,20,5021,16,2451
"192.168.1.31",63782,31,6374,16,1953,15,4421
"192.168.1.31",63783,567,193031,270,24706,297,168325
"192.168.1.31",63784,29,11685,12,2259,17,9426
"192.168.1.31",63785,28,9608,14,3838,14,5770
"192.168.1.31",63786,3,186,2,120,1,66
"192.168.1.31",63787,32,4702,17,2758,15,1944
"192.168.1.31",63788,32,6776,16,1956,16,4820
"192.168.1.31",63789,129,14542,63,8038,66,6504
"192.168.1.31",63791,10,1146,6,620,4,526
"192.168.1.31",63796,1485,832289,573,187061,912,645228
"192.168.1.31",63799,21,5579,11,1914,10,3665
"192.168.1.31",63803,29,8297,14,2269,15,6028
"192.168.1.31",63804,360,39256,190,16837,170,22419
"192.168.1.31",63806,68,40806,26,3183,42,37623
"192.168.1.31",63807,29,5141,13,2774,16,2367
"192.168.1.31",63811,27,5020,13,2773,14,2247
"192.168.1.31",63812,64,37665,27,3097,37,34568
"192.168.1.31",63821,29,5134,14,2827,15,2307
"192.168.1.31",63825,29,5140,13,2774,16,2366
"192.168.1.31",63827,20,1562,14,877,6,685
"192.168.1.31",63828,21,2341,12,1230,9,1111
"192.168.1.31",63834,10,1809,6,563,4,1246
"192.168.1.31",63835,10,1392,6,563,4,829
"192.168.1.31",63836,10,1003,6,543,4,460
"192.168.1.31",63837,13,1846,7,958,6,888
"192.168.1.31",63849,28,5080,13,2773,15,2307
"192.168.1.31",63850,27,5019,13,2772,14,2247
"192.168.1.31",63851,28,6419,13,2915,15,3504
"192.168.1.31",63853,33,8590,14,2241,19,6349
"192.168.1.31",63858,33,15564,15,3615,18,11949
"192.168.1.31",63859,37,32023,15,8376,22,23647
"192.168.1.31",63862,29,5129,15,2882,14,2247
"192.168.1.31",63867,23,8631,12,3082,11,5549
"192.168.1.31",63870,28,5081,13,2774,15,2307
"192.168.1.31",63871,28,5074,14,2827,14,2247
"192.168.1.31",63886,275,245942,71,8927,204,237015
"192.168.1.31",63887,43,5477,18,3300,25,2177
"192.168.1.31",63888,18,3546,8,2312,10,1234
"192.168.1.31",63890,2433,2897431,411,30582,2022,2866849
"192.168.1.31",63891,21,6466,9,1441,12,5025
"192.168.1.31",63892,21,6466,9,1441,12,5025
"192.168.1.31",63893,21,6466,9,1441,12,5025
"192.168.1.31",63894,21,6466,9,1441,12,5025
"192.168.1.31",63895,21,6466,9,1441,12,5025
"192.168.1.31",63896,996,1082090,226,16495,770,1065595
"192.168.1.31",63897,186,174097,48,4518,138,169579
"192.168.1.31",63898,893,1085883,133,10859,760,1075024
"192.168.1.31",63899,20509,27064362,2461,145963,18048,26918399
"192.168.1.31",63900,21,6403,9,1436,12,4967
"192.168.1.31",63901,21,6505,9,1445,12,5060
"192.168.1.31",63902,21,6403,9,1436,12,4967
"192.168.1.31",63903,21,6403,9,1436,12,4967
"192.168.1.31",63904,21,6403,9,1436,12,4967
"192.168.1.31",63905,21,6403,9,1436,12,4967
"192.168.1.31",63906,21,6480,9,1442,12,5038
"192.168.1.31",63907,400,255072,211,181408,189,73664
"192.168.1.31",63908,21,6413,9,1435,12,4978
"192.168.1.31",63909,21,6415,9,1437,12,4978
"192.168.1.31",63910,20,6304,9,1439,11,4865
"192.168.1.31",63911,160,185589,32,4690,128,180899
"192.168.1.31",63912,34,9899,20,2528,14,7371
"192.168.1.31",63914,16,4712,9,3337,7,1375
"192.168.1.31",63917,21,6397,9,1430,12,4967
"192.168.1.31",63918,21,6410,9,1443,12,4967
"2001:14ba:a051:8c00:15a0:90ff:ab54:3867",63920,1,86,1,86,0,0
"192.168.1.31",63921,18,2458,10,1200,8,1258
"192.168.1.31",63925,38,30779,17,8362,21,22417
"192.168.1.31",63926,22,5933,11,1190,11,4743
"192.168.1.31",63927,31,22906,14,6382,17,16524
"192.168.1.31",63928,29,11396,16,3765,13,7631
"2001:14ba:a051:8c00:15a0:90ff:ab54:3867",63930,1,86,1,86,0,0
"2001:14ba:a051:8c00:15a0:90ff:ab54:3867",63931,1,86,1,86,0,0
"192.168.1.31",63932,4747,6271060,598,41026,4149,6230034
"192.168.1.31",63933,21,1995,10,1124,11,871
"192.168.1.31",63942,32,4702,17,2758,15,1944
"2001:14ba:a051:8c00:15a0:90ff:ab54:3867",63948,1,86,1,86,0,0
"192.168.1.31",63949,14,2218,8,1092,6,1126
"192.168.1.31",63951,24,5741,14,2076,10,3665
"2001:14ba:a051:8c00:15a0:90ff:ab54:3867",63957,1,86,1,86,0,0
"2001:14ba:a051:8c00:15a0:90ff:ab54:3867",63958,1,86,1,86,0,0
"2001:14ba:a051:8c00:15a0:90ff:ab54:3867",63959,1,86,1,86,0,0
"192.168.1.31",63960,18,2458,10,1200,8,1258
"192.168.1.31",63961,32,5490,14,1760,18,3730
"192.168.1.31",63962,18,2299,8,1119,10,1180
"192.168.1.31",63964,20,1562,14,877,6,685
"192.168.1.31",63965,22,2395,13,1284,9,1111
"192.168.1.31",63967,25,8879,13,2805,12,6074
"192.168.1.31",63968,26,8993,13,3282,13,5711
"192.168.1.31",63974,75,18313,33,7811,42,10502
"2001:14ba:a051:8c00:15a0:90ff:ab54:3867",63976,1,86,1,86,0,0
"192.168.1.31",63977,28,3063,15,1475,13,1588
"192.168.1.31",63978,30,7781,17,1999,13,5782
"192.168.1.31",63979,20,7025,10,1490,10,5535
"192.168.1.31",63982,31,7888,16,1961,15,5927
"2001:14ba:a051:8c00:15a0:90ff:ab54:3867",63988,1,86,1,86,0,0
"2001:14ba:a051:8c00:15a0:90ff:ab54:3867",63989,1,86,1,86,0,0
"192.168.1.31",63990,68,45130,22,2418,46,42712
"192.168.1.31",63991,18,2300,8,1120,10,1180
"192.168.1.31",63992,361,34839,143,14160,218,20679
"192.168.1.31",63993,21,3611,11,2162,10,1449
"2001:14ba:a051:8c00:15a0:90ff:ab54:3867",63994,1,86,1,86,0,0
"192.168.1.31",63995,26,2944,14,1422,12,1522
"192.168.1.31",64024,68,14169,30,8160,38,6009
"192.168.1.31",64025,13,2071,6,949,7,1122
"2001:14ba:a051:8c00:15a0:90ff:ab54:3867",64027,1,86,1,86,0,0
"192.168.1.31",64028,14,2216,8,1090,6,1126
"2001:14ba:a051:8c00:15a0:90ff:ab54:3867",64029,1,86,1,86,0,0
"2001:14ba:a051:8c00:15a0:90ff:ab54:3867",64030,1,86,1,86,0,0
"2001:14ba:a051:8c00:15a0:90ff:ab54:3867",64031,1,86,1,86,0,0
"192.168.1.31",64032,20,2579,11,1255,9,1324
"192.168.1.31",64033,34,7458,15,1815,19,5643
"192.168.1.31",64034,21,2485,10,1239,11,1246
"2001:14ba:a051:8c00:15a0:90ff:ab54:3867",64036,1,86,1,86,0,0
"2001:14ba:a051:8c00:15a0:90ff:ab54:3867",64037,1,86,1,86,0,0
"192.168.1.31",64038,3984,5209818,527,36526,3457,5173292
"192.168.1.31",64039,15,1632,7,959,8,673
"2001:14ba:a051:8c00:15a0:90ff:ab54:3867",64046,1,86,1,86,0,0
"192.168.1.31",64047,28,3065,15,1477,13,1588
"2001:14ba:a051:8c00:15a0:90ff:ab54:3867",64059,1,86,1,86,0,0
"192.168.1.31",64061,22,2700,12,1310,10,1390
"192.168.1.31",64072,20,1562,14,877,6,685
"192.168.1.31",64073,26,6563,14,1380,12,5183
"192.168.1.31",64077,36,14994,16,1971,20,13023
"192.168.1.31",64082,25,5800,14,2075,11,3725
"2001:14ba:a051:8c00:15a0:90ff:ab54:3867",64089,1,86,1,86,0,0
"2001:14ba:a051:8c00:15a0:90ff:ab54:3867",64090,1,86,1,86,0,0
"192.168.1.31",64091,138,116917,41,3684,97,113233
"192.168.1.31",64092,19,2354,9,1174,10,1180
"192.168.1.31",64094,32,11052,16,5096,16,5956
"2001:14ba:a051:8c00:15a0:90ff:ab54:3867",64095,1,86,1,86,0,0
"2001:14ba:a051:8c00:15a0:90ff:ab54:3867",64096,1,86,1,86,0,0
"192.168.1.31",64097,242,239449,61,4808,181,234641
"192.168.1.31",64098,19,2354,9,1174,10,1180
"2001:14ba:a051:8c00:15a0:90ff:ab54:3867",64099,1,86,1,86,0,0
"2001:14ba:a051:8c00:15a0:90ff:ab54:3867",64100,1,86,1,86,0,0
"192.168.1.31",64101,14180,18325899,2095,158578,12085,18167321
"192.168.1.31",64102,23,2116,11,1179,12,937
"192.168.1.31",64116,69,14212,31,8214,38,5998
"2001:14ba:a051:8c00:15a0:90ff:ab54:3867",64127,1,86,1,86,0,0
"2001:14ba:a051:8c00:15a0:90ff:ab54:3867",64128,1,86,1,86,0,0
"2001:14ba:a051:8c00:15a0:90ff:ab54:3867",64129,1,86,1,86,0,0
"2001:14ba:a051:8c00:15a0:90ff:ab54:3867",64130,1,86,1,86,0,0
"192.168.1.31",64131,14,2218,8,1092,6,1126
"192.168.1.31",64132,165,146342,39,3191,126,143151
"2001:14ba:a051:8c00:15a0:90ff:ab54:3867",64133,1,86,1,86,0,0
"192.168.1.31",64134,16,2337,9,1145,7,1192
"192.168.1.31",64135,19,2353,9,1173,10,1180
"2001:14ba:a051:8c00:15a0:90ff:ab54:3867",64136,1,86,1,86,0,0
"192.168.1.31",64137,80,57774,25,2580,55,55194
"192.168.1.31",64138,18,2300,8,1120,10,1180
"192.168.1.31",64147,35,8694,15,2295,20,6399
"2001:14ba:a051:8c00:15a0:90ff:ab54:3867",64148,1,86,1,86,0,0
"192.168.1.31",64149,18,2458,10,1200,8,1258
"192.168.1.31",64150,31,7932,16,1955,15,5977
"192.168.1.31",64151,57,7102,23,3680,34,3422
"192.168.1.31",64152,41,8711,21,2163,20,6548
"192.168.1.31",64153,30,10918,14,2394,16,8524
"2001:14ba:a051:8c00:15a0:90ff:ab54:3867",64157,1,86,1,86,0,0
"192.168.1.31",64158,18,2460,10,1202,8,1258
"192.168.1.31",64161,46,12571,23,6549,23,6022
"2001:14ba:a051:8c00:15a0:90ff:ab54:3867",64175,1,86,1,86,0,0
"2001:14ba:a051:8c00:15a0:90ff:ab54:3867",64176,1,86,1,86,0,0
"2001:14ba:a051:8c00:15a0:90ff:ab54:3867",64177,1,86,1,86,0,0
"2001:14ba:a051:8c00:15a0:90ff:ab54:3867",64178,1,86,1,86,0,0
"192.168.1.31",64179,22,2702,12,1312,10,1390
"192.168.1.31",64180,358,418758,63,4843,295,413915
"192.168.1.31",64181,22,2700,12,1310,10,1390
"192.168.1.31",64182,18,2300,8,1120,10,1180
"2001:14ba:a051:8c00:15a0:90ff:ab54:3867",64183,1,86,1,86,0,0
"192.168.1.31",64184,22,2702,12,1312,10,1390
"192.168.1.31",64192,20,1562,14,877,6,685
"192.168.1.31",64193,27,6617,15,1434,12,5183
"2001:14ba:a051:8c00:15a0:90ff:ab54:3867",64208,1,86,1,86,0,0
"192.168.1.31",64209,18,2458,10,1200,8,1258
"2001:14ba:a051:8c00:15a0:90ff:ab54:3867",64210,1,86,1,86,0,0
"2001:14ba:a051:8c00:15a0:90ff:ab54:3867",64211,1,86,1,86,0,0
"2001:14ba:a051:8c00:15a0:90ff:ab54:3867",64212,1,86,1,86,0,0
"192.168.1.31",64213,18,2460,10,1202,8,1258
"192.168.1.31",64214,292,321453,59,4543,233,316910
"192.168.1.31",64215,18,2300,8,1120,10,1180
"192.168.1.31",64218,34,10458,18,2053,16,8405
"192.168.1.31",64220,46,9496,22,5694,24,3802
"2001:14ba:a051:8c00:15a0:90ff:ab54:3867",64230,1,86,1,86,0,0
"192.168.1.31",64231,14,2218,8,1092,6,1126
"192.168.1.31",64233,648,64238,271,24602,377,39636
"2001:14ba:a051:8c00:15a0:90ff:ab54:3867",64234,1,86,1,86,0,0
"192.168.1.31",64235,14,2218,8,1092,6,1126
"2001:14ba:a051:8c00:15a0:90ff:ab54:3867",64242,1,86,1,86,0,0
"192.168.1.31",64243,20,2579,11,1255,9,1324
"2001:14ba:a051:8c00:15a0:90ff:ab54:3867",64244,1,86,1,86,0,0
"2001:14ba:a051:8c00:15a0:90ff:ab54:3867",64245,1,86,1,86,0,0
"192.168.1.31",64246,224,217856,56,4536,168,213320
"192.168.1.31",64247,19,2354,9,1174,10,1180
"192.168.1.31",64252,32,7977,17,2042,15,5935
"192.168.1.31",64269,24,7594,12,1225,12,6369
"2001:14ba:a051:8c00:15a0:90ff:ab54:3867",64272,1,86,1,86,0,0
"2001:14ba:a051:8c00:15a0:90ff:ab54:3867",64273,1,86,1,86,0,0
"192.168.1.31",64274,107,86477,34,3067,73,83410
"192.168.1.31",64275,19,2354,9,1174,10,1180
"2001:14ba:a051:8c00:15a0:90ff:ab54:3867",64276,1,86,1,86,0,0
"2001:14ba:a051:8c00:15a0:90ff:ab54:3867",64277,1,86,1,86,0,0
"2001:14ba:a051:8c00:15a0:90ff:ab54:3867",64278,1,86,1,86,0,0
"192.168.1.31",64279,28,3063,15,1475,13,1588
"192.168.1.31",64280,28,3065,15,1477,13,1588
"2001:14ba:a051:8c00:15a0:90ff:ab54:3867",64281,1,86,1,86,0,0
"192.168.1.31",64282,192,193886,46,3772,146,190114
"192.168.1.31",64283,18,2300,8,1120,10,1180
"2001:14ba:a051:8c00:15a0:90ff:ab54:3867",64284,1,86,1,86,0,0
"2001:14ba:a051:8c00:15a0:90ff:ab54:3867",64285,1,86,1,86,0,0
"192.168.1.31",64286,3622,4709857,504,38581,3118,4671276
"192.168.1.31",64287,29,2479,14,1344,15,1135
"192.168.1.31",64303,20,1562,14,877,6,685
"192.168.1.31",64304,22,2395,13,1284,9,1111
"192.168.1.31",64306,24,5741,14,2076,10,3665
"192.168.1.31",64316,33,10776,15,3204,18,7572
"192.168.1.31",64317,31,10077,14,2842,17,7235
"192.168.1.31",64318,33,10176,15,2881,18,7295
"192.168.1.31",64323,24,5741,14,2075,10,3666
"2001:14ba:a051:8c00:15a0:90ff:ab54:3867",64326,1,86,1,86,0,0
"192.168.1.31",64327,28,3065,15,1477,13,1588
"2001:14ba:a051:8c00:15a0:90ff:ab54:3867",64330,1,86,1,86,0,0
"192.168.1.31",64331,26,2942,14,1420,12,1522
"2001:14ba:a051:8c00:15a0:90ff:ab54:3867",64332,1,86,1,86,0,0
"192.168.1.31",64333,36,6841,19,4219,17,2622
"192.168.1.31",64334,42,4022,21,1807,21,2215
"2001:14ba:a051:8c00:15a0:90ff:ab54:3867",64335,1,86,1,86,0,0
"2001:14ba:a051:8c00:15a0:90ff:ab54:3867",64336,1,86,1,86,0,0
"192.168.1.31",64337,2799,3603728,403,29311,2396,3574417
"192.168.1.31",64338,39,3085,19,1620,20,1465
"192.168.1.31",64340,37,13682,19,2121,18,11561
"192.168.1.31",64343,13,5782,6,609,7,5173
"192.168.1.31",64346,30,4300,16,2545,14,1755
"2001:14ba:a051:8c00:15a0:90ff:ab54:3867",64348,1,86,1,86,0,0
"2001:14ba:a051:8c00:15a0:90ff:ab54:3867",64349,1,86,1,86,0,0
"192.168.1.31",64350,30,10058,12,2075,18,7983
"192.168.1.31",64351,21,8498,8,1386,13,7112
"2001:14ba:a051:8c00:15a0:90ff:ab54:3867",64352,1,86,1,86,0,0
"2001:14ba:a051:8c00:15a0:90ff:ab54:3867",64353,1,86,1,86,0,0
"192.168.1.31",64355,40,16825,16,5996,24,10829
"192.168.1.31",64356,21,8530,8,1418,13,7112
"2001:14ba:a051:8c00:15a0:90ff:ab54:3867",64357,1,86,1,86,0,0
"2001:14ba:a051:8c00:15a0:90ff:ab54:3867",64358,1,86,1,86,0,0
"192.168.1.31",64359,34,14395,14,3913,20,10482
"192.168.1.31",64360,21,9870,8,1444,13,8426
"192.168.1.31",64365,106,22220,44,11015,62,11205
"192.168.1.31",64366,37,8764,18,2300,19,6464
"192.168.1.31",64367,1329,403440,551,324409,778,79031
"192.168.1.31",64369,46,10477,22,2695,24,7782
"192.168.1.31",64371,1482,875829,551,163486,931,712343
"192.168.1.31",64372,42,7264,17,2122,25,5142
"192.168.1.31",64373,406,133733,195,118714,211,15019
"192.168.1.31",64374,32,6448,16,1953,16,4495
"192.168.1.31",64375,307,141476,131,13784,176,127692
"192.168.1.31",64376,33,6836,16,1956,17,4880
"192.168.1.31",64377,67,8819,33,5297,34,3522
"192.168.1.31",64379,28,8952,13,2198,15,6754
"192.168.1.31",64381,29,5141,13,2774,16,2367
"192.168.1.31",64383,21,5855,10,1488,11,4367
"192.168.1.31",64384,21,5856,10,1488,11,4368
"192.168.1.31",64385,32,6692,16,1943,16,4749
"192.168.1.31",64386,21,5855,10,1488,11,4367
"2001:14ba:a051:8c00:15a0:90ff:ab54:3867",64391,1,86,1,86,0,0
"192.168.1.31",64392,26,4085,13,1821,13,2264
"192.168.1.31",64393,27,5021,13,2774,14,2247
"192.168.1.31",64395,27,5020,13,2773,14,2247
"192.168.1.31",64400,30,10292,16,4457,14,5835
"192.168.1.31",64403,24,8688,12,3078,12,5610
"192.168.1.31",64411,28,5086,12,2720,16,2366
"2001:14ba:a051:8c00:15a0:90ff:ab54:3867",64412,1,86,1,86,0,0
"192.168.1.31",64413,42,4022,21,1807,21,2215
"192.168.1.31",64415,552,205012,193,41276,359,163736
"192.168.1.31",64416,203,58581,76,10624,127,47957
"192.168.1.31",64418,307,113881,166,67484,141,46397
"192.168.1.31",64426,34,9978,14,1969,20,8009
"192.168.1.31",64427,629,578037,155,14435,474,563602
"192.168.1.31",64428,33,11039,16,2161,17,8878
"192.168.1.31",64429,21,5534,10,1081,11,4453
"192.168.1.31",64430,46,8816,23,5353,23,3463
"192.168.1.31",64431,39,10303,19,2446,20,7857
"192.168.1.31",64432,38,10191,19,2434,19,7757
"192.168.1.31",64433,8,486,5,294,3,192
"192.168.1.31",64434,26,8789,11,1566,15,7223
"192.168.1.31",64435,2653,1215112,1052,167284,1601,1047828
"192.168.1.31",64436,23,8617,10,1514,13,7103
"192.168.1.31",64437,14093,15312468,1672,122208,12421,15190260
"192.168.1.31",64438,5651,6105933,783,54736,4868,6051197
"192.168.1.31",64439,5093,5690979,691,49281,4402,5641698
"192.168.1.31",64440,22,8557,10,1514,12,7043
"192.168.1.31",64441,574,606023,88,8480,486,597543
"192.168.1.31",64442,477,492008,79,8310,398,483698
"192.168.1.31",64444,528,565191,80,8180,448,557011
"192.168.1.31",64445,29,5139,13,2773,16,2366
"192.168.1.31",64451,55,30333,21,3701,34,26632
"192.168.1.31",64453,50,21995,20,3842,30,18153
"192.168.1.31",64456,20,1562,14,877,6,685
"192.168.1.31",64457,22,2395,13,1284,9,1111
"192.168.1.31",64462,34,8638,15,2295,19,6343
"192.168.1.31",64466,30,6684,14,2969,16,3715
"192.168.1.31",64470,39,7125,19,4200,20,2925
"192.168.1.31",64480,29,5141,13,2774,16,2367
"192.168.1.31",64481,40,10469,22,5166,18,5303
"192.168.1.31",64483,108,48745,52,6292,56,42453
"192.168.1.31",64487,36,6110,19,3305,17,2805
"192.168.1.31",64495,185,178305,34,4274,151,174031
"192.168.1.31",64496,971,1071033,133,11981,838,1059052
"192.168.1.31",64498,205,196556,42,5130,163,191426
"192.168.1.31",64500,24,8687,12,3078,12,5609
"192.168.1.31",64508,3015,3301066,393,33029,2622,3268037
"192.168.1.31",64510,1254,1392307,162,13704,1092,1378603
"192.168.1.31",64514,37,8763,18,2300,19,6463
"192.168.1.31",64517,99,71245,30,4136,69,67109
"192.168.1.31",64519,44,15032,22,4776,22,10256
"192.168.1.31",64522,31,7099,16,1958,15,5141
"192.168.1.31",64523,35,7177,20,5017,15,2160
"192.168.1.31",64526,19,9266,9,2681,10,6585
"192.168.1.31",64527,17,9144,8,2619,9,6525
"192.168.1.31",64528,25,11060,13,4343,12,6717
"192.168.1.31",64529,20,10724,9,4079,11,6645
"192.168.1.31",64530,21,12202,11,5605,10,6597
"192.168.1.31",64531,19,9266,9,2681,10,6585
"192.168.1.31",64532,29,5141,13,2775,16,2366
"192.168.1.31",64533,28,5080,13,2774,15,2306
"192.168.1.31",64535,26,4967,12,2720,14,2247
"192.168.1.31",64536,32,29775,10,3025,22,26750
"192.168.1.31",64537,111,94646,32,5815,79,88831
"192.168.1.31",64538,37,10761,15,2642,22,8119
"192.168.1.31",64539,1179,725892,442,132528,737,593364
"192.168.1.31",64540,3162,980204,1388,198304,1774,781900
"192.168.1.31",64541,44,7472,22,4645,22,2827
"192.168.1.31",64542,16,3168,9,1963,7,1205
"192.168.1.31",64543,44,6156,19,3979,25,2177
"192.168.1.31",64544,558,182584,265,162020,293,20564
"192.168.1.31",64545,27,5020,13,2773,14,2247
"192.168.1.31",64547,32,6448,16,1953,16,4495
"192.168.1.31",64548,341,144848,152,15291,189,129557
"192.168.1.31",64549,33,6835,16,1956,17,4879
"192.168.1.31",64550,87,10629,43,6182,44,4447
"192.168.1.31",64551,9207,10436497,1130,76050,8077,10360447
"192.168.1.31",64552,4724,5276076,652,46506,4072,5229570
"192.168.1.31",64553,4697,5264586,567,41748,4130,5222838
"192.168.1.31",64563,24,6902,14,1275,10,5627
"192.168.1.31",64564,10,1549,6,572,4,977
"192.168.1.31",64569,33,6751,16,1943,17,4808
"192.168.1.31",64570,34,4359,18,1865,16,2494
"192.168.1.31",64571,6,354,4,228,2,126
"192.168.1.31",64572,30,5195,14,2828,16,2367
"192.168.1.31",64574,13,1846,7,958,6,888
"192.168.1.31",64581,20,1562,14,877,6,685
"192.168.1.31",64582,26,6561,14,1380,12,5181
"192.168.1.31",64589,10,1809,6,563,4,1246
"192.168.1.31",64590,10,1392,6,563,4,829
"192.168.1.31",64591,10,1004,6,543,4,461
"192.168.1.31",64595,38,10145,18,2356,20,7789
"192.168.1.31",64598,30,5237,13,2785,17,2452
"192.168.1.31",64604,25,9056,12,3090,13,5966
"192.168.1.31",64625,41,10924,21,3137,20,7787
"192.168.1.31",64628,31,22098,14,6342,17,15756
"192.168.1.31",64629,24,14212,15,9536,9,4676
"192.168.1.31",64630,21,9969,12,5293,9,4676
"192.168.1.31",64634,32,3078,17,1376,15,1702
"192.168.1.31",64637,92,25980,41,14543,51,11437
"192.168.1.31",64646,19,6255,8,1211,11,5044
"192.168.1.31",64653,32,4701,17,2758,15,1943
"192.168.1.31",64663,40,10859,19,3028,21,7831
"192.168.1.31",64668,31,9934,17,4100,14,5834
"192.168.1.31",64669,20,1562,14,877,6,685
"192.168.1.31",64670,26,6562,14,1380,12,5182
"192.168.1.31",64674,24,8688,12,3078,12,5610
"192.168.1.31",64682,70,14411,32,8426,38,5985
"2001:14ba:a051:8c00:15a0:90ff:ab54:3867",64684,1,86,1,86,0,0
"192.168.1.31",64685,18,2458,10,1200,8,1258
"2001:14ba:a051:8c00:15a0:90ff:ab54:3867",64686,1,86,1,86,0,0
"192.168.1.31",64687,13,2071,6,949,7,1122
"192.168.1.31",64688,18,2460,10,1202,8,1258
"192.168.1.31",64698,24,5742,14,2076,10,3666
"192.168.1.31",64702,39,10800,19,3029,20,7771
"2001:14ba:a051:8c00:15a0:90ff:ab54:3867",64706,1,86,1,86,0,0
"2001:14ba:a051:8c00:15a0:90ff:ab54:3867",64707,1,86,1,86,0,0
"192.168.1.31",64708,22,2702,12,1312,10,1390
"2001:14ba:a051:8c00:15a0:90ff:ab54:3867",64709,1,86,1,86,0,0
"192.168.1.31",64710,42,4020,21,1805,21,2215
"2001:14ba:a051:8c00:15a0:90ff:ab54:3867",64711,1,86,1,86,0,0
"192.168.1.31",64712,31,7056,12,1653,19,5403
"192.168.1.31",64713,18,2300,8,1120,10,1180
"2001:14ba:a051:8c00:15a0:90ff:ab54:3867",64715,1,86,1,86,0,0
"2001:14ba:a051:8c00:15a0:90ff:ab54:3867",64716,1,86,1,86,0,0
"192.168.1.31",64717,5683,7404962,770,53408,4913,7351554
"192.168.1.31",64718,24,2176,11,1179,13,997
"192.168.1.31",64723,197,161200,72,42561,125,118639
"192.168.1.31",64724,27,8721,14,3011,13,5710
"192.168.1.31",64725,1520,393752,677,46032,843,347720
"192.168.1.31",64726,45,23116,27,17901,18,5215
"192.168.1.31",64727,34,8642,14,2241,20,6401
"192.168.1.31",64728,30,11332,14,5442,16,5890
"192.168.1.31",64729,21,5023,12,1340,9,3683
"192.168.1.31",64730,23,9501,10,1232,13,8269
"192.168.1.31",64731,23,8729,10,1480,13,7249
"192.168.1.31",64732,273,334087,49,3405,224,330682
"192.168.1.31",64733,10,1303,6,671,4,632
"192.168.1.31",64734,27,10098,14,4423,13,5675
"2001:14ba:a051:8c00:15a0:90ff:ab54:3867",64735,1,86,1,86,0,0
"192.168.1.31",64737,20,2579,11,1255,9,1324
"192.168.1.31",64738,27,6232,13,2914,14,3318
"192.168.1.31",64739,31,7932,16,1955,15,5977
"192.168.1.31",64740,57,7102,23,3680,34,3422
"192.168.1.31",64741,42,8777,20,2109,22,6668
"192.168.1.31",64743,26,9014,13,3303,13,5711
"192.168.1.31",64747,46,13656,23,6394,23,7262
"192.168.1.31",64764,40,10860,19,3029,21,7831
"192.168.1.31",64773,24,8687,12,3078,12,5609
"192.168.1.31",64779,22,5631,12,1967,10,3664
"192.168.1.31",64783,57,10467,27,5184,30,5283
"192.168.1.31",64784,33,7213,17,2012,16,5201
"2001:14ba:a051:8c00:15a0:90ff:ab54:3867",64786,1,86,1,86,0,0
"2001:14ba:a051:8c00:15a0:90ff:ab54:3867",64787,1,86,1,86,0,0
"192.168.1.31",64788,20,2579,11,1255,9,1324
"192.168.1.31",64789,20,2581,11,1257,9,1324
"192.168.1.31",64791,20,1562,14,877,6,685
"192.168.1.31",64793,22,2395,13,1284,9,1111
"192.168.1.31",64796,28,5086,12,2720,16,2366
"192.168.1.31",64797,43,14829,21,4726,22,10103
"192.168.1.31",64804,37,10686,18,2975,19,7711
"192.168.1.31",64809,671,66439,280,25416,391,41023
"192.168.1.31",64813,39,8329,21,5880,18,2449
"192.168.1.31",64814,28,4041,16,2470,12,1571
"192.168.1.31",64815,6697,1057946,3736,535325,2961,522621
"2001:14ba:a051:8c00:15a0:90ff:ab54:3867",64819,1,86,1,86,0,0
"192.168.1.31",64820,22,2700,12,1310,10,1390
"2001:14ba:a051:8c00:15a0:90ff:ab54:3867",64821,1,86,1,86,0,0
"2001:14ba:a051:8c00:15a0:90ff:ab54:3867",64822,1,86,1,86,0,0
"2001:14ba:a051:8c00:15a0:90ff:ab54:3867",64823,1,86,1,86,0,0
"192.168.1.31",64824,16,2339,9,1147,7,1192
"192.168.1.31",64825,31,6311,13,1706,18,4605
"192.168.1.31",64826,19,2353,9,1173,10,1180
"192.168.1.31",64832,31,10891,17,5157,14,5734
"192.168.1.31",64834,31,7851,16,1949,15,5902
"2001:14ba:a051:8c00:15a0:90ff:ab54:3867",64840,1,86,1,86,0,0
"192.168.1.31",64841,18,2460,10,1202,8,1258
"192.168.1.31",64851,40,10870,20,3083,20,7787
"192.168.1.31",64852,25,7691,12,1225,13,6466
"2001:14ba:a051:8c00:15a0:90ff:ab54:3867",64857,1,86,1,86,0,0
"2001:14ba:a051:8c00:15a0:90ff:ab54:3867",64858,1,86,1,86,0,0
"192.168.1.31",64859,18,2458,10,1200,8,1258
"2001:14ba:a051:8c00:15a0:90ff:ab54:3867",64860,1,86,1,86,0,0
"2001:14ba:a051:8c00:15a0:90ff:ab54:3867",64861,1,86,1,86,0,0
"2001:14ba:a051:8c00:15a0:90ff:ab54:3867",64862,1,86,1,86,0,0
"2001:14ba:a051:8c00:15a0:90ff:ab54:3867",64863,1,86,1,86,0,0
"192.168.1.31",64864,199,192264,51,4170,148,188094
"2001:14ba:a051:8c00:15a0:90ff:ab54:3867",64865,1,86,1,86,0,0
"192.168.1.31",64867,18,2300,8,1120,10,1180
"192.168.1.31",64868,168,171267,40,3486,128,167781
"192.168.1.31",64869,19,2354,9,1174,10,1180
"2001:14ba:a051:8c00:15a0:90ff:ab54:3867",64870,1,86,1,86,0,0
"2001:14ba:a051:8c00:15a0:90ff:ab54:3867",64871,1,86,1,86,0,0
"192.168.1.31",64872,4167,5399875,582,39901,3585,5359974
"192.168.1.31",64873,23,2116,11,1179,12,937
"192.168.1.31",64876,24,8687,12,3078,12,5609
"192.168.1.31",64885,36,14994,16,1971,20,13023
"2001:14ba:a051:8c00:15a0:90ff:ab54:3867",64888,1,86,1,86,0,0
"192.168.1.31",64889,16,2339,9,1147,7,1192
"2001:14ba:a051:8c00:15a0:90ff:ab54:3867",64898,1,86,1,86,0,0
"2001:14ba:a051:8c00:15a0:90ff:ab54:3867",64899,1,86,1,86,0,0
"2001:14ba:a051:8c00:15a0:90ff:ab54:3867",64900,1,86,1,86,0,0
"2001:14ba:a051:8c00:15a0:90ff:ab54:3867",64901,1,86,1,86,0,0
"192.168.1.31",64902,18,2460,10,1202,8,1258
"2001:14ba:a051:8c00:15a0:90ff:ab54:3867",64903,1,86,1,86,0,0
"2001:14ba:a051:8c00:15a0:90ff:ab54:3867",64904,1,86,1,86,0,0
"2001:14ba:a051:8c00:15a0:90ff:ab54:3867",64905,1,86,1,86,0,0
"192.168.1.31",64906,234,254398,38,3216,196,251182
"192.168.1.31",64907,158,152554,41,3648,117,148906
"192.168.1.31",64909,18,2300,8,1120,10,1180
"192.168.1.31",64910,18,2300,8,1120,10,1180
"192.168.1.31",64912,39,10810,20,3083,19,7727
"192.168.1.31",64915,34,10849,16,3276,18,7573
"192.168.1.31",64916,34,10850,16,3276,18,7574
"192.168.1.31",64917,36,10933,17,3300,19,7633
"192.168.1.31",64919,23,6959,11,2004,12,4955
"192.168.1.31",64921,20,1562,14,877,6,685
"192.168.1.31",64923,21,2341,12,1230,9,1111
"2001:14ba:a051:8c00:15a0:90ff:ab54:3867",64932,1,86,1,86,0,0
"192.168.1.31",64933,22,2702,12,1312,10,1390
"2001:14ba:a051:8c00:15a0:90ff:ab54:3867",64934,1,86,1,86,0,0
"2001:14ba:a051:8c00:15a0:90ff:ab54:3867",64935,1,86,1,86,0,0
"2001:14ba:a051:8c00:15a0:90ff:ab54:3867",64936,1,86,1,86,0,0
"192.168.1.31",64937,22,2700,12,1310,10,1390
"2001:14ba:a051:8c00:15a0:90ff:ab54:3867",64938,1,86,1,86,0,0
"2001:14ba:a051:8c00:15a0:90ff:ab54:3867",64939,1,86,1,86,0,0
"2001:14ba:a051:8c00:15a0:90ff:ab54:3867",64940,1,86,1,86,0,0
"2001:14ba:a051:8c00:15a0:90ff:ab54:3867",64941,1,86,1,86,0,0
"192.168.1.31",64942,201,213129,41,3498,160,209631
"192.168.1.31",64943,109,100257,27,2712,82,97545
"192.168.1.31",64944,18,2300,8,1120,10,1180
"192.168.1.31",64945,18,2300,8,1120,10,1180
"2001:14ba:a051:8c00:15a0:90ff:ab54:3867",64946,1,86,1,86,0,0
"2001:14ba:a051:8c00:15a0:90ff:ab54:3867",64947,1,86,1,86,0,0
"192.168.1.31",64948,3187,4175559,420,32137,2767,4143422
"192.168.1.31",64949,19,1669,9,1008,10,661
"2001:14ba:a051:8c00:15a0:90ff:ab54:3867",64951,1,86,1,86,0,0
"2001:14ba:a051:8c00:15a0:90ff:ab54:3867",64952,1,86,1,86,0,0
"192.168.1.31",64953,30,10143,12,2160,18,7983
"192.168.1.31",64954,21,8530,8,1418,13,7112
"2001:14ba:a051:8c00:15a0:90ff:ab54:3867",64956,1,86,1,86,0,0
"2001:14ba:a051:8c00:15a0:90ff:ab54:3867",64957,1,86,1,86,0,0
"192.168.1.31",64958,39,16809,16,5996,23,10813
"2001:14ba:a051:8c00:15a0:90ff:ab54:3867",64959,1,86,1,86,0,0
"192.168.1.31",64960,21,8530,8,1418,13,7112
"2001:14ba:a051:8c00:15a0:90ff:ab54:3867",64961,1,86,1,86,0,0
"192.168.1.31",64962,36,14845,15,4312,21,10533
"192.168.1.31",64963,22,9860,9,1434,13,8426
"192.168.1.31",64968,8590,979349,4213,240496,4377,738853
"192.168.1.31",64977,38,10159,19,2416,19,7743
"192.168.1.31",64978,56,29785,22,3787,34,25998
"2001:14ba:a051:8c00:15a0:90ff:ab54:3867",64990,1,86,1,86,0,0
"2001:14ba:a051:8c00:15a0:90ff:ab54:3867",64991,1,86,1,86,0,0
"192.168.1.31",64992,14,2216,8,1090,6,1126
"2001:14ba:a051:8c00:15a0:90ff:ab54:3867",64993,1,86,1,86,0,0
"2001:14ba:a051:8c00:15a0:90ff:ab54:3867",64994,1,86,1,86,0,0
"2001:14ba:a051:8c00:15a0:90ff:ab54:3867",64995,1,86,1,86,0,0
"192.168.1.31",64996,121,98901,38,3289,83,95612
"192.168.1.31",64997,18,2300,8,1120,10,1180
"2001:14ba:a051:8c00:15a0:90ff:ab54:3867",64998,1,86,1,86,0,0
"2001:14ba:a051:8c00:15a0:90ff:ab54:3867",64999,1,86,1,86,0,0
"192.168.1.31",65000,121,105614,36,3306,85,102308
"192.168.1.31",65002,19,2353,9,1173,10,1180
"2001:14ba:a051:8c00:15a0:90ff:ab54:3867",65008,1,86,1,86,0,0
"192.168.1.31",65010,30,3186,16,1532,14,1654
"192.168.1.31",65019,37,14322,19,5261,18,9061
"192.168.1.31",65024,34,6563,17,2026,17,4537
"2001:14ba:a051:8c00:15a0:90ff:ab54:3867",65025,1,86,1,86,0,0
"192.168.1.31",65026,36,6831,19,4219,17,2612
"192.168.1.31",65027,14,2218,8,1092,6,1126
"192.168.1.31",65028,40,10859,19,3028,21,7831
"2001:14ba:a051:8c00:15a0:90ff:ab54:3867",65029,1,86,1,86,0,0
"2001:14ba:a051:8c00:15a0:90ff:ab54:3867",65031,1,86,1,86,0,0
"192.168.1.31",65032,3383,4367852,481,35427,2902,4332425
"192.168.1.31",65033,15,1632,7,959,8,673
"192.168.1.31",65035,10,1126,6,618,4,508
"2001:14ba:a051:8c00:15a0:90ff:ab54:3867",65040,1,86,1,86,0,0
"192.168.1.31",65041,14,2216,8,1090,6,1126
"192.168.1.31",65045,36,8758,15,2295,21,6463
"192.168.1.31",65049,28,10104,14,2395,14,7709
"2001:14ba:a051:8c00:15a0:90ff:ab54:3867",65052,1,86,1,86,0,0
"192.168.1.31",65053,16,2337,9,1145,7,1192
"192.168.1.31",65056,33,8008,16,1961,17,6047
"192.168.1.31",65061,20,1562,14,877,6,685
"192.168.1.31",65063,26,6562,14,1380,12,5182
"192.168.1.31",65065,42,11088,22,3252,20,7836
"192.168.1.31",65066,176,60883,80,9681,96,51202
"192.168.1.31",65068,4,264,1,66,3,198
"192.168.1.31",65069,25,9977,12,2697,13,7280
"192.168.1.31",65073,10,1146,6,620,4,526
"2001:14ba:a051:8c00:15a0:90ff:ab54:3867",65076,1,86,1,86,0,0
"192.168.1.31",65077,28,3065,15,1477,13,1588
"2001:14ba:a051:8c00:15a0:90ff:ab54:3867",65078,1,86,1,86,0,0
"2001:14ba:a051:8c00:15a0:90ff:ab54:3867",65079,1,86,1,86,0,0
"2001:14ba:a051:8c00:15a0:90ff:ab54:3867",65080,1,86,1,86,0,0
"192.168.1.31",65081,28,3063,15,1475,13,1588
"192.168.1.31",65082,28,3063,15,1475,13,1588
"2001:14ba:a051:8c00:15a0:90ff:ab54:3867",65083,1,86,1,86,0,0
"192.168.1.31",65084,114,99531,33,3084,81,96447
"192.168.1.31",65085,19,2354,9,1174,10,1180
"2001:14ba:a051:8c00:15a0:90ff:ab54:3867",65086,1,86,1,86,0,0
"2001:14ba:a051:8c00:15a0:90ff:ab54:3867",65087,1,86,1,86,0,0
"2001:14ba:a051:8c00:15a0:90ff:ab54:3867",65088,1,86,1,86,0,0
"2001:14ba:a051:8c00:15a0:90ff:ab54:3867",65089,1,86,1,86,0,0
"192.168.1.31",65091,92,48401,30,3173,62,45228
"192.168.1.31",65092,19,2354,9,1174,10,1180
"192.168.1.31",65099,24,5741,14,2076,10,3665
"192.168.1.31",65103,29,11698,15,5417,14,6281
"192.168.1.31",65110,28,9488,14,3718,14,5770
"192.168.1.31",65114,23,5692,12,1967,11,3725
"192.168.1.31",65118,44,14930,22,4777,22,10153
"192.168.1.31",65126,38,10145,18,2356,20,7789
"2001:14ba:a051:8c00:15a0:90ff:ab54:3867",65131,1,86,1,86,0,0
"2001:14ba:a051:8c00:15a0:90ff:ab54:3867",65132,1,86,1,86,0,0
"192.168.1.31",65133,231,253192,43,3618,188,249574
"2001:14ba:a051:8c00:15a0:90ff:ab54:3867",65134,1,86,1,86,0,0
"192.168.1.31",65135,18,2300,8,1120,10,1180
"2001:14ba:a051:8c00:15a0:90ff:ab54:3867",65136,1,86,1,86,0,0
"192.168.1.31",65137,90,84915,18,2203,72,82712
"192.168.1.31",65138,18,2300,8,1120,10,1180
"2001:14ba:a051:8c00:15a0:90ff:ab54:3867",65140,1,86,1,86,0,0
"2001:14ba:a051:8c00:15a0:90ff:ab54:3867",65141,1,86,1,86,0,0
"192.168.1.31",65142,15441,20207237,2105,144876,13336,20062361
"192.168.1.31",65143,23,2116,11,1179,12,937
"192.168.1.31",65155,32,4457,16,2557,16,1900
"192.168.1.31",65163,43,10526,23,2672,20,7854
"192.168.1.31",65164,28,10151,13,2751,15,7400
"192.168.1.31",65165,163,54539,75,9075,88,45464
"2001:14ba:a051:8c00:15a0:90ff:ab54:3867",65173,1,86,1,86,0,0
"2001:14ba:a051:8c00:15a0:90ff:ab54:3867",65174,1,86,1,86,0,0
"2001:14ba:a051:8c00:15a0:90ff:ab54:3867",65175,1,86,1,86,0,0
"2001:14ba:a051:8c00:15a0:90ff:ab54:3867",65176,1,86,1,86,0,0
"192.168.1.31",65177,18,2460,10,1202,8,1258
"2001:14ba:a051:8c00:15a0:90ff:ab54:3867",65178,1,86,1,86,0,0
"2001:14ba:a051:8c00:15a0:90ff:ab54:3867",65179,1,86,1,86,0,0
"192.168.1.31",65180,229,227004,47,3989,182,223015
"2001:14ba:a051:8c00:15a0:90ff:ab54:3867",65181,1,86,1,86,0,0
"192.168.1.31",65182,260,278006,58,4929,202,273077
"192.168.1.31",65183,19,2354,9,1174,10,1180
"192.168.1.31",65184,26,2297,12,1234,14,1063
"192.168.1.31",65189,20,1562,14,877,6,685
"192.168.1.31",65190,27,6617,15,1434,12,5183
"2001:14ba:a051:8c00:15a0:90ff:ab54:3867",65203,1,86,1,86,0,0
"192.168.1.31",65204,16,2337,9,1145,7,1192
"192.168.1.31",65209,25,7771,13,2750,12,5021
"192.168.1.31",65216,37,10061,19,2410,18,7651
"192.168.1.31",65218,14,1872,8,1012,6,860
"2001:14ba:a051:8c00:15a0:90ff:ab54:3867",65220,1,86,1,86,0,0
"2001:14ba:a051:8c00:15a0:90ff:ab54:3867",65221,1,86,1,86,0,0
"192.168.1.31",65222,18,2458,10,1200,8,1258
"192.168.1.31",65223,18,2458,10,1200,8,1258
"2001:14ba:a051:8c00:15a0:90ff:ab54:3867",65224,1,86,1,86,0,0
"2001:14ba:a051:8c00:15a0:90ff:ab54:3867",65225,1,86,1,86,0,0
"2001:14ba:a051:8c00:15a0:90ff:ab54:3867",65226,1,86,1,86,0,0
"2001:14ba:a051:8c00:15a0:90ff:ab54:3867",65227,1,86,1,86,0,0
"192.168.1.31",65228,320,373041,57,4350,263,368691
"192.168.1.31",65229,19,2353,9,1173,10,1180
"2001:14ba:a051:8c00:15a0:90ff:ab54:3867",65238,1,86,1,86,0,0
"192.168.1.31",65239,22,2702,12,1312,10,1390
"2001:14ba:a051:8c00:15a0:90ff:ab54:3867",65246,1,86,1,86,0,0
"192.168.1.31",65247,18,2460,10,1202,8,1258
"192.168.1.31",65249,33,4474,17,2599,16,1875
"192.168.1.31",65263,41,10924,21,3137,20,7787
"192.168.1.31",65268,26,8546,14,2932,12,5614
"2001:14ba:a051:8c00:15a0:90ff:ab54:3867",65269,1,86,1,86,0,0
"2001:14ba:a051:8c00:15a0:90ff:ab54:3867",65270,1,86,1,86,0,0
"192.168.1.31",65271,20,2579,11,1255,9,1324
"2001:14ba:a051:8c00:15a0:90ff:ab54:3867",65272,1,86,1,86,0,0
"2001:14ba:a051:8c00:15a0:90ff:ab54:3867",65273,1,86,1,86,0,0
"2001:14ba:a051:8c00:15a0:90ff:ab54:3867",65274,1,86,1,86,0,0
"2001:14ba:a051:8c00:15a0:90ff:ab54:3867",65275,1,86,1,86,0,0
"192.168.1.31",65276,69,41142,23,2406,46,38736
"2001:14ba:a051:8c00:15a0:90ff:ab54:3867",65277,1,86,1,86,0,0
"192.168.1.31",65278,118,93751,40,3582,78,90169
"192.168.1.31",65279,19,2354,9,1174,10,1180
"192.168.1.31",65280,18,2300,8,1120,10,1180
"192.168.1.31",65287,10,1809,6,563,4,1246
"192.168.1.31",65288,10,1392,6,563,4,829
"192.168.1.31",65289,10,1006,6,543,4,463
"192.168.1.31",65298,20,1562,14,877,6,685
"192.168.1.31",65299,27,6616,15,1434,12,5182
"2001:14ba:a051:8c00:15a0:90ff:ab54:3867",65306,1,86,1,86,0,0
"192.168.1.31",65307,14,2216,8,1090,6,1126
"2001:14ba:a051:8c00:15a0:90ff:ab54:3867",65308,1,86,1,86,0,0
"2001:14ba:a051:8c00:15a0:90ff:ab54:3867",65309,1,86,1,86,0,0
"192.168.1.31",65310,161,169428,33,3168,128,166260
"192.168.1.31",65311,19,2353,9,1173,10,1180
"2001:14ba:a051:8c00:15a0:90ff:ab54:3867",65312,1,86,1,86,0,0
"192.168.1.31",65313,20,2581,11,1257,9,1324
"2001:14ba:a051:8c00:15a0:90ff:ab54:3867",65314,1,86,1,86,0,0
"2001:14ba:a051:8c00:15a0:90ff:ab54:3867",65315,1,86,1,86,0,0
"192.168.1.31",65316,31,6030,13,1706,18,4324
"192.168.1.31",65317,18,2300,8,1120,10,1180
"192.168.1.31",65321,39,10805,18,2974,21,7831
"2001:14ba:a051:8c00:15a0:90ff:ab54:3867",65325,1,86,1,86,0,0
"192.168.1.31",65326,16,2337,9,1145,7,1192
"192.168.1.31",65332,36,8752,16,2349,20,6403
"192.168.1.31",65333,32,7155,16,1954,16,5201
"192.168.1.31",65334,31,7093,17,2012,14,5081
"192.168.1.31",65337,18,11594,7,1150,11,10444
"192.168.1.31",65338,22,13204,8,1240,14,11964
"192.168.1.31",65339,15,6051,6,1073,9,4978
"192.168.1.31",65340,35,8538,17,2021,18,6517
"192.168.1.31",65342,46,6350,19,3384,27,2966
"192.168.1.31",65343,440,544525,65,4803,375,539722
"192.168.1.31",65344,44,9357,20,2133,24,7224
"192.168.1.31",65345,23,6680,11,1142,12,5538
"2001:14ba:a051:8c00:15a0:90ff:ab54:3867",65348,1,86,1,86,0,0
"192.168.1.31",65349,18,2460,10,1202,8,1258
"2001:14ba:a051:8c00:15a0:90ff:ab54:3867",65351,1,86,1,86,0,0
"2001:14ba:a051:8c00:15a0:90ff:ab54:3867",65352,1,86,1,86,0,0
"192.168.1.31",65353,18,2458,10,1200,8,1258
"2001:14ba:a051:8c00:15a0:90ff:ab54:3867",65354,1,86,1,86,0,0
"2001:14ba:a051:8c00:15a0:90ff:ab54:3867",65355,1,86,1,86,0,0
"192.168.1.31",65356,35,6781,18,4167,17,2614
"192.168.1.31",65357,143,132580,37,3457,106,129123
"192.168.1.31",65358,18,2460,10,1202,8,1258
"2001:14ba:a051:8c00:15a0:90ff:ab54:3867",65359,1,86,1,86,0,0
"192.168.1.31",65360,18,2300,8,1120,10,1180
"2001:14ba:a051:8c00:15a0:90ff:ab54:3867",65361,1,86,1,86,0,0
"2001:14ba:a051:8c00:15a0:90ff:ab54:3867",65362,1,86,1,86,0,0
"192.168.1.31",65363,129,128911,25,2434,104,126477
"192.168.1.31",65364,19,2354,9,1174,10,1180
"2001:14ba:a051:8c00:15a0:90ff:ab54:3867",65366,1,86,1,86,0,0
"2001:14ba:a051:8c00:15a0:90ff:ab54:3867",65367,1,86,1,86,0,0
"192.168.1.31",65368,4784,6253613,646,42408,4138,6211205
"192.168.1.31",65369,15,1433,8,964,7,469
"192.168.1.31",65372,28,4180,16,2545,12,1635
"192.168.1.31",65373,7,462,1,66,6,396
"192.168.1.31",65374,276,286828,63,4671,213,282157
"192.168.1.31",65383,31,11115,15,2449,16,8666
"192.168.1.31",65384,23,7587,12,1632,11,5955
"192.168.1.31",65389,37,10686,18,2975,19,7711
"2001:14ba:a051:8c00:15a0:90ff:ab54:3867",65391,1,86,1,86,0,0
"2001:14ba:a051:8c00:15a0:90ff:ab54:3867",65392,1,86,1,86,0,0
"192.168.1.31",65393,34,6410,15,1814,19,4596
"192.168.1.31",65394,18,2300,8,1120,10,1180
"2001:14ba:a051:8c00:15a0:90ff:ab54:3867",65395,1,86,1,86,0,0
"192.168.1.31",65396,20,2581,11,1257,9,1324
"192.168.1.31",65417,44,16399,21,4733,23,11666
"192.168.1.31",65427,50,18374,24,2886,26,15488
"192.168.1.31",65428,70,45325,24,3895,46,41430
"192.168.1.31",65435,20,1562,14,877,6,685
"192.168.1.31",65436,26,6562,14,1380,12,5182
"192.168.1.31",65439,75,18548,33,7961,42,10587
"192.168.1.31",65442,22,5632,12,1967,10,3665
"192.168.1.31",65443,23,8762,10,1431,13,7331
"192.168.1.31",65445,76,49085,26,4003,50,45082
"2001:14ba:a051:8c00:15a0:90ff:ab54:3867",65448,1,86,1,86,0,0
"2001:14ba:a051:8c00:15a0:90ff:ab54:3867",65449,1,86,1,86,0,0
"2001:14ba:a051:8c00:15a0:90ff:ab54:3867",65450,1,86,1,86,0,0
"192.168.1.31",65451,201,212009,43,3727,158,208282
"2001:14ba:a051:8c00:15a0:90ff:ab54:3867",65452,1,86,1,86,0,0
"192.168.1.31",65453,42,4020,21,1805,21,2215
"192.168.1.31",65454,19,2378,8,1132,11,1246
"2001:14ba:a051:8c00:15a0:90ff:ab54:3867",65455,1,86,1,86,0,0
"192.168.1.31",65456,133,138803,25,2581,108,136222
"192.168.1.31",65457,19,2354,9,1174,10,1180
"2001:14ba:a051:8c00:15a0:90ff:ab54:3867",65458,1,86,1,86,0,0
"2001:14ba:a051:8c00:15a0:90ff:ab54:3867",65459,1,86,1,86,0,0
"192.168.1.31",65460,3217,4105012,497,39315,2720,4065697
"192.168.1.31",65461,39,3085,19,1620,20,1465
"192.168.1.31",65465,74,48987,26,4003,48,44984
"192.168.1.31",65475,404,42322,170,15711,234,26611
"192.168.1.31",65477,24,5741,14,2076,10,3665
"192.168.1.31",65483,40,10329,19,2449,21,7880
"192.168.1.31",65484,22,7525,11,1171,11,6354
"192.168.1.31",65507,25,7949,13,2750,12,5199
"192.168.1.31",65517,40,10876,19,3028,21,7848
"192.168.1.31",65519,35,10898,16,3264,19,7634
"192.168.1.31",65520,34,10837,15,3203,19,7634
"192.168.1.31",65521,35,10909,16,3274,19,7635
